id,predictions,CLUSTER_ID
2.18850422086546E+018,"7 : 0.3626866, 2 : 0.3517687, 2 : 0.06963662",15
2.18495120848217E+018,"3 : 0.21981771, 3 : 0.07115125, 10 : 0.057324287",15
2.17900745488986E+018,"12 : 0.07829243, 2 : 0.068125024, 7 : 0.033343785",15
2.17770032886935E+018,"3 : 0.16803886, 3 : 0.07255365, 3 : 0.0705319",15
2.17623876439184E+018,"2 : 0.059283964, 7 : 0.050354593, 7 : 0.038388688",15
2.17349106526606E+018,"2 : 0.19939049, 13 : 0.058546916, 2 : 0.037855025",15
2.17175225234209E+018,"10 : 0.5311036, 2 : 0.03700175, 10 : 0.03041232",15
2.16821133856484E+018,"3 : 0.42875242, 3 : 0.0718056, 3 : 0.053673487",15
2.16690396844434E+018,"3 : 0.2811584, 3 : 0.2620177, 3 : 0.1408819",15
2.16682503718833E+018,"3 : 0.372964, 3 : 0.22628605, 3 : 0.040297516",15
2.1660502567401E+018,"3 : 0.3791778, 2 : 0.06648181, 3 : 0.04305768",15
2.1572295309206E+018,"3 : 0.9763557, 3 : 0.0022447335, 3 : 0.001578296",15
2.15432869797135E+018,"3 : 0.5394099, 3 : 0.2756589, 6 : 0.02231774",15
2.15219200097439E+018,"7 : 0.28495002, 7 : 0.17912437, 7 : 0.17310384",15
2.1492543650645E+018,"3 : 0.8458449, 3 : 0.056526635, 3 : 0.018253278",15
2.14895793396108E+018,"4 : 0.37436226, 2 : 0.30220369, 2 : 0.14743029",15
2.1444661435644E+018,"7 : 0.10290728, 13 : 0.07055101, 2 : 0.059363067",15
2.14223566006774E+018,"3 : 0.5110554, 7 : 0.15984492, 7 : 0.04139367",15
2.13996789466108E+018,"3 : 0.6884657, 3 : 0.1812134, 3 : 0.02123704",15
2.13636153052078E+018,"3 : 0.5041614, 3 : 0.27235958, 3 : 0.05024179",15
2.1349937759074E+018,"2 : 0.18500331, 8 : 0.08911706, 3 : 0.08500682",15
2.13403611825603E+018,"2 : 0.85096526, 7 : 0.107326314, 12 : 0.007780473",15
2.1276601021368E+018,"3 : 0.26619846, 3 : 0.25089204, 3 : 0.1298658",15
2.12551640917273E+018,"3 : 0.90541923, 3 : 0.06717288, 3 : 0.0036086238",15
2.12389013108034E+018,"3 : 0.72940767, 3 : 0.15461239, 3 : 0.009096608",15
2.10578112198284E+018,"3 : 0.21129918, 12 : 0.07354087, 3 : 0.031302076",15
2.09574709111632E+018,"10 : 0.11191521, 6 : 0.049678843, 9 : 0.021843571",15
2.09235038072905E+018,"3 : 0.11746625, 3 : 0.09098447, 3 : 0.0873978",15
2.09219816982288E+018,"3 : 0.5559454, 3 : 0.06332011, 2 : 0.03318652",15
2.07834225132655E+018,"14 : 0.116492294, 2 : 0.09232466, 7 : 0.0737496",15
2.07193587030656E+018,"2 : 0.87135404, 2 : 0.12712081, 7 : 0.000344944",15
2.06525132951271E+018,"9 : 0.67999285, 3 : 0.23974209, 3 : 0.017496016",15
2.06262199547401E+018,"2 : 0.9666521, 4 : 0.017817661, 2 : 0.0018020986",15
2.05654090618154E+018,"3 : 0.5486252, 3 : 0.105903216, 9 : 0.0449576",15
2.04355142556428E+018,"3 : 0.42746785, 3 : 0.17930324, 3 : 0.06623786",15
2.03352698575533E+018,"3 : 0.3264423, 3 : 0.044549022, 7 : 0.038399465",15
2.025384864427E+018,"3 : 0.106710926, 3 : 0.0794905, 3 : 0.048892364",15
2.02390713343248E+018,"3 : 0.3377182, 3 : 0.299806, 3 : 0.051583927",15
2.02114856285246E+018,"3 : 0.6717588, 3 : 0.04221991, 3 : 0.04117186",15
2.00950890417983E+018,"3 : 0.88936925, 12 : 0.008860936, 3 : 0.0069941664",15
2.00658497145352E+018,"13 : 0.11625637, 2 : 0.10985056, 3 : 0.072199196",15
1.99859961176707E+018,"3 : 0.19073775, 3 : 0.09112363, 3 : 0.058210213",15
1.99510893285651E+018,"5 : 0.50249267, 2 : 0.017964432, 2 : 0.01550005",15
1.99361266516911E+018,"13 : 0.09714045, 14 : 0.06187048, 12 : 0.04296125",15
1.99285274675719E+018,"10 : 0.4979805, 2 : 0.23727015, 3 : 0.07496062",15
1.99065913072275E+018,"2 : 0.6910916, 2 : 0.24814962, 2 : 0.0031481825",15
1.9899484616186E+018,"6 : 0.6397423, 6 : 0.22785711, 6 : 0.018066112",15
1.98922594675144E+018,"3 : 0.32274303, 3 : 0.21262245, 3 : 0.0843177",15
1.98843669452579E+018,"3 : 0.413844, 3 : 0.13360327, 3 : 0.10388922",15
1.98666736187831E+018,"2 : 0.11694001, 14 : 0.052647375, 2 : 0.035014685",15
1.98666717706055E+018,"7 : 0.4741485, 2 : 0.085168704, 12 : 0.034857344",15
1.98666692578813E+018,"2 : 0.16783886, 2 : 0.06190472, 5 : 0.052533947",15
1.98666670308722E+018,"2 : 0.54432434, 2 : 0.055217426, 14 : 0.043517277",15
1.9866664811499E+018,"4 : 0.80039954, 7 : 0.014861392, 2 : 0.014130404",15
1.98666625099998E+018,"2 : 0.23196875, 9 : 0.1185891, 9 : 0.09841133",15
1.9866660261938E+018,"2 : 0.084618405, 9 : 0.050722647, 14 : 0.042383067",15
1.98666580502824E+018,"4 : 0.09567844, 2 : 0.06872292, 2 : 0.0385996",15
1.98666525780556E+018,"2 : 0.38469425, 4 : 0.08595894, 2 : 0.040538955",15
1.98194494263451E+018,"13 : 0.3896211, 13 : 0.08969925, 13 : 0.025302561",15
1.98122567259851E+018,"3 : 0.27743226, 12 : 0.10219131, 3 : 0.10044208",15
1.97837360480849E+018,"2 : 0.11057567, 3 : 0.085032284, 7 : 0.063541725",15
1.976925474888E+018,"2 : 0.8420546, 13 : 0.049055774, 7 : 0.025582276",15
1.97496226472302E+018,"2 : 0.76251936, 3 : 0.052936222, 7 : 0.047546104",15
1.97261366777167E+018,"2 : 0.25239137, 7 : 0.1130974, 3 : 0.08115363",15
1.97175003401146E+018,"3 : 0.47155356, 3 : 0.055441372, 3 : 0.037529346",15
1.96965810805543E+018,"2 : 0.14252655, 13 : 0.07206605, 3 : 0.025389198",15
1.96826105612598E+018,"3 : 0.9259411, 3 : 0.017186232, 3 : 0.006879353",15
1.96677609872314E+018,"2 : 0.6020988, 2 : 0.20325615, 2 : 0.0680289",15
1.96527112348332E+018,"2 : 0.087980874, 2 : 0.034966316, 7 : 0.034786176",15
1.96461020218105E+018,"10 : 0.53190225, 2 : 0.11864032, 2 : 0.074112415",15
1.96321979001079E+018,"3 : 0.10526967, 3 : 0.10404642, 2 : 0.08695008",15
1.96155943930536E+018,"3 : 0.9828022, 3 : 0.008424402, 2 : 0.0017735854",15
1.95812789419238E+018,"3 : 0.72335607, 3 : 0.028694909, 3 : 0.018288957",15
1.95649609768779E+018,"2 : 0.5804523, 7 : 0.19609183, 12 : 0.034053754",15
1.95493505293432E+018,"14 : 0.11675256, 4 : 0.09959322, 2 : 0.036037024",15
1.95307551512631E+018,"10 : 0.22904038, 2 : 0.22456267, 10 : 0.11352711",15
1.95142889527206E+018,"3 : 0.74276865, 3 : 0.030708553, 3 : 0.014533678",15
1.94815698163609E+018,"7 : 0.9915593, 9 : 0.00083374046, 4 : 0.0005518743",15
1.94432891446343E+018,"12 : 0.62749875, 3 : 0.03082082, 3 : 0.02737004",15
1.94149440696597E+018,"3 : 0.5503137, 3 : 0.18618941, 3 : 0.04722453",15
1.94008363031747E+018,"2 : 0.1955412, 4 : 0.14365141, 13 : 0.0645345",15
1.93780677118153E+018,"2 : 0.06075702, 10 : 0.055674925, 7 : 0.043239508",15
1.93692599294339E+018,"2 : 0.1709213, 3 : 0.1163691, 2 : 0.049126867",15
1.93618367199393E+018,"3 : 0.13280524, 3 : 0.10871522, 2 : 0.10107039",15
1.93488998207636E+018,"3 : 0.70770115, 3 : 0.09816284, 2 : 0.03919132",15
1.93417870769214E+018,"8 : 0.22496511, 3 : 0.18425362, 13 : 0.16642213",15
1.93281406177745E+018,"12 : 0.077230446, 12 : 0.07658202, 7 : 0.049328312",15
1.93116528682241E+018,"13 : 0.4088565, 7 : 0.15740515, 13 : 0.031112455",15
1.91978823306173E+018,"3 : 0.9055753, 3 : 0.029869197, 3 : 0.0080588395",15
1.91111386301966E+018,"3 : 0.9088106, 3 : 0.023158154, 2 : 0.016760256",15
1.91111354456308E+018,"3 : 0.4776671, 3 : 0.052125707, 3 : 0.028778879",15
1.89431352133885E+018,"3 : 0.11130964, 3 : 0.08992029, 3 : 0.045406274",15
1.88997676297031E+018,"9 : 0.16444722, 8 : 0.11082867, 8 : 0.05963869",15
1.8833288130153E+018,"12 : 0.30998755, 2 : 0.12455411, 12 : 0.08300774",15
1.87393442162968E+018,"3 : 0.3652093, 3 : 0.2156792, 3 : 0.10644503",15
1.83625771059555E+018,"2 : 0.51135075, 9 : 0.08783228, 8 : 0.010987723",15
1.82617482947307E+018,"3 : 0.5943862, 6 : 0.10230877, 6 : 0.024591506",15
1.80790986906461E+018,"3 : 0.68767047, 7 : 0.045876317, 3 : 0.04304596",15
1.80160522906697E+018,"3 : 0.7892897, 7 : 0.004777715, 7 : 0.0040433216",15
1.79336841997675E+018,"2 : 0.3711912, 7 : 0.04998376, 2 : 0.041290868",15
1.78512531380864E+018,"9 : 0.78706235, 3 : 0.093427554, 12 : 0.050599143",15
1.77622419299648E+018,"3 : 0.44076428, 3 : 0.23740256, 3 : 0.06748281",15
1.7522622658617E+018,"12 : 0.0764019, 7 : 0.045261573, 7 : 0.037110843",15
1.7471952674317E+018,"2 : 0.19038333, 3 : 0.14733362, 3 : 0.13819411",15
1.74707410038208E+018,"9 : 0.26286823, 4 : 0.050692156, 2 : 0.030306136",15
1.74214417199872E+018,"12 : 0.15772846, 2 : 0.14736138, 9 : 0.11530057",15
1.7353438367143E+018,"3 : 0.86606014, 3 : 0.036991544, 3 : 0.0061231363",15
1.73280760680162E+018,"7 : 0.6720156, 3 : 0.109365344, 7 : 0.016221669",15
1.72959922206582E+018,"3 : 0.52452576, 8 : 0.29886207, 3 : 0.017317161",15
1.729582457819E+018,"3 : 0.57138854, 8 : 0.2617355, 3 : 0.015628582",15
1.72731491098529E+018,"3 : 0.17221773, 3 : 0.070024304, 3 : 0.04861144",15
1.72610068074757E+018,"3 : 0.15885219, 7 : 0.12326816, 3 : 0.067906134",15
1.71902015422015E+018,"3 : 0.23441064, 7 : 0.096196614, 7 : 0.05308812",15
1.71678764395981E+018,"13 : 0.16052343, 4 : 0.1350354, 7 : 0.09221844",15
1.69892827118007E+018,"2 : 0.1216845, 2 : 0.076476544, 4 : 0.07320749",15
1.69892239392829E+018,"2 : 0.9048769, 12 : 0.0058232667, 2 : 0.0033488092",15
1.69892145094815E+018,"2 : 0.42449462, 2 : 0.04871426, 7 : 0.04408709",15
1.66098952365471E+018,"13 : 0.4831154, 9 : 0.1950062, 5 : 0.060608525",15
1.65927624351591E+018,"12 : 0.6117765, 7 : 0.023834143, 2 : 0.02150098",15
1.65925448049707E+018,"2 : 0.26559094, 2 : 0.23602533, 7 : 0.14683567",15
1.65782043753343E+018,"7 : 0.2304552, 3 : 0.055387393, 3 : 0.049107376",15
1.65638766292614E+018,"2 : 0.23419385, 2 : 0.22856966, 4 : 0.1436026",15
1.65141299108372E+018,"4 : 0.22386768, 3 : 0.16193862, 2 : 0.12137478",15
1.65086451422279E+018,"3 : 0.7822462, 3 : 0.15242903, 3 : 0.010176933",15
1.62379724565598E+018,"3 : 0.80553406, 3 : 0.065913424, 3 : 0.008865007",15
1.61602575342044E+018,"10 : 0.37127396, 3 : 0.28047982, 2 : 0.050242588",15
1.60577883772622E+018,"11 : 0.19296676, 1 : 0.10514363, 13 : 0.096113734",15
1.59849786762641E+018,"9 : 0.5848272, 13 : 0.047619328, 4 : 0.040343955",15
1.59738811333074E+018,"3 : 0.18234785, 2 : 0.15866749, 3 : 0.0428618",15
1.5768440739515E+018,"3 : 0.1264071, 4 : 0.1246019, 12 : 0.09734775",15
1.52312747798623E+018,"12 : 0.032985084, 4 : 0.025544703, 7 : 0.023853242",15
1.51651102627509E+018,"13 : 0.6907155, 5 : 0.08532647, 10 : 0.039298173",15
1.51159663734376E+018,"7 : 0.41539443, 6 : 0.08897611, 6 : 0.06253201",15
1.50003388757657E+018,"7 : 0.48130915, 3 : 0.100087486, 12 : 0.058248572",15
1.49861970703233E+018,"3 : 0.16711238, 3 : 0.12228133, 3 : 0.074677326",15
1.49196022877271E+018,"2 : 0.063069396, 2 : 0.04220918, 3 : 0.03416235",15
1.47952679728859E+018,"7 : 0.16176893, 3 : 0.12013783, 3 : 0.060752135",15
1.48485479781924E+018,"3 : 0.8494651, 3 : 0.02136657, 3 : 0.016202146",15
1.87339703618442E+018,"1 : 0.78691196, 1 : 0.06173719, 11 : 0.035055492",17
1.87254390147156E+018,"1 : 0.9488518, 1 : 0.003516123, 11 : 0.0011701998",17
1.87138118379782E+018,"1 : 0.3413197, 1 : 0.082220756, 11 : 0.06810174",17
1.86674242940129E+018,"1 : 0.8636704, 1 : 0.094074614, 11 : 0.02474659",17
1.56668854990067E+018,"1 : 0.5496623, 1 : 0.08088702, 11 : 0.016389247",17
1.5655228374771E+018,"1 : 0.27225056, 11 : 0.04883663, 7 : 0.04470552",17
1.56251734997337E+018,"13 : 0.06658119, 1 : 0.05722943, 7 : 0.04602671",17
1.55720651833184E+018,"1 : 0.17172797, 12 : 0.070243806, 5 : 0.061540302",17
1.55665770813911E+018,"9 : 0.6153526, 2 : 0.15064196, 1 : 0.094435796",17
1.55143582794688E+018,"13 : 0.45830587, 13 : 0.1436812, 13 : 0.09015804",17
1.54935807767321E+018,"11 : 0.16175139, 1 : 0.0918437, 11 : 0.05857627",17
1.54811723091902E+018,"1 : 0.90619254, 1 : 0.011591721, 11 : 0.0014590495",17
1.54360695031887E+018,"2 : 0.7184716, 2 : 0.26824826, 3 : 0.005124546",17
1.54200928398047E+018,"1 : 0.48400322, 1 : 0.15257335, 11 : 0.12611376",17
1.52594140202216E+018,"1 : 0.43994722, 11 : 0.053288497, 13 : 0.043758865",17
1.52496749144343E+018,"11 : 0.734373, 1 : 0.041137096, 1 : 0.03754824",17
1.52253099868398E+018,"1 : 0.39146328, 1 : 0.25523314, 11 : 0.10663571",17
1.52100174555545E+018,"5 : 0.09126675, 10 : 0.082269624, 4 : 0.023964498",17
1.52026398113758E+018,"1 : 0.5649414, 2 : 0.04174933, 6 : 0.036558364",17
1.51731172657591E+018,"9 : 0.4028396, 6 : 0.27337933, 6 : 0.054263648",17
1.51385026254436E+018,"6 : 0.8211461, 6 : 0.02724438, 6 : 0.026204575",17
1.51254198397189E+018,"6 : 0.3213492, 6 : 0.28151187, 6 : 0.16153061",17
1.51012922976404E+018,"2 : 0.24868524, 2 : 0.12615669, 6 : 0.08425551",17
1.50505257046053E+018,"1 : 0.59863025, 1 : 0.14103402, 11 : 0.05100938",17
1.50500507849894E+018,"11 : 0.30460307, 1 : 0.24505861, 1 : 0.18690091",17
1.50310272186335E+018,"11 : 0.32215932, 1 : 0.24823077, 1 : 0.18751366",17
1.50282994448784E+018,"11 : 0.84871954, 1 : 0.03181867, 1 : 0.031607836",17
1.49862008135709E+018,"2 : 0.2485888, 3 : 0.0588229, 2 : 0.04993711",17
1.49515971445413E+018,"1 : 0.43129316, 11 : 0.27140865, 1 : 0.08587278",17
1.49285284140002E+018,"1 : 0.35797802, 11 : 0.25998366, 1 : 0.054852203",17
1.48986585976126E+018,"5 : 0.26124895, 7 : 0.13300978, 13 : 0.08865213",17
1.48848974735703E+018,"2 : 0.77532715, 2 : 0.22237827, 7 : 8.986955e-05",17
1.4861959935894E+018,"3 : 0.305152, 3 : 0.08408094, 4 : 0.022125743",17
1.48575750980932E+018,"4 : 0.3883314, 7 : 0.26637474, 13 : 0.096970655",17
1.48490775884296E+018,"6 : 0.5075881, 6 : 0.07261817, 6 : 0.07147658",17
1.4847096589709E+018,"9 : 0.43669987, 9 : 0.09720813, 11 : 0.095848344",17
1.48425867133223E+018,"1 : 0.22802204, 9 : 0.089333594, 8 : 0.06380464",17
1.48415254063533E+018,"7 : 0.5012715, 7 : 0.08272364, 7 : 0.06590541",17
1.48350766475854E+018,"1 : 0.4882373, 11 : 0.22123767, 1 : 0.053582452",17
1.48204028628042E+018,"6 : 0.7748912, 6 : 0.027902655, 6 : 0.014521757",17
1.48109238478279E+018,"6 : 0.30689707, 6 : 0.051417578, 6 : 0.03082615",17
1.48103749491644E+018,"11 : 0.42397127, 1 : 0.33427, 1 : 0.14421237",17
1.48102516498898E+018,"11 : 0.68574613, 9 : 0.20114788, 1 : 0.029755441",17
1.48072178452847E+018,"4 : 0.70265824, 9 : 0.016067373, 1 : 0.014401725",17
1.48070226874326E+018,"1 : 0.5051378, 1 : 0.20277089, 11 : 0.07718612",17
1.48049887862916E+018,"11 : 0.47793767, 1 : 0.13444792, 1 : 0.034572113",17
1.47849835606081E+018,"7 : 0.91819096, 13 : 0.0061859903, 7 : 0.0056580026",17
1.47840786925455E+018,"1 : 0.43441567, 1 : 0.30867824, 11 : 0.1188526",17
1.47701623275894E+018,"1 : 0.5771058, 1 : 0.09068328, 11 : 0.01320546",17
1.47491446436407E+018,"11 : 0.36245805, 1 : 0.17991757, 1 : 0.13737664",17
1.47455237472316E+018,"1 : 0.92481405, 1 : 0.020809447, 11 : 0.015360762",17
1.47454944673689E+018,"1 : 0.40963817, 11 : 0.089423425, 1 : 0.07663098",17
1.47424782931241E+018,"7 : 0.5967189, 2 : 0.07291917, 7 : 0.02566696",17
1.47409352295697E+018,"6 : 0.49283502, 6 : 0.030403003, 6 : 0.021302639",17
1.47403455195718E+018,"8 : 0.3757235, 13 : 0.3340537, 4 : 0.030707493",17
1.47349558885001E+018,"6 : 0.440078, 6 : 0.065871276, 6 : 0.023931509",17
1.47342400026836E+018,"1 : 0.593184, 11 : 0.09581167, 11 : 0.03501672",17
1.47263293404108E+018,"6 : 0.3616568, 6 : 0.19248468, 6 : 0.06876835",17
1.4716767182677E+018,"1 : 0.7961206, 11 : 0.018125013, 1 : 0.017918753",17
1.46958538067253E+018,"9 : 0.18497412, 5 : 0.14318079, 7 : 0.081701666",17
1.46919559232331E+018,"7 : 0.19750997, 2 : 0.17571366, 2 : 0.0705972",17
1.46839878504166E+018,"11 : 0.50580317, 1 : 0.08387319, 1 : 0.052981988",17
1.46749878184201E+018,"11 : 0.14992031, 13 : 0.13815455, 1 : 0.093292095",17
1.46724905544032E+018,"3 : 0.26024204, 4 : 0.08592735, 4 : 0.07108406",17
1.46684906236734E+018,"2 : 0.8543426, 2 : 0.090993434, 2 : 0.009846692",17
1.4655220181699E+018,"1 : 0.20950712, 1 : 0.1720488, 9 : 0.13633649",17
1.46442324443025E+018,"1 : 0.59401786, 11 : 0.2417729, 1 : 0.08130613",17
1.46079867971083E+018,"1 : 0.32457706, 11 : 0.25954244, 1 : 0.1251118",17
1.45928558186694E+018,"1 : 0.5887083, 1 : 0.0842718, 1 : 0.07437376",17
1.45889663914107E+018,"6 : 0.22240496, 6 : 0.18673195, 5 : 0.07517096",17
1.458877116367E+018,"1 : 0.94414294, 1 : 0.021083659, 11 : 0.0026863648",17
1.45869239860697E+018,"11 : 0.40736458, 1 : 0.40035656, 1 : 0.08194161",17
1.45861879797628E+018,"4 : 0.3367077, 7 : 0.10845362, 2 : 0.05810413",17
1.45738197086656E+018,"4 : 0.59055746, 5 : 0.2313223, 4 : 0.008706566",17
1.45531405026296E+018,"1 : 0.75014466, 1 : 0.020643925, 11 : 0.01149681",17
1.45445842647393E+018,"1 : 0.2867529, 1 : 0.2587014, 3 : 0.06887966",17
1.45247531602277E+018,"1 : 0.21111774, 13 : 0.065359734, 11 : 0.057874624",17
1.44855154082138E+018,"1 : 0.2681149, 1 : 0.10868231, 1 : 0.102315724",17
1.44796080767388E+018,"1 : 0.7984194, 1 : 0.052165616, 11 : 0.042265598",17
1.44785052924619E+018,"2 : 0.968491, 8 : 0.0015153742, 8 : 0.0010546449",17
1.44699777866348E+018,"2 : 0.09399194, 12 : 0.07017799, 9 : 0.06808497",17
1.43613610047715E+018,"6 : 0.601373, 6 : 0.32774913, 6 : 0.0041705",17
1.43495386050631E+018,"1 : 0.8649775, 1 : 0.033334415, 11 : 0.024927367",17
1.42531544863895E+018,"9 : 0.3760863, 9 : 0.20687686, 12 : 0.11630867",17
1.42248821252991E+018,"8 : 0.9213493, 8 : 0.003797086, 8 : 0.0024580972",17
2.20903771088149E+018,"3 : 0.17576674, 12 : 0.08762306, 7 : 0.047863636",17
2.20874567211561E+018,"7 : 0.93007326, 2 : 0.026399136, 13 : 0.008690833",17
2.20810452348161E+018,"3 : 0.3756629, 2 : 0.054354846, 2 : 0.028977295",17
2.20755140296523E+018,"7 : 0.8737529, 7 : 0.032863937, 7 : 0.02468239",17
2.20463942595109E+018,"1 : 0.26663175, 5 : 0.06117792, 5 : 0.044610467",17
2.20301535450569E+018,"7 : 0.5004068, 7 : 0.14029491, 7 : 0.035971474",17
2.20300607673874E+018,"7 : 0.80652493, 7 : 0.017832628, 7 : 0.00726397",17
2.19952253214764E+018,"11 : 0.25878537, 7 : 0.21323352, 2 : 0.10273714",17
2.19937892735598E+018,"6 : 0.044231832, 12 : 0.03544359, 5 : 0.032643158",17
2.19741110678031E+018,"7 : 0.6506802, 3 : 0.19197877, 7 : 0.014468069",17
2.1943906673552E+018,"2 : 0.19958255, 2 : 0.12134959, 2 : 0.06884369",17
2.19290163682181E+018,"3 : 0.071582206, 11 : 0.06791543, 2 : 0.06688839",17
2.19212462136144E+018,"1 : 0.43880782, 1 : 0.16067348, 11 : 0.03332394",17
2.19105992747379E+018,"3 : 0.7805889, 2 : 0.07419828, 12 : 0.02432231",17
2.18943332818941E+018,"7 : 0.18620563, 7 : 0.09523976, 7 : 0.041641373",17
2.18928707255739E+018,"3 : 0.76087135, 3 : 0.0134887155, 13 : 0.012363937",17
2.18871824043634E+018,"2 : 0.05928625, 2 : 0.03829517, 7 : 0.036480278",17
2.18858492470814E+018,"12 : 0.07899854, 2 : 0.045319665, 12 : 0.042808067",17
2.18487204521135E+018,"3 : 0.44636178, 2 : 0.077040404, 2 : 0.057097316",17
2.18330256779507E+018,"7 : 0.6686194, 13 : 0.088326424, 1 : 0.028708199",17
2.17984054613762E+018,"11 : 0.22732556, 13 : 0.19230387, 11 : 0.12868655",17
2.17575452771046E+018,"7 : 0.100916214, 2 : 0.09759909, 3 : 0.07409494",17
2.17286615652479E+018,"7 : 0.7825633, 13 : 0.15517639, 7 : 0.011064866",17
2.17141983727553E+018,"13 : 0.2749318, 7 : 0.12573132, 7 : 0.0678797",17
2.17069524517246E+018,"7 : 0.77997255, 2 : 0.031750243, 10 : 0.019164618",17
2.16966915453406E+018,"13 : 0.4374308, 10 : 0.016656028, 2 : 0.014259692",17
2.16915089608942E+018,"12 : 0.17066005, 12 : 0.07027324, 11 : 0.07025677",17
2.16839206396879E+018,"7 : 0.9786511, 13 : 0.01668959, 7 : 0.0009566113",17
2.1674852877066E+018,"7 : 0.42993394, 12 : 0.11556643, 4 : 0.096410625",17
2.16604552694987E+018,"7 : 0.13213807, 7 : 0.085075475, 3 : 0.055357084",17
2.16537589857296E+018,"12 : 0.6980029, 7 : 0.02199814, 11 : 0.01596076",17
2.16482918048422E+018,"2 : 0.13537093, 7 : 0.09969026, 13 : 0.07245117",17
2.16482802517148E+018,"7 : 0.25934288, 14 : 0.09524501, 12 : 0.09249386",17
2.16263336842091E+018,"10 : 0.39275494, 2 : 0.041517086, 2 : 0.034138713",17
2.16100686182277E+018,"2 : 0.18800013, 7 : 0.15787105, 7 : 0.07909992",17
2.160530243321E+018,"11 : 0.1861819, 11 : 0.08651474, 12 : 0.0713136",17
2.15974020349815E+018,"6 : 0.24167442, 7 : 0.1095377, 6 : 0.09256242",17
2.15973322491442E+018,"7 : 0.5149018, 7 : 0.115392715, 7 : 0.084133044",17
2.15908773313698E+018,"7 : 0.47683212, 10 : 0.08906532, 7 : 0.03435959",17
2.15898892926163E+018,"7 : 0.12903865, 7 : 0.104715765, 3 : 0.061897982",17
2.15891417225037E+018,"1 : 0.26480535, 13 : 0.10385069, 7 : 0.07910107",17
2.15747235271071E+018,"7 : 0.24896213, 10 : 0.20904519, 4 : 0.027514515",17
2.15675014960774E+018,"9 : 0.37475994, 13 : 0.04873511, 13 : 0.0438414",17
2.15673930869065E+018,"7 : 0.18912914, 12 : 0.17266524, 1 : 0.060638722",17
2.15357515160675E+018,"12 : 0.57877254, 12 : 0.07013652, 7 : 0.03055967",17
2.15242559663077E+018,"7 : 0.5931522, 7 : 0.074746534, 4 : 0.03673076",17
2.15242282401121E+018,"7 : 0.95050806, 13 : 0.0012297754, 7 : 0.00076696946",17
2.15241882871017E+018,"4 : 0.123161495, 10 : 0.04320086, 2 : 0.03258249",17
2.14968285682214E+018,"2 : 0.9314979, 2 : 0.032573454, 7 : 0.008123177",17
2.14875131955195E+018,"7 : 0.22691137, 7 : 0.17799006, 2 : 0.16623203",17
2.14743459432517E+018,"11 : 0.121979184, 4 : 0.09869103, 9 : 0.09133954",17
2.14519859847262E+018,"2 : 0.3629455, 11 : 0.13191676, 9 : 0.0953218",17
2.14218984710481E+018,"7 : 0.25502947, 10 : 0.13783734, 12 : 0.039684977",17
2.14150322582302E+018,"7 : 0.17019364, 10 : 0.13047022, 10 : 0.11530065",17
2.1401450738417E+018,"1 : 0.24704504, 9 : 0.18122642, 7 : 0.16180225",17
2.13916417196203E+018,"7 : 0.22236197, 2 : 0.048233874, 7 : 0.04230207",17
2.1388340433625E+018,"7 : 0.06870428, 4 : 0.05987441, 7 : 0.034501836",17
2.13873697109339E+018,"3 : 0.9645939, 12 : 0.0034146083, 12 : 0.0032017499",17
2.13867468579006E+018,"1 : 0.5188461, 11 : 0.35874084, 12 : 0.015596475",17
2.13861641524723E+018,"12 : 0.3476399, 12 : 0.22930178, 3 : 0.09002279",17
2.13858162611139E+018,"3 : 0.8713377, 12 : 0.07536934, 7 : 0.0030619896",17
2.13856669568089E+018,"7 : 0.27366492, 1 : 0.062670365, 13 : 0.057111967",17
2.13852642735925E+018,"6 : 0.62353253, 3 : 0.02090276, 7 : 0.010512853",17
2.13840652388648E+018,"7 : 0.11030977, 2 : 0.08878779, 13 : 0.047523793",17
2.13802623422821E+018,"12 : 0.11164765, 2 : 0.09319103, 6 : 0.07099396",17
2.1378376357047E+018,"14 : 0.23947987, 3 : 0.10782191, 12 : 0.08230782",17
2.13736995750417E+018,"9 : 0.19937211, 9 : 0.086272076, 2 : 0.046316937",17
2.1372882893049E+018,"7 : 0.27074003, 3 : 0.10808522, 11 : 0.055928685",17
2.13724233584636E+018,"6 : 0.64356935, 7 : 0.1214895, 7 : 0.0481028",17
2.13714371805523E+018,"7 : 0.2016873, 10 : 0.11530751, 7 : 0.09584665",17
2.13713296550371E+018,"1 : 0.6093214, 3 : 0.10451043, 1 : 0.024963124",17
2.1370688541579E+018,"7 : 0.33772525, 3 : 0.14436756, 7 : 0.07708062",17
2.13637329701381E+018,"12 : 0.41467527, 2 : 0.04972166, 12 : 0.027258748",17
2.13636776770302E+018,"4 : 0.47735408, 2 : 0.09623199, 2 : 0.029083136",17
2.1357402332123E+018,"2 : 0.3440332, 2 : 0.16814004, 6 : 0.028609196",17
2.13568147302659E+018,"7 : 0.16602485, 13 : 0.052375432, 1 : 0.03874644",17
2.13562620401045E+018,"2 : 0.07094083, 2 : 0.052199576, 2 : 0.04555421",17
2.13511771641459E+018,"13 : 0.062282607, 12 : 0.05860445, 7 : 0.037332445",17
2.13446965535243E+018,"2 : 0.1618657, 1 : 0.12013572, 12 : 0.03927729",17
2.13361545989866E+018,"7 : 0.74562836, 2 : 0.1599656, 7 : 0.012930212",17
2.13352579629227E+018,"2 : 0.6722037, 2 : 0.04908906, 7 : 0.033243604",17
2.13228889882767E+018,"2 : 0.29441747, 11 : 0.14841858, 11 : 0.08467251",17
2.13224392542822E+018,"13 : 0.25617865, 4 : 0.13044426, 12 : 0.027959796",17
2.12997551669069E+018,"6 : 0.046145774, 6 : 0.045375574, 6 : 0.0383126",17
2.12652138277589E+018,"7 : 0.69618434, 10 : 0.03062234, 6 : 0.0142111555",17
2.12496093377318E+018,"2 : 0.1428927, 10 : 0.088569604, 12 : 0.07630263",17
2.12205755286797E+018,"7 : 0.7747308, 7 : 0.03865773, 3 : 0.021167865",17
2.11760945065849E+018,"2 : 0.23387331, 2 : 0.10572949, 10 : 0.057870537",17
2.11692185445625E+018,"2 : 0.22020322, 13 : 0.12030516, 3 : 0.059944157",17
2.11692099279529E+018,"11 : 0.32884368, 2 : 0.18986501, 11 : 0.094214216",17
2.11348194775495E+018,"7 : 0.7039083, 7 : 0.036419023, 3 : 0.03549931",17
2.10821306574389E+018,"7 : 0.17445926, 10 : 0.04815907, 10 : 0.036047928",17
2.10542827825801E+018,"11 : 0.67674005, 1 : 0.17352828, 9 : 0.029428586",17
2.10542723081448E+018,"12 : 0.25221163, 6 : 0.09403044, 12 : 0.04096259",17
2.10542438377963E+018,"3 : 0.3282234, 3 : 0.11463155, 3 : 0.08417027",17
2.10541992102338E+018,"7 : 0.20539953, 2 : 0.07727476, 7 : 0.039753877",17
2.10541807290396E+018,"11 : 0.6519613, 11 : 0.038226333, 1 : 0.022336287",17
2.105415647489E+018,"1 : 0.3339769, 13 : 0.21489407, 7 : 0.17931998",17
2.10541412853031E+018,"11 : 0.3905391, 13 : 0.26965335, 14 : 0.028110623",17
2.10541326160102E+018,"7 : 0.4964403, 7 : 0.16632125, 11 : 0.04696707",17
2.10541148351828E+018,"12 : 0.22337565, 2 : 0.059016883, 12 : 0.032163624",17
2.10540366489929E+018,"7 : 0.7354513, 7 : 0.036440305, 11 : 0.027151572",17
2.10457437803235E+018,"7 : 0.68522304, 14 : 0.082342274, 10 : 0.014554032",17
2.1003864156862E+018,"7 : 0.411629, 7 : 0.4074663, 11 : 0.0054812175",17
2.09929668161106E+018,"11 : 0.27096322, 7 : 0.13168173, 7 : 0.0404635",17
2.09728425596204E+018,"12 : 0.6605177, 2 : 0.070503876, 12 : 0.06639891",17
2.09487916673541E+018,"13 : 0.3051408, 12 : 0.24723075, 12 : 0.15082036",17
2.09379601953546E+018,"1 : 0.049091794, 2 : 0.036310956, 3 : 0.03362392",17
2.08783916236871E+018,"11 : 0.51867676, 1 : 0.09010238, 13 : 0.04620057",17
2.08578079863785E+018,"12 : 0.3008876, 11 : 0.10013469, 13 : 0.080474064",17
2.08502374280494E+018,"13 : 0.25675312, 7 : 0.13461128, 4 : 0.0888276",17
2.08120989038008E+018,"9 : 0.3813045, 12 : 0.065565035, 2 : 0.025482606",17
2.07797175489206E+018,"14 : 0.93849313, 7 : 0.015462462, 7 : 0.0029626016",17
2.07721470553499E+018,"12 : 0.12350392, 12 : 0.053020068, 7 : 0.046602562",17
2.07293034984487E+018,"11 : 0.39109814, 12 : 0.18170416, 7 : 0.062012397",17
2.07291606115131E+018,"13 : 0.4661109, 7 : 0.12271734, 1 : 0.0988823",17
2.07121831892118E+018,"1 : 0.8567051, 1 : 0.07104445, 9 : 0.0045508267",17
2.06888729180968E+018,"14 : 0.40947637, 7 : 0.16264902, 7 : 0.052119114",17
2.06744687221724E+018,"7 : 0.21829623, 2 : 0.10107078, 2 : 0.045638815",17
2.06443386308768E+018,"1 : 0.19598137, 1 : 0.13285764, 11 : 0.0447574",17
2.06401052930905E+018,"1 : 0.4925855, 13 : 0.13714656, 12 : 0.05451455",17
2.0633773189503E+018,"7 : 0.19392899, 7 : 0.14018954, 11 : 0.12721491",17
2.06257496443269E+018,"13 : 0.42537442, 1 : 0.11313559, 14 : 0.070940405",17
2.06235297247992E+018,"3 : 0.45730954, 7 : 0.02972341, 7 : 0.02965308",17
2.0616982724201E+018,"2 : 0.5063454, 2 : 0.49002457, 7 : 0.000115511866",17
2.04783582656213E+018,"9 : 0.31332004, 9 : 0.12310877, 11 : 0.120992385",17
2.03403824247212E+018,"9 : 0.6523717, 4 : 0.07438097, 2 : 0.023360746",17
2.01636282797922E+018,"2 : 0.8733108, 13 : 0.057609934, 2 : 0.0023571544",17
2.01192669000071E+018,"1 : 0.6014847, 1 : 0.17109199, 11 : 0.041390385",17
1.90094852784698E+018,"2 : 0.518473, 5 : 0.04525414, 2 : 0.043691065",17
1.79292519066791E+018,"7 : 0.09581779, 13 : 0.040824205, 13 : 0.034990426",17
1.78988714162351E+018,"2 : 0.042339023, 2 : 0.034971476, 7 : 0.032508522",17
1.78687847516696E+018,"7 : 0.58440816, 3 : 0.018628249, 7 : 0.011738598",17
1.78347366021891E+018,"2 : 0.30354694, 7 : 0.1360183, 2 : 0.06368031",17
1.78266456224206E+018,"13 : 0.3039918, 13 : 0.15469642, 2 : 0.052018397",17
1.78191592972921E+018,"7 : 0.490717, 7 : 0.20296589, 7 : 0.08079048",17
1.77932640314623E+018,"7 : 0.38328397, 10 : 0.36073083, 7 : 0.03908939",17
1.77773918106394E+018,"7 : 0.28142387, 13 : 0.086836815, 2 : 0.083784804",17
1.77635836916012E+018,"7 : 0.35943773, 12 : 0.13384828, 12 : 0.03975518",17
1.77551030153479E+018,"12 : 0.11082342, 2 : 0.071237154, 12 : 0.02881004",17
1.77536442572342E+018,"13 : 0.37528875, 12 : 0.34393466, 4 : 0.12053799",17
1.77527042878561E+018,"12 : 0.9540677, 12 : 0.003077588, 12 : 0.0023772006",17
1.77477842945226E+018,"12 : 0.49250007, 12 : 0.04831553, 2 : 0.025091728",17
1.77477251235455E+018,"12 : 0.8500235, 2 : 0.02262027, 2 : 0.020513503",17
1.77270837641559E+018,"12 : 0.11941729, 11 : 0.05785069, 4 : 0.048556905",17
1.77166731665046E+018,"12 : 0.122900136, 2 : 0.051626734, 12 : 0.045858823",17
1.77118469722302E+018,"12 : 0.39041722, 7 : 0.08164226, 4 : 0.025237657",17
1.7711664073396E+018,"7 : 0.51058435, 3 : 0.2724302, 2 : 0.014348604",17
1.77115768998216E+018,"2 : 0.58896446, 3 : 0.07671617, 13 : 0.0289461",17
1.77050044891946E+018,"6 : 0.3876177, 7 : 0.07403947, 6 : 0.06155445",17
1.76941963649057E+018,"11 : 0.43157446, 2 : 0.12209665, 11 : 0.082784526",17
1.76841261143009E+018,"2 : 0.224564, 12 : 0.13504978, 2 : 0.064547",17
1.76815449411308E+018,"6 : 0.54882807, 6 : 0.08418807, 6 : 0.0515156",17
1.76760688453238E+018,"7 : 0.22754015, 2 : 0.1322736, 6 : 0.07809957",17
1.76757268306229E+018,"5 : 0.16703363, 2 : 0.13411331, 9 : 0.08472315",17
1.76615872264282E+018,"6 : 0.41073906, 6 : 0.1508856, 4 : 0.1100308",17
1.76543918804728E+018,"7 : 0.23555502, 2 : 0.22216745, 12 : 0.11497763",17
1.76542592143854E+018,"12 : 0.10527667, 12 : 0.05378457, 7 : 0.04243714",17
1.76405287674875E+018,"12 : 0.33576828, 12 : 0.11137913, 7 : 0.079027064",17
1.76252448038225E+018,"13 : 0.15727891, 9 : 0.12910688, 10 : 0.113585465",17
1.7611427845043E+018,"4 : 0.68763167, 7 : 0.12570505, 9 : 0.063664496",17
1.7601752621269E+018,"12 : 0.06953358, 2 : 0.06029386, 7 : 0.050003648",17
1.75856315232838E+018,"12 : 0.30020985, 13 : 0.1914714, 12 : 0.02821148",17
1.758223971956E+018,"12 : 0.0692525, 12 : 0.037521128, 8 : 0.032088596",17
1.75665136684705E+018,"13 : 0.23615468, 2 : 0.18376088, 12 : 0.042718735",17
1.75532858647697E+018,"7 : 0.66191995, 7 : 0.062187318, 7 : 0.05166493",17
1.75319696444483E+018,"12 : 0.8744535, 7 : 0.026264632, 7 : 0.012678564",17
1.75008054828002E+018,"12 : 0.11354759, 2 : 0.053975623, 2 : 0.04126659",17
1.7488147872437E+018,"13 : 0.19381379, 2 : 0.072474256, 7 : 0.04955894",17
1.74853474499053E+018,"2 : 0.31186295, 10 : 0.23757978, 3 : 0.0378804",17
1.74722754755934E+018,"2 : 0.37905174, 4 : 0.23426947, 12 : 0.020754846",17
1.74646064676377E+018,"3 : 0.43891323, 3 : 0.05325287, 10 : 0.05147163",17
1.74566417445661E+018,"9 : 0.87482166, 1 : 0.045616757, 11 : 0.018400954",17
1.74310824152279E+018,"13 : 0.38434142, 13 : 0.050787114, 13 : 0.049714807",17
1.74293189086991E+018,"12 : 0.18832421, 2 : 0.08087111, 10 : 0.08003236",17
1.74263229370677E+018,"2 : 0.30205137, 7 : 0.04572919, 2 : 0.038147837",17
1.74203785382616E+018,"2 : 0.081813425, 7 : 0.055811122, 2 : 0.054210037",17
1.74146564894856E+018,"13 : 0.2179514, 7 : 0.13810976, 7 : 0.05945444",17
1.74049918114692E+018,"12 : 0.11659706, 7 : 0.08868502, 3 : 0.05452121",17
1.73998696409364E+018,"7 : 0.09855827, 7 : 0.039688747, 2 : 0.030270211",17
1.73881046484825E+018,"7 : 0.84693307, 2 : 0.03853001, 7 : 0.0058307806",17
1.7381238781378E+018,"12 : 0.56250376, 2 : 0.22659315, 12 : 0.040921632",17
1.73798014367654E+018,"2 : 0.21170437, 2 : 0.11228725, 2 : 0.063476674",17
1.73793132990524E+018,"12 : 0.18390012, 12 : 0.020019, 2 : 0.019694796",17
1.73783943013767E+018,"7 : 0.053085703, 7 : 0.050318036, 2 : 0.048499234",17
1.73783614285181E+018,"7 : 0.24377131, 7 : 0.21005936, 6 : 0.045908667",17
1.73783214737472E+018,"4 : 0.9204251, 2 : 0.017201453, 2 : 0.011343691",17
1.7378078652068E+018,"12 : 0.31497502, 13 : 0.0427393, 8 : 0.027961954",17
1.73778917611747E+018,"7 : 0.6871853, 6 : 0.040522557, 6 : 0.027072601",17
1.73758315067206E+018,"13 : 0.29171607, 9 : 0.121120684, 12 : 0.05046043",17
1.73717553154298E+018,"7 : 0.2474455, 2 : 0.2020069, 2 : 0.06493189",17
1.73613469887313E+018,"2 : 0.2495171, 3 : 0.13940153, 3 : 0.046083536",17
1.73324089677595E+018,"12 : 0.21125226, 12 : 0.093811885, 12 : 0.08216739",17
1.73287379854792E+018,"7 : 0.25088513, 7 : 0.20780778, 7 : 0.18013711",17
1.73261265732264E+018,"7 : 0.64794385, 7 : 0.19447495, 7 : 0.047098137",17
1.73260781738944E+018,"10 : 0.10898246, 12 : 0.089976236, 12 : 0.060673874",17
1.73200034753221E+018,"7 : 0.4361123, 2 : 0.100855984, 2 : 0.056438472",17
1.73078270474323E+018,"2 : 0.6858503, 9 : 0.08657497, 7 : 0.06519198",17
1.72983315141964E+018,"7 : 0.6689883, 7 : 0.045444284, 7 : 0.027973963",17
1.72919202152754E+018,"2 : 0.38455728, 12 : 0.15422685, 7 : 0.051487062",17
1.72780105149858E+018,"3 : 0.10409531, 12 : 0.10408796, 7 : 0.09262986",17
1.72704892199305E+018,"13 : 0.4875885, 7 : 0.10756655, 14 : 0.08300098",17
1.72549617675921E+018,"2 : 0.20509663, 9 : 0.11350983, 4 : 0.094857514",17
1.72462063529399E+018,"11 : 0.5071922, 11 : 0.076314814, 1 : 0.056055192",17
1.72460231398695E+018,"7 : 0.17209251, 12 : 0.079131, 7 : 0.0616762",17
1.72422670534824E+018,"13 : 0.851428, 9 : 0.085099734, 13 : 0.030534195",17
1.70751102556917E+018,"13 : 0.12197071, 2 : 0.04382123, 1 : 0.037055954",17
1.70280127219929E+018,"11 : 0.49087477, 11 : 0.13286054, 1 : 0.06517137",17
1.69812354970719E+018,"7 : 0.7307012, 7 : 0.096049264, 7 : 0.09284252",17
1.68732970112609E+018,"7 : 0.29744238, 2 : 0.08153773, 7 : 0.042043537",17
1.67400295787346E+018,"12 : 0.73986626, 13 : 0.0841183, 12 : 0.014415812",17
1.66806051425595E+018,"5 : 0.15020788, 8 : 0.077584855, 10 : 0.057105724",17
1.66474933480442E+018,"2 : 0.6046158, 7 : 0.09152763, 2 : 0.08914593",17
1.65810042304545E+018,"12 : 0.20687102, 7 : 0.10086584, 3 : 0.05139808",17
1.65243947468629E+018,"2 : 0.87928313, 4 : 0.017799415, 12 : 0.0112392055",17
1.65142188502262E+018,"3 : 0.4745768, 7 : 0.08051672, 11 : 0.06523839",17
1.65004124040451E+018,"6 : 0.527535, 2 : 0.32715777, 4 : 0.046699833",17
1.64210644967279E+018,"13 : 0.2951805, 13 : 0.091370605, 7 : 0.04422985",17
1.63986397424867E+018,"2 : 0.09150104, 5 : 0.04347008, 6 : 0.037444115",17
1.63762853781495E+018,"7 : 0.05823843, 2 : 0.036174897, 7 : 0.0333145",17
1.63649597543261E+018,"14 : 0.13799587, 3 : 0.0966187, 10 : 0.048022397",17
1.6349403051688E+018,"13 : 0.3715684, 3 : 0.13020696, 3 : 0.034105245",17
1.63142160625161E+018,"12 : 0.16457531, 2 : 0.04772943, 7 : 0.03990473",17
1.63129064233865E+018,"7 : 0.14429055, 7 : 0.10425906, 8 : 0.067521",17
1.63115982952126E+018,"3 : 0.37491745, 7 : 0.34051627, 7 : 0.11201483",17
1.63079647904692E+018,"13 : 0.6734118, 3 : 0.05675695, 2 : 0.029989813",17
1.63059655972047E+018,"12 : 0.17995809, 12 : 0.06628014, 7 : 0.04640527",17
1.63038102987243E+018,"11 : 0.140338, 7 : 0.12619644, 1 : 0.08110987",17
1.62981049545008E+018,"2 : 0.17551884, 3 : 0.053097337, 3 : 0.05144391",17
1.62974313844406E+018,"12 : 0.11730791, 2 : 0.055873144, 13 : 0.047735512",17
1.62962561397741E+018,"9 : 0.46102053, 1 : 0.07378133, 1 : 0.062531404",17
1.62961738607853E+018,"2 : 0.5554436, 4 : 0.061688237, 11 : 0.05880685",17
1.62911344486662E+018,"9 : 0.46245804, 1 : 0.19159782, 3 : 0.039992515",17
1.62903726492203E+018,"13 : 0.07126795, 13 : 0.034388762, 13 : 0.02808681",17
1.62842870871527E+018,"13 : 0.17116219, 13 : 0.07869805, 3 : 0.050228886",17
1.62768638529118E+018,"4 : 0.40088174, 12 : 0.14474347, 10 : 0.094828084",17
1.6270025427391E+018,"12 : 0.10682766, 7 : 0.100292675, 2 : 0.055479527",17
1.62641382643625E+018,"2 : 0.7123507, 2 : 0.05592051, 2 : 0.019780567",17
1.62630522031253E+018,"3 : 0.27965286, 2 : 0.20951246, 7 : 0.09071422",17
1.62625803209451E+018,"2 : 0.32506603, 2 : 0.07889137, 4 : 0.061892107",17
1.62620463961007E+018,"13 : 0.056862377, 12 : 0.05405703, 3 : 0.04523518",17
1.62616213726913E+018,"7 : 0.5752609, 2 : 0.071078844, 3 : 0.050233915",17
1.62608193277243E+018,"2 : 0.12828904, 7 : 0.098073095, 9 : 0.073437",17
1.62599641530109E+018,"7 : 0.2892611, 7 : 0.27059922, 13 : 0.06715466",17
1.62554134483465E+018,"3 : 0.104521014, 7 : 0.046389434, 7 : 0.04259135",17
1.62550036346419E+018,"12 : 0.08540705, 1 : 0.06885555, 2 : 0.061174463",17
1.62480260143377E+018,"12 : 0.19959243, 12 : 0.06269339, 1 : 0.0474461",17
1.62466390963279E+018,"2 : 0.43673223, 7 : 0.25881797, 2 : 0.09793245",17
1.62406398665395E+018,"7 : 0.3350895, 3 : 0.061479084, 7 : 0.05161101",17
1.62337316367286E+018,"7 : 0.2502516, 7 : 0.12472329, 7 : 0.079711266",17
1.6231628810746E+018,"13 : 0.14434972, 7 : 0.10948092, 2 : 0.08261827",17
1.62271126913171E+018,"2 : 0.0680436, 10 : 0.05078456, 2 : 0.039207578",17
1.62203005968475E+018,"11 : 0.46740243, 1 : 0.1428296, 11 : 0.035752006",17
1.62161989029288E+018,"13 : 0.13903469, 13 : 0.054677226, 2 : 0.05246476",17
1.62117171718317E+018,"7 : 0.5390251, 12 : 0.21364182, 12 : 0.025952792",17
1.62104136716562E+018,"12 : 0.22102888, 7 : 0.09773219, 2 : 0.060694147",17
1.62091208416023E+018,"4 : 0.3117364, 12 : 0.07262331, 13 : 0.067386806",17
1.61977260264482E+018,"12 : 0.14823638, 2 : 0.10852929, 7 : 0.08346352",17
1.6196269910223E+018,"13 : 0.07498663, 9 : 0.055461966, 4 : 0.046820763",17
1.61908468399193E+018,"12 : 0.121219054, 2 : 0.0661052, 7 : 0.058574896",17
1.61890672095608E+018,"7 : 0.12240446, 10 : 0.109711826, 7 : 0.037976712",17
1.61827299259158E+018,"12 : 0.10179896, 2 : 0.07779878, 13 : 0.06745021",17
1.61816304890257E+018,"7 : 0.23067614, 7 : 0.19604142, 7 : 0.055623867",17
1.61797592951761E+018,"12 : 0.65049994, 12 : 0.024759492, 12 : 0.023714738",17
1.61757888916849E+018,"1 : 0.95363647, 9 : 0.0018328844, 1 : 0.00075194956",17
1.61742751257548E+018,"2 : 0.1052802, 7 : 0.035067737, 12 : 0.034156486",17
1.61445703123706E+018,"6 : 0.6392071, 6 : 0.11413131, 2 : 0.043922637",17
1.60237891700239E+018,"12 : 0.17830491, 11 : 0.17506024, 7 : 0.07046439",17
1.5651351871088E+018,"1 : 0.77128035, 13 : 0.109968096, 13 : 0.010994287",17
1.55057422713945E+018,"1 : 0.29375818, 2 : 0.17627567, 9 : 0.1275489",17
1.53862486407925E+018,"1 : 0.70860404, 11 : 0.17269154, 1 : 0.012423205",17
1.51094050861953E+018,"2 : 0.77129066, 11 : 0.04948654, 11 : 0.03324307",17
1.50136380648243E+018,"1 : 0.39214557, 11 : 0.23698296, 2 : 0.013698344",17
1.49439675974424E+018,"2 : 0.6709675, 11 : 0.096960574, 11 : 0.03967683",17
1.4846826966349E+018,"1 : 0.3700559, 11 : 0.2877459, 2 : 0.06214042",17
1.47986254920082E+018,"13 : 0.47419602, 2 : 0.14057644, 7 : 0.12166341",17
1.47263973669932E+018,"7 : 0.24771187, 2 : 0.06869676, 7 : 0.03828385",17
1.47033402934035E+018,"2 : 0.98716843, 11 : 0.0051160245, 1 : 0.0002552737",17
1.46399887653689E+018,"2 : 0.73980194, 7 : 0.056760944, 2 : 0.007881442",17
1.46387609858022E+018,"7 : 0.90375626, 7 : 0.017691145, 7 : 0.0062960596",17
1.46381940248613E+018,"2 : 0.32293692, 2 : 0.30356044, 2 : 0.054937925",17
1.46321988404114E+018,"12 : 0.109942645, 7 : 0.058948938, 4 : 0.031154767",17
1.46303327409633E+018,"3 : 0.45077166, 2 : 0.074867405, 13 : 0.038513087",17
1.46239255901109E+018,"1 : 0.32064518, 8 : 0.13181056, 8 : 0.10236329",17
1.46162757229427E+018,"12 : 0.051950183, 13 : 0.047089368, 13 : 0.020989876",17
1.4596097733899E+018,"12 : 0.07085153, 12 : 0.053273845, 12 : 0.036422614",17
1.45875326101194E+018,"7 : 0.6120088, 2 : 0.050164405, 7 : 0.041222636",17
1.45860915907879E+018,"7 : 0.8074354, 7 : 0.15362442, 7 : 0.006028967",17
1.45731765245572E+018,"13 : 0.13851601, 9 : 0.077567205, 2 : 0.061762493",17
1.45590309741071E+018,"5 : 0.3097587, 11 : 0.13155727, 11 : 0.06254246",17
1.45564823493967E+018,"1 : 0.24874333, 11 : 0.09224488, 1 : 0.07067148",17
1.45507144656802E+018,"11 : 0.27773264, 1 : 0.27016178, 11 : 0.13031854",17
1.45492690497195E+018,"11 : 0.4402732, 12 : 0.11090931, 7 : 0.0565874",17
1.45439550026973E+018,"1 : 0.6200641, 1 : 0.081579566, 9 : 0.019403743",17
1.45420987885521E+018,"7 : 0.5470947, 7 : 0.25761303, 10 : 0.024325756",17
1.453438018488E+018,"7 : 0.30340198, 7 : 0.25643182, 4 : 0.026448935",17
1.45223654193009E+018,"8 : 0.49956855, 3 : 0.08218297, 8 : 0.0513831",17
1.44954968636527E+018,"7 : 0.40227148, 12 : 0.07706873, 2 : 0.049456436",17
1.44648992494485E+018,"4 : 0.46838826, 7 : 0.1602693, 2 : 0.04526686",17
1.44447228744423E+018,"7 : 0.25370264, 12 : 0.19408427, 12 : 0.0478521",17
1.44353254497683E+018,"2 : 0.09794585, 12 : 0.09405747, 12 : 0.056161683",17
1.44212385923835E+018,"3 : 0.23225299, 2 : 0.11357715, 7 : 0.09918673",17
1.44150258534025E+018,"2 : 0.28766367, 7 : 0.23893583, 12 : 0.18961927",17
1.44074807390638E+018,"7 : 0.75412804, 13 : 0.06369783, 9 : 0.057796773",17
1.43864001222806E+018,"4 : 0.94343615, 13 : 0.010248024, 7 : 0.004095568",17
1.43805844654415E+018,"3 : 0.3318069, 13 : 0.28907445, 12 : 0.14312476",17
1.43778043398327E+018,"7 : 0.67578727, 2 : 0.044946887, 13 : 0.041449253",17
1.43719577307811E+018,"2 : 0.107189335, 2 : 0.07491079, 2 : 0.056566156",17
1.43484397947231E+018,"7 : 0.19435577, 2 : 0.13471834, 13 : 0.10162932",17
1.4333408986335E+018,"7 : 0.43284693, 7 : 0.15151316, 2 : 0.10377568",17
1.43265972568575E+018,"2 : 0.42678654, 3 : 0.24840169, 7 : 0.1189559",17
1.43184486198402E+018,"7 : 0.22055162, 2 : 0.19311538, 7 : 0.045173664",17
1.42959858615267E+018,"7 : 0.42232415, 7 : 0.19936019, 2 : 0.16758235",17
1.42844625773454E+018,"7 : 0.20416217, 5 : 0.02399989, 2 : 0.02295871",17
1.42823709178801E+018,"2 : 0.29163593, 7 : 0.22649263, 7 : 0.04947427",17
1.42547001531043E+018,"7 : 0.12213291, 7 : 0.05090534, 8 : 0.038572833",17
1.42336563357966E+018,"2 : 0.045840055, 2 : 0.041047323, 12 : 0.037598968",17
1.42192788889857E+018,"3 : 0.136305, 2 : 0.08904679, 12 : 0.04220002",17
1.42179547352994E+018,"6 : 0.06583128, 6 : 0.055233173, 6 : 0.054973915",17
2.19711639815187E+018,"2 : 0.516244, 2 : 0.23365359, 3 : 0.16698532",17
2.19641678372304E+018,"10 : 0.11384983, 14 : 0.07536624, 2 : 0.05242334",17
2.19566684383738E+018,"2 : 0.8518992, 2 : 0.051072143, 8 : 0.013519368",17
2.19497226269052E+018,"2 : 0.2427889, 7 : 0.23259303, 3 : 0.13668622",17
2.19278285388732E+018,"2 : 0.3833986, 12 : 0.12672628, 12 : 0.109987415",17
2.19202785407853E+018,"3 : 0.32002577, 2 : 0.24653828, 3 : 0.14844081",17
2.19131818571807E+018,"7 : 0.18292044, 5 : 0.05960294, 2 : 0.046275143",17
2.19058592758291E+018,"7 : 0.39475283, 7 : 0.08240225, 7 : 0.04214698",17
2.19003470177566E+018,"2 : 0.46045905, 3 : 0.11751608, 2 : 0.07584594",17
2.18915895268326E+018,"12 : 0.6610357, 2 : 0.08258933, 14 : 0.00869467",17
2.18707520451398E+018,"3 : 0.45435724, 6 : 0.108869456, 6 : 0.07151052",17
2.17755503888518E+018,"13 : 0.92479026, 9 : 0.035392933, 13 : 0.03372412",17
2.17683021131967E+018,"7 : 0.8018118, 7 : 0.06331449, 7 : 0.022726342",17
2.17610543837289E+018,"6 : 0.41334188, 5 : 0.06542957, 6 : 0.060773432",17
2.17538076308014E+018,"4 : 0.8246386, 12 : 0.008532869, 12 : 0.008224803",17
2.17174922856129E+018,"2 : 0.6113864, 12 : 0.188511, 12 : 0.034506388",17
2.16158728109408E+018,"2 : 0.6157637, 2 : 0.33279857, 3 : 0.00845177",17
2.1601151746025E+018,"3 : 0.17052096, 4 : 0.1285036, 2 : 0.10373474",17
2.15874112780947E+018,"6 : 0.61945975, 6 : 0.22896506, 6 : 0.010837303",17
2.15578173689857E+018,"2 : 0.4545854, 2 : 0.08310629, 7 : 0.064610444",17
2.15529884474128E+018,"2 : 0.1887754, 5 : 0.048215788, 5 : 0.030919211",17
2.1551095741057E+018,"3 : 0.56423956, 5 : 0.03888924, 6 : 0.018403284",17
2.15457448792041E+018,"13 : 0.18878809, 13 : 0.060821008, 7 : 0.054670513",17
2.15443773174093E+018,"6 : 0.39181694, 6 : 0.27120402, 3 : 0.019847805",17
2.15431697887615E+018,"2 : 0.27937365, 2 : 0.254693, 3 : 0.18332677",17
2.15150079315739E+018,"9 : 0.3567451, 13 : 0.11976874, 7 : 0.049761213",17
2.15092014823238E+018,"12 : 0.6481972, 9 : 0.07498194, 9 : 0.031321876",17
2.15069311648747E+018,"6 : 0.107162826, 6 : 0.09381817, 2 : 0.03554188",17
2.1502325502664E+018,"5 : 0.11307461, 3 : 0.099909015, 3 : 0.059813924",17
2.14999086103994E+018,"13 : 0.112149134, 2 : 0.08768698, 2 : 0.045330025",17
2.14950776999716E+018,"4 : 0.17812163, 9 : 0.12592275, 13 : 0.024779515",17
2.14786957222115E+018,"5 : 0.6540203, 6 : 0.012772592, 6 : 0.01146816",17
2.14717514365516E+018,"13 : 0.6851351, 14 : 0.040541515, 2 : 0.01557844",17
2.14709938579252E+018,"2 : 0.1856466, 13 : 0.04203086, 4 : 0.02750302",17
2.07107339363707E+018,"2 : 0.22893645, 2 : 0.15078469, 14 : 0.029690541",17
2.07107014115574E+018,"2 : 0.32332337, 2 : 0.06182188, 7 : 0.055815928",17
2.07106848044614E+018,"2 : 0.22865589, 2 : 0.12941681, 7 : 0.11286529",17
2.07094344428451E+018,"7 : 0.92901975, 7 : 0.018638633, 10 : 0.009242777",17
2.06951143213704E+018,"7 : 0.6571775, 2 : 0.25840133, 12 : 0.008691093",17
2.06263729050669E+018,"9 : 0.18678512, 8 : 0.07938469, 1 : 0.0549192",17
2.06236086841658E+018,"12 : 0.32244802, 2 : 0.12298388, 7 : 0.042922642",17
2.06178756968899E+018,"11 : 0.34349373, 9 : 0.29292655, 8 : 0.08706107",17
2.06155335320227E+018,"1 : 0.86021125, 11 : 0.03143659, 11 : 0.016729476",17
2.06018098364217E+018,"2 : 0.4196162, 8 : 0.04875115, 8 : 0.04666777",17
2.05509386252904E+018,"3 : 0.064655356, 2 : 0.048596006, 7 : 0.04637521",17
2.04995945000719E+018,"12 : 0.25482407, 12 : 0.17772613, 12 : 0.12341504",17
2.0486260618072E+018,"7 : 0.91986394, 14 : 0.023413943, 7 : 0.017592555",17
2.04781155108126E+018,"13 : 0.9439735, 13 : 0.014210569, 13 : 0.004648434",17
1.96122539389554E+018,"7 : 0.59225726, 4 : 0.1524991, 7 : 0.023915486",17
1.85949617642686E+018,"2 : 0.25676817, 7 : 0.13915129, 8 : 0.060025882",17
2.18576445681501E+018,"2 : 0.2522932, 7 : 0.043051466, 11 : 0.023769768",17
2.18868520884121E+018,"7 : 0.21987353, 7 : 0.0450217, 13 : 0.039209463",17
2.15358860083543E+018,"14 : 0.18601589, 6 : 0.044858694, 6 : 0.040490624",17
2.1545878770871E+018,"10 : 0.18991473, 8 : 0.041177206, 6 : 0.036050294",17
2.16564248003756E+018,"13 : 0.8569705, 9 : 0.013566441, 2 : 0.009225803",17
2.2029447866173E+018,"5 : 0.29277813, 3 : 0.08092433, 5 : 0.06425649",17
2.15576953983773E+018,"6 : 0.097411826, 10 : 0.06575145, 9 : 0.05502443",17
2.17114985506224E+018,"3 : 0.6143153, 7 : 0.03713451, 13 : 0.031489976",17
2.15874450060078E+018,"9 : 0.24631384, 2 : 0.13537273, 12 : 0.07177",17
2.15685281939163E+018,"2 : 0.099994905, 10 : 0.09732365, 2 : 0.037698075",17
2.15685395408507E+018,"4 : 0.53061634, 1 : 0.29616338, 7 : 0.028632795",17
2.03483625729293E+018,"2 : 0.07893667, 2 : 0.07133602, 8 : 0.054012455",17
2.03433274950209E+018,"2 : 0.057128187, 3 : 0.036824204, 6 : 0.034623124",17
1.98410961501859E+018,"2 : 0.29823893, 11 : 0.18856941, 7 : 0.15862161",17
1.98158587996282E+018,"2 : 0.17895834, 7 : 0.13577557, 10 : 0.113970995",17
1.98008367583374E+018,"7 : 0.2006671, 13 : 0.11656168, 8 : 0.11465846",17
1.97866347448341E+018,"4 : 0.116038114, 7 : 0.09306437, 7 : 0.076759115",17
1.97761971225283E+018,"7 : 0.31769282, 2 : 0.17977355, 2 : 0.11850149",17
1.97687667024375E+018,"12 : 0.21648607, 12 : 0.06811646, 4 : 0.06669121",17
1.97615592080109E+018,"2 : 0.17946588, 2 : 0.1646851, 2 : 0.096568234",17
1.9402643831689E+018,"2 : 0.09381645, 2 : 0.06903524, 8 : 0.051117007",17
1.93941623076056E+018,"14 : 0.2659563, 9 : 0.23412137, 7 : 0.12264567",17
1.93739149323463E+018,"7 : 0.15099753, 7 : 0.13596688, 12 : 0.020262629",17
1.93711584908701E+018,"12 : 0.56444854, 7 : 0.10873002, 12 : 0.062091235",17
1.93626701549888E+018,"6 : 0.21638075, 2 : 0.10141291, 3 : 0.08133616",17
1.83981690933262E+018,"3 : 0.28424725, 12 : 0.19011134, 7 : 0.07440824",17
1.79934777899051E+018,"2 : 0.095764354, 12 : 0.0821717, 7 : 0.05913607",17
1.77972114654533E+018,"12 : 0.34478697, 7 : 0.13327229, 12 : 0.03228744",17
1.4877049459511E+018,"8 : 0.23496227, 9 : 0.089895785, 2 : 0.054350838",17
1.45432476241018E+018,"13 : 0.9085536, 12 : 0.009110458, 7 : 0.004310185",17
2.03628286848952E+018,"13 : 0.21929286, 1 : 0.043240502, 2 : 0.031839125",17
2.20988698384151E+018,"3 : 0.7211365, 1 : 0.17440988, 1 : 0.0041406564",17
2.2096736454591E+018,"11 : 0.31197742, 2 : 0.14331225, 11 : 0.12799522",17
2.20765926443314E+018,"11 : 0.36675084, 1 : 0.24623825, 11 : 0.24462919",17
2.20478496716722E+018,"11 : 0.92436016, 11 : 0.008011313, 11 : 0.0041018524",17
2.20478400734251E+018,"11 : 0.8885502, 11 : 0.02320866, 1 : 0.010560875",17
2.20478268356162E+018,"11 : 0.46802455, 7 : 0.20505372, 7 : 0.11687192",17
2.20478112932865E+018,"11 : 0.85844606, 1 : 0.033177588, 13 : 0.018931264",17
2.20477912012292E+018,"11 : 0.19702053, 2 : 0.12848388, 10 : 0.06400659",17
2.20477853425392E+018,"1 : 0.4561529, 11 : 0.2538337, 11 : 0.032051466",17
2.20477743343369E+018,"11 : 0.6893797, 11 : 0.058888998, 11 : 0.051153384",17
2.20477634556551E+018,"11 : 0.9334848, 11 : 0.013260219, 2 : 0.008026719",17
2.20477505318296E+018,"11 : 0.40927953, 7 : 0.14423226, 11 : 0.056505382",17
2.20477297357166E+018,"7 : 0.5452785, 13 : 0.1055472, 9 : 0.05272279",17
2.20477188870644E+018,"11 : 0.5644987, 11 : 0.04155782, 11 : 0.037982974",17
2.20477113547658E+018,"7 : 0.24809952, 13 : 0.20955499, 11 : 0.20643672",17
2.20476981862457E+018,"11 : 0.6421754, 1 : 0.057935458, 1 : 0.046465557",17
2.20476827612735E+018,"11 : 0.71134615, 1 : 0.19641899, 11 : 0.0184915",17
2.20476701239177E+018,"11 : 0.8984191, 11 : 0.00782484, 11 : 0.0031782158",17
2.20476531176933E+018,"4 : 0.5570868, 7 : 0.16015841, 11 : 0.03886694",17
2.20466964753686E+018,"11 : 0.5541633, 1 : 0.21194986, 11 : 0.10937872",17
2.20397645057065E+018,"11 : 0.65671366, 11 : 0.07112672, 1 : 0.034907814",17
2.19970620722159E+018,"1 : 0.7837098, 1 : 0.0091491975, 13 : 0.0067617246",17
2.19795593264114E+018,"9 : 0.21520995, 10 : 0.15431711, 9 : 0.067591995",17
2.19678817386633E+018,"4 : 0.47009867, 4 : 0.07236667, 4 : 0.056440763",17
2.1949906697717E+018,"7 : 0.11277567, 7 : 0.04709152, 6 : 0.03295824",17
2.18857391823589E+018,"11 : 0.4902531, 2 : 0.35219958, 9 : 0.011573891",17
2.18368086118282E+018,"2 : 0.13350582, 2 : 0.086954705, 2 : 0.068158455",17
2.18149004079473E+018,"11 : 0.8848529, 13 : 0.025297843, 2 : 0.011042681",17
2.180837747905E+018,"11 : 0.43423998, 11 : 0.31419364, 1 : 0.07570431",17
2.17760667002033E+018,"11 : 0.93609744, 1 : 0.012610342, 11 : 0.011063244",17
2.17638408500446E+018,"11 : 0.18145657, 11 : 0.0774414, 1 : 0.067543276",17
2.17409043347127E+018,"10 : 0.930398, 9 : 0.018585453, 13 : 0.012742878",17
2.17358257402373E+018,"11 : 0.43952274, 11 : 0.33327007, 1 : 0.07862924",17
2.17139606444036E+018,"1 : 0.68287617, 11 : 0.1381462, 11 : 0.095140465",17
2.16995659277774E+018,"13 : 0.8764672, 9 : 0.02574759, 5 : 0.018006567",17
2.16908669491821E+018,"1 : 0.28218576, 11 : 0.13022976, 11 : 0.08704504",17
2.16816423877872E+018,"11 : 0.5646164, 1 : 0.10389634, 2 : 0.055500917",17
2.16557163549199E+018,"11 : 0.49037898, 11 : 0.23049527, 1 : 0.056095377",17
2.16476815754553E+018,"1 : 0.63229597, 11 : 0.06034613, 1 : 0.052007455",17
2.16379229459597E+018,"11 : 0.34266648, 4 : 0.106563665, 12 : 0.055076763",17
2.16198247939662E+018,"11 : 0.68973875, 1 : 0.14619549, 11 : 0.07661871",17
2.1608560891671E+018,"10 : 0.20125964, 7 : 0.07825986, 7 : 0.077789105",17
2.15952290344465E+018,"1 : 0.89397424, 11 : 0.038426075, 7 : 0.009467835",17
2.15764082464971E+018,"1 : 0.2911565, 11 : 0.21456398, 11 : 0.17575201",17
2.15528092823529E+018,"1 : 0.18600024, 11 : 0.04428977, 7 : 0.042877957",17
2.15388262073861E+018,"7 : 0.18471272, 13 : 0.07419492, 13 : 0.07171953",17
2.15306948442071E+018,"11 : 0.6123725, 11 : 0.114458896, 1 : 0.11421607",17
2.15189179037064E+018,"2 : 0.2664761, 2 : 0.12749256, 7 : 0.055692438",17
2.148887233062E+018,"11 : 0.30650815, 11 : 0.2674836, 2 : 0.09381726",17
2.14580423504758E+018,"11 : 0.78032005, 1 : 0.1118467, 11 : 0.029800909",17
2.14294376098468E+018,"11 : 0.63722384, 1 : 0.26807883, 1 : 0.014493026",17
2.14230060685182E+018,"11 : 0.68599015, 1 : 0.20902692, 11 : 0.015632149",17
2.13941255028173E+018,"11 : 0.8100385, 2 : 0.062163923, 2 : 0.011614857",17
2.13875858213616E+018,"7 : 0.99824345, 7 : 0.00048056678, 7 : 0.00018679189",17
2.137995786366E+018,"10 : 0.43972585, 7 : 0.19319026, 7 : 0.06556499",17
2.13557945445017E+018,"11 : 0.75518733, 7 : 0.10473249, 11 : 0.050880823",17
2.13505708391021E+018,"11 : 0.4514324, 1 : 0.21182398, 1 : 0.16041304",17
2.13428878758557E+018,"13 : 0.10638403, 3 : 0.061781753, 12 : 0.056503583",17
2.13427379724376E+018,"7 : 0.034599114, 7 : 0.024350971, 7 : 0.020960638",17
2.13411931483649E+018,"2 : 0.32837844, 3 : 0.16103332, 7 : 0.03165195",17
2.13362549663472E+018,"11 : 0.87057406, 1 : 0.053466313, 11 : 0.010358227",17
2.13230780693303E+018,"11 : 0.50595194, 11 : 0.18225138, 1 : 0.091848806",17
2.13145653234549E+018,"11 : 0.50088805, 1 : 0.3765019, 11 : 0.017380396",17
2.12984866699588E+018,"11 : 0.4123047, 11 : 0.2779859, 1 : 0.072952084",17
2.12688910878936E+018,"11 : 0.70525086, 11 : 0.122638054, 1 : 0.053789187",17
2.12538509605281E+018,"2 : 0.6171501, 11 : 0.022071958, 9 : 0.0203026",17
2.12295797231646E+018,"2 : 0.2670075, 13 : 0.14522186, 2 : 0.09503125",17
2.12059275705464E+018,"11 : 0.32830206, 1 : 0.23051818, 11 : 0.22489646",17
2.12002891247504E+018,"11 : 0.64555633, 1 : 0.1060145, 11 : 0.05775975",17
2.1200278506116E+018,"11 : 0.647977, 1 : 0.047852766, 11 : 0.037039112",17
2.11808594834809E+018,"11 : 0.5253392, 2 : 0.19476537, 8 : 0.13580409",17
2.11561122373628E+018,"1 : 0.8556456, 12 : 0.0044114827, 9 : 0.0036373518",17
2.11486143871264E+018,"11 : 0.6011597, 1 : 0.17475976, 1 : 0.042376164",17
2.11416725656042E+018,"11 : 0.48901722, 2 : 0.13623802, 2 : 0.04707816",17
2.11316565622148E+018,"11 : 0.5579497, 1 : 0.20110226, 11 : 0.16350129",17
2.11161237878065E+018,"1 : 0.6042525, 1 : 0.17979182, 11 : 0.08954391",17
2.1104592962204E+018,"11 : 0.5771795, 1 : 0.18527192, 11 : 0.1733928",17
2.10945849593496E+018,"1 : 0.7568527, 11 : 0.020148525, 11 : 0.018614018",17
2.10729602068516E+018,"11 : 0.9261459, 11 : 0.03305451, 1 : 0.004066144",17
2.10528142166608E+018,"11 : 0.5847554, 1 : 0.18015085, 1 : 0.062991776",17
2.10527130456845E+018,"4 : 0.34660804, 12 : 0.23039253, 12 : 0.058038592",17
2.10259631973148E+018,"13 : 0.7699412, 13 : 0.092707425, 13 : 0.017828135",17
2.1009847641577E+018,"11 : 0.5553517, 11 : 0.2657431, 1 : 0.049209572",17
2.10037975951892E+018,"11 : 0.49074048, 11 : 0.41782436, 1 : 0.023018153",17
2.09939308118807E+018,"11 : 0.57489884, 11 : 0.2815949, 1 : 0.014038448",17
2.09824528770904E+018,"11 : 0.49535662, 2 : 0.28957868, 11 : 0.03036229",17
2.09799730377314E+018,"7 : 0.08686592, 7 : 0.085054226, 8 : 0.07533533",17
2.09456483596987E+018,"11 : 0.8006526, 11 : 0.076336935, 11 : 0.013216577",17
2.0934646864326E+018,"3 : 0.19202071, 11 : 0.14493793, 13 : 0.13428341",17
2.09163822948582E+018,"11 : 0.6342596, 11 : 0.19182229, 1 : 0.067160964",17
2.09010845422531E+018,"11 : 0.48191303, 1 : 0.35583246, 11 : 0.04745896",17
2.08857756361355E+018,"11 : 0.8459505, 1 : 0.08152423, 11 : 0.023885682",17
2.08783822704729E+018,"11 : 0.6373244, 2 : 0.11125581, 8 : 0.05259689",17
2.08645089720308E+018,"11 : 0.346296, 11 : 0.28288034, 1 : 0.19028416",17
2.08283366692929E+018,"12 : 0.898618, 9 : 0.0019919465, 11 : 0.0016750514",17
2.08233285718326E+018,"11 : 0.60819095, 11 : 0.23716643, 1 : 0.06830739",17
2.0807107912894E+018,"11 : 0.7366243, 11 : 0.17066944, 1 : 0.013171155",17
2.07942695725632E+018,"7 : 0.19905235, 7 : 0.07927351, 2 : 0.07437011",17
2.07763413813083E+018,"11 : 0.6524045, 1 : 0.15701438, 11 : 0.07988588",17
2.07619349298832E+018,"11 : 0.84739935, 2 : 0.014032563, 2 : 0.012401995",17
2.07608869619848E+018,"11 : 0.41442412, 1 : 0.2513009, 11 : 0.09927164",17
2.07346477578804E+018,"1 : 0.15264893, 2 : 0.06868704, 1 : 0.06643977",17
2.07273169893213E+018,"11 : 0.8212033, 2 : 0.10779674, 2 : 0.007307462",17
2.07059891377023E+018,"11 : 0.3415171, 1 : 0.30338362, 1 : 0.039471127",17
2.06882131340199E+018,"11 : 0.60453594, 7 : 0.058322296, 11 : 0.05396928",17
2.06806018388474E+018,"11 : 0.4355954, 2 : 0.2695923, 11 : 0.13374345",17
2.06713083769613E+018,"1 : 0.42021304, 11 : 0.2694336, 11 : 0.18392779",17
2.06630915531412E+018,"1 : 0.5510411, 11 : 0.2325002, 11 : 0.084847935",17
2.06533658657692E+018,"11 : 0.70870394, 2 : 0.047698002, 13 : 0.037096333",17
2.06402858700241E+018,"8 : 0.5086476, 11 : 0.115356795, 2 : 0.10102357",17
2.06292287726707E+018,"7 : 0.8909966, 7 : 0.0059477966, 13 : 0.0022887497",17
2.06239715043787E+018,"11 : 0.3383824, 1 : 0.074490756, 11 : 0.07143028",17
2.06191358076634E+018,"1 : 0.7324541, 8 : 0.03526939, 8 : 0.011837111",17
2.06184815290378E+018,"11 : 0.49874172, 1 : 0.23911582, 11 : 0.08273408",17
2.06170155180375E+018,"11 : 0.8570299, 11 : 0.09342335, 1 : 0.0036382854",17
2.06123556883867E+018,"11 : 0.7881621, 11 : 0.039771367, 1 : 0.03958397",17
2.05803392747127E+018,"1 : 0.73940784, 11 : 0.13150601, 11 : 0.032670032",17
2.05688576679934E+018,"1 : 0.8896695, 3 : 0.017708078, 11 : 0.010714389",17
2.0568778277955E+018,"1 : 0.30013296, 1 : 0.09837635, 7 : 0.085538864",17
2.05442078426875E+018,"11 : 0.845373, 2 : 0.030845555, 11 : 0.012596861",17
2.05403004644013E+018,"1 : 0.57231987, 11 : 0.19328539, 1 : 0.017452497",17
2.05318082424202E+018,"11 : 0.465137, 11 : 0.24684343, 1 : 0.071510755",17
2.05152416875092E+018,"11 : 0.4380434, 11 : 0.11955915, 11 : 0.10054989",17
2.05091661694657E+018,"1 : 0.9438083, 11 : 0.009165465, 1 : 0.0029505177",17
2.04927120153832E+018,"2 : 0.5468049, 11 : 0.2517791, 11 : 0.020730603",17
2.04849343587489E+018,"11 : 0.5309697, 2 : 0.2619944, 11 : 0.021824956",17
2.04486744731575E+018,"8 : 0.6766633, 8 : 0.12368195, 7 : 0.047777522",17
2.04371913748627E+018,"2 : 0.47684816, 11 : 0.27010638, 11 : 0.03763672",17
2.04338902895212E+018,"11 : 0.6243756, 11 : 0.2100516, 1 : 0.050932113",17
2.04315639060569E+018,"3 : 0.11873917, 2 : 0.10813372, 3 : 0.02463318",17
2.04294413535187E+018,"11 : 0.63305646, 11 : 0.3340325, 11 : 0.0032570267",17
2.04248402427939E+018,"11 : 0.8143584, 11 : 0.067213565, 1 : 0.041171513",17
2.04230149306697E+018,"11 : 0.46578255, 11 : 0.16810186, 1 : 0.11226521",17
2.04226104644548E+018,"11 : 0.8421465, 1 : 0.031477887, 11 : 0.030601423",17
2.04201150971999E+018,"7 : 0.8563224, 4 : 0.027127996, 7 : 0.008761497",17
2.04162605764353E+018,"1 : 0.8749604, 3 : 0.014475897, 1 : 0.0075471485",17
2.0413474961057E+018,"11 : 0.80387574, 11 : 0.07294031, 11 : 0.020557767",17
2.04020739554497E+018,"8 : 0.766124, 13 : 0.11087396, 13 : 0.012487234",17
2.03997143313623E+018,"11 : 0.7710868, 11 : 0.10605412, 1 : 0.011452321",17
2.03923536451808E+018,"7 : 0.32025337, 9 : 0.09754582, 1 : 0.04448373",17
2.03885583417142E+018,"11 : 0.50436354, 11 : 0.37422612, 11 : 0.012838568",17
2.03786171880198E+018,"1 : 0.41042888, 11 : 0.30026472, 11 : 0.20901313",17
2.03654639063016E+018,"11 : 0.9544002, 11 : 0.016822942, 1 : 0.0021449125",17
2.03651505385256E+018,"13 : 0.13714375, 8 : 0.05824461, 8 : 0.032321613",17
2.03645884549805E+018,"11 : 0.6333258, 11 : 0.04534968, 1 : 0.0448418",17
2.03639822891277E+018,"11 : 0.4392255, 11 : 0.33297357, 11 : 0.04679481",17
2.03637843251799E+018,"11 : 0.65613985, 11 : 0.21234019, 1 : 0.01671171",17
2.03635860764723E+018,"11 : 0.38151282, 13 : 0.08877581, 1 : 0.0788059",17
2.03580717846581E+018,"1 : 0.44447142, 11 : 0.33656377, 1 : 0.036862683",17
2.03552174543293E+018,"1 : 0.82586807, 11 : 0.062014192, 11 : 0.023956463",17
2.03504658003879E+018,"11 : 0.9077459, 11 : 0.043176048, 1 : 0.013473093",17
2.03486034974557E+018,"2 : 0.71538645, 11 : 0.09610088, 13 : 0.028868923",17
2.03345653219399E+018,"11 : 0.62274766, 11 : 0.31868565, 1 : 0.019904437",17
2.03235715423688E+018,"11 : 0.2886555, 7 : 0.048650216, 12 : 0.03925802",17
2.03217641355118E+018,"11 : 0.9643724, 11 : 0.007015179, 1 : 0.0024695348",17
2.0319852124261E+018,"13 : 0.13162225, 11 : 0.079550065, 7 : 0.060108125",17
2.03142175585306E+018,"13 : 0.072081715, 6 : 0.058113214, 2 : 0.05195177",17
2.03083896132012E+018,"11 : 0.63350475, 11 : 0.119000636, 1 : 0.060889985",17
2.03074285069126E+018,"11 : 0.48188585, 11 : 0.3611837, 1 : 0.060799707",17
2.02993931097098E+018,"2 : 0.25000817, 11 : 0.09591015, 13 : 0.089646064",17
2.02990661389821E+018,"11 : 0.73075354, 1 : 0.13122822, 1 : 0.019432163",17
2.0290607342473E+018,"11 : 0.49366567, 11 : 0.22271933, 1 : 0.043327227",17
2.0286525467645E+018,"11 : 0.3099958, 11 : 0.17106766, 1 : 0.053725846",17
2.0278578242934E+018,"1 : 0.48251098, 11 : 0.20113705, 11 : 0.0631539",17
2.02731616668412E+018,"11 : 0.7371206, 11 : 0.015737219, 11 : 0.013041823",17
2.02713567332609E+018,"8 : 0.633079, 8 : 0.10744857, 8 : 0.046205517",17
2.02709055105197E+018,"11 : 0.5464343, 11 : 0.22356474, 1 : 0.047682393",17
2.02701525712962E+018,"2 : 0.73112667, 3 : 0.07642361, 2 : 0.021976743",17
2.02677684274983E+018,"11 : 0.5530123, 2 : 0.3736263, 2 : 0.021043323",17
2.02638278283783E+018,"11 : 0.7140681, 1 : 0.12409122, 11 : 0.056982756",17
2.02619267782225E+018,"1 : 0.5585315, 11 : 0.20828843, 1 : 0.06943845",17
2.02543529256892E+018,"11 : 0.43581012, 11 : 0.3046462, 11 : 0.04156394",17
2.02541431771026E+018,"11 : 0.8244151, 2 : 0.084344044, 2 : 0.014316058",17
2.02494125308225E+018,"7 : 0.24624462, 9 : 0.039305463, 10 : 0.0385451",17
2.02418548507707E+018,"11 : 0.84345347, 11 : 0.076288775, 1 : 0.010925695",17
2.0235726712679E+018,"11 : 0.49996996, 11 : 0.2594906, 11 : 0.058236104",17
2.02328802941518E+018,"2 : 0.4983223, 2 : 0.055191927, 2 : 0.02302297",17
2.02285207327985E+018,"11 : 0.89489174, 11 : 0.022363877, 11 : 0.0035378954",17
2.02202359217431E+018,"11 : 0.23656163, 11 : 0.12738386, 11 : 0.06462226",17
2.0219365795276E+018,"1 : 0.7236627, 11 : 0.24139522, 11 : 0.0092439875",17
2.02131989017818E+018,"11 : 0.78139085, 11 : 0.07666728, 2 : 0.0759944",17
2.02123357320686E+018,"1 : 0.09408604, 7 : 0.074063, 1 : 0.06648107",17
2.02104247998558E+018,"1 : 0.6501306, 11 : 0.232675, 1 : 0.01949068",17
2.01995245848462E+018,"7 : 0.39062792, 7 : 0.07710082, 4 : 0.028589664",17
2.01883540474225E+018,"2 : 0.63424706, 11 : 0.09356224, 11 : 0.05643483",17
2.01811593299165E+018,"11 : 0.4834719, 1 : 0.22494459, 11 : 0.18616293",17
2.01691915927201E+018,"11 : 0.7423965, 10 : 0.038334236, 3 : 0.03137564",17
2.01625730757209E+018,"7 : 0.3459798, 2 : 0.12182032, 7 : 0.033497524",17
2.01380471526068E+018,"11 : 0.6770594, 11 : 0.23301925, 1 : 0.025085986",17
2.01331000959262E+018,"11 : 0.4127528, 1 : 0.09300348, 1 : 0.069597095",17
2.01264721951082E+018,"11 : 0.45542338, 11 : 0.16963719, 11 : 0.10135346",17
2.01118489718921E+018,"11 : 0.76781446, 11 : 0.09764859, 11 : 0.02812404",17
2.00968091163043E+018,"11 : 0.91084784, 1 : 0.024154326, 11 : 0.008526434",17
2.00724590865292E+018,"11 : 0.56474596, 11 : 0.257111, 1 : 0.027174676",17
2.00686211044251E+018,"2 : 0.49880192, 11 : 0.28127706, 11 : 0.02659399",17
2.00620410495076E+018,"11 : 0.7911423, 2 : 0.06519291, 11 : 0.00997082",17
2.00585919344295E+018,"11 : 0.78767353, 11 : 0.046178173, 11 : 0.02822107",17
2.00457030413083E+018,"11 : 0.7264972, 1 : 0.23232937, 11 : 0.0034166703",17
2.003267169297E+018,"11 : 0.60431725, 1 : 0.10883796, 11 : 0.05663308",17
2.00232281786685E+018,"11 : 0.19920884, 1 : 0.1310619, 1 : 0.094689906",17
2.00232246827181E+018,"11 : 0.378291, 11 : 0.25571746, 8 : 0.023819955",17
2.00207969152913E+018,"7 : 0.32054043, 7 : 0.061754413, 13 : 0.02932227",17
2.00149258221626E+018,"11 : 0.5386945, 1 : 0.22135288, 11 : 0.04151631",17
2.00041648330953E+018,"11 : 0.6264382, 12 : 0.1297074, 4 : 0.054866023",17
1.99825465037007E+018,"11 : 0.20192131, 2 : 0.20001128, 11 : 0.089427084",17
1.99805339178474E+018,"1 : 0.74201435, 9 : 0.08692102, 11 : 0.017411813",17
1.99743191155927E+018,"6 : 0.10074427, 7 : 0.06993402, 6 : 0.066462815",17
1.99663055647727E+018,"7 : 0.3697101, 7 : 0.16343571, 11 : 0.13116732",17
1.99536441898605E+018,"11 : 0.8152717, 1 : 0.10538543, 11 : 0.015613668",17
1.99497797493992E+018,"11 : 0.7409878, 2 : 0.19841959, 11 : 0.0049739876",17
1.99370173878052E+018,"11 : 0.8489521, 8 : 0.021073936, 2 : 0.02064915",17
1.99312024934075E+018,"11 : 0.63971466, 2 : 0.25449514, 11 : 0.030748852",17
1.99159635287411E+018,"11 : 0.15048583, 11 : 0.10669792, 7 : 0.09545309",17
1.9914344790297E+018,"1 : 0.7527708, 11 : 0.18609138, 11 : 0.02210755",17
1.98974466998401E+018,"1 : 0.89963704, 11 : 0.032448642, 11 : 0.016738778",17
1.98871895698347E+018,"1 : 0.44399673, 11 : 0.43582532, 11 : 0.045199342",17
1.98852958513145E+018,"1 : 0.29125232, 2 : 0.08510199, 2 : 0.0626942",17
1.98783070405169E+018,"1 : 0.77202606, 11 : 0.078733966, 1 : 0.021600723",17
1.98737423593403E+018,"13 : 0.8881102, 13 : 0.07593451, 13 : 0.028496223",17
1.98729782131895E+018,"11 : 0.7619619, 2 : 0.050440017, 11 : 0.016195728",17
1.98717011612032E+018,"11 : 0.70598733, 11 : 0.040622927, 2 : 0.036324654",17
1.98703750328199E+018,"11 : 0.8156163, 1 : 0.0445215, 11 : 0.035446737",17
1.98575115395828E+018,"1 : 0.8794351, 11 : 0.06975489, 11 : 0.020979522",17
1.98446100356521E+018,"11 : 0.5103154, 11 : 0.22540353, 11 : 0.115133315",17
1.9825040583141E+018,"11 : 0.58020896, 1 : 0.20124552, 11 : 0.027026493",17
1.98207661533403E+018,"1 : 0.6088453, 11 : 0.16865966, 11 : 0.11392716",17
1.98149476783353E+018,"2 : 0.55710864, 11 : 0.2465073, 11 : 0.09059883",17
1.98120266099225E+018,"11 : 0.39797255, 11 : 0.32246324, 1 : 0.13606313",17
1.97903029049363E+018,"2 : 0.593579, 2 : 0.06775395, 7 : 0.04591175",17
1.97864859639731E+018,"11 : 0.92399603, 2 : 0.022038158, 11 : 0.003460093",17
1.97743488340039E+018,"11 : 0.6576434, 11 : 0.14171709, 11 : 0.045679677",17
1.97552673080785E+018,"2 : 0.7682611, 12 : 0.02876519, 2 : 0.011784037",17
1.97430415699904E+018,"2 : 0.8448432, 7 : 0.048332065, 11 : 0.01708968",17
1.97405555648232E+018,"11 : 0.764429, 2 : 0.05076226, 11 : 0.026127916",17
1.97259634712327E+018,"7 : 0.26561582, 2 : 0.02756134, 6 : 0.025556268",17
1.97187528743637E+018,"1 : 0.6969691, 11 : 0.14651969, 11 : 0.074925594",17
1.97133429402662E+018,"1 : 0.49637434, 1 : 0.3168744, 1 : 0.07444383",17
1.97125120355756E+018,"10 : 0.15740952, 10 : 0.091972895, 7 : 0.05231677",17
1.97061423607577E+018,"2 : 0.9707155, 1 : 0.0070764315, 11 : 0.005666722",17
1.96841463922214E+018,"11 : 0.62895405, 11 : 0.21570231, 1 : 0.0875635",17
1.96612141419011E+018,"11 : 0.7824068, 2 : 0.06123391, 3 : 0.027953207",17
1.96529415034558E+018,"8 : 0.27301827, 1 : 0.21770412, 11 : 0.13644412",17
1.96337205030923E+018,"9 : 0.6821319, 7 : 0.037972927, 5 : 0.02156085",17
1.96239052576109E+018,"11 : 0.5361303, 11 : 0.070411965, 1 : 0.06432085",17
1.96091824325027E+018,"11 : 0.8262336, 11 : 0.1160861, 1 : 0.0083369715",17
1.96017864037031E+018,"1 : 0.27195558, 13 : 0.054468382, 1 : 0.03958761",17
1.95964530920707E+018,"3 : 0.28925216, 11 : 0.15199427, 4 : 0.12318472",17
1.95874897473987E+018,"11 : 0.48990843, 1 : 0.1658312, 1 : 0.10906858",17
1.95729070346361E+018,"1 : 0.88323915, 11 : 0.013182062, 1 : 0.008542342",17
1.95614360940114E+018,"11 : 0.30341387, 11 : 0.17926908, 1 : 0.17766377",17
1.95594196195323E+018,"11 : 0.64736086, 2 : 0.080312096, 11 : 0.06555073",17
1.95526025104738E+018,"13 : 0.42598322, 2 : 0.11250291, 13 : 0.037527014",17
1.95361646712976E+018,"11 : 0.4186375, 11 : 0.31842038, 1 : 0.040768728",17
1.95250490727811E+018,"11 : 0.55765444, 1 : 0.34991434, 11 : 0.027366534",17
1.95111233830614E+018,"11 : 0.43699643, 11 : 0.21874507, 11 : 0.15592849",17
1.95026112704255E+018,"11 : 0.8182656, 1 : 0.045757994, 11 : 0.017062424",17
1.94927649101704E+018,"1 : 0.40923396, 11 : 0.1475539, 11 : 0.112341926",17
1.94854565859347E+018,"11 : 0.6874356, 11 : 0.21725716, 1 : 0.0027281512",17
1.9478565529855E+018,"11 : 0.97943145, 11 : 0.0022441526, 11 : 0.0018756276",17
1.94734753072543E+018,"2 : 0.21974808, 11 : 0.08074672, 1 : 0.05849421",17
1.9467239754596E+018,"11 : 0.6173697, 11 : 0.25237036, 1 : 0.013317056",17
1.94663470202352E+018,"1 : 0.497234, 11 : 0.35119393, 11 : 0.08405184",17
1.9460085326756E+018,"11 : 0.7999234, 1 : 0.12546209, 11 : 0.011129894",17
1.94592836466185E+018,"11 : 0.22323787, 3 : 0.19210494, 2 : 0.018662276",17
1.94523465664521E+018,"11 : 0.24217819, 9 : 0.19021785, 13 : 0.024707664",17
1.94514436569519E+018,"1 : 0.7319026, 11 : 0.024128094, 1 : 0.021607483",17
1.94447331732061E+018,"1 : 0.22453256, 11 : 0.2108526, 1 : 0.1146013",17
1.94376021390114E+018,"11 : 0.72679037, 2 : 0.115807414, 11 : 0.015355815",17
1.94354350746594E+018,"11 : 0.955908, 2 : 0.009380875, 7 : 0.006058132",17
1.94151811816298E+018,"1 : 0.42268592, 9 : 0.048712738, 8 : 0.046824627",17
1.94082829794477E+018,"11 : 0.23847945, 11 : 0.15248825, 11 : 0.1282001",17
1.94020397230569E+018,"7 : 0.3995854, 2 : 0.10269295, 3 : 0.09917279",17
1.93918526646172E+018,"11 : 0.41202474, 1 : 0.35698226, 11 : 0.060212355",17
1.93798036887576E+018,"1 : 0.9038965, 3 : 0.031730417, 12 : 0.008669808",17
1.93644741632136E+018,"11 : 0.90908635, 1 : 0.0291613, 11 : 0.013108813",17
1.93514301894211E+018,"11 : 0.37434852, 13 : 0.08867232, 13 : 0.0848268",17
1.93365903936516E+018,"1 : 0.42340344, 11 : 0.2684153, 11 : 0.07580101",17
1.93359143736713E+018,"6 : 0.058367286, 6 : 0.049368534, 2 : 0.043189753",17
1.93298789054577E+018,"11 : 0.36381584, 11 : 0.24263422, 1 : 0.11059188",17
1.93193155402587E+018,"11 : 0.7726718, 9 : 0.10111721, 13 : 0.0114094755",17
1.93183238412803E+018,"1 : 0.7012009, 3 : 0.12558018, 11 : 0.008454125",17
1.93079827202669E+018,"11 : 0.3853759, 1 : 0.3598625, 11 : 0.05005956",17
1.93054753391681E+018,"11 : 0.9006616, 11 : 0.020978438, 1 : 0.013339533",17
1.93044355112235E+018,"11 : 0.3427293, 1 : 0.12393878, 9 : 0.10309342",17
1.93015508741049E+018,"11 : 0.33868048, 2 : 0.31867528, 10 : 0.058809012",17
1.92994512014242E+018,"11 : 0.48828277, 1 : 0.29259622, 11 : 0.099543914",17
1.92925946594156E+018,"11 : 0.8713993, 2 : 0.06610061, 11 : 0.020055288",17
1.92858403978867E+018,"2 : 0.47093475, 11 : 0.300439, 7 : 0.011357809",17
1.92789055577858E+018,"11 : 0.5850839, 1 : 0.08623941, 11 : 0.07743636",17
1.92760560346515E+018,"11 : 0.9217171, 11 : 0.016030572, 1 : 0.014624148",17
1.92705393864724E+018,"11 : 0.6370288, 1 : 0.28841522, 11 : 0.023627985",17
1.92577317346927E+018,"2 : 0.19391562, 8 : 0.1570163, 8 : 0.09571761",17
1.92538590679451E+018,"13 : 0.43685207, 2 : 0.17581245, 13 : 0.053062644",17
1.92458202631516E+018,"1 : 0.7581482, 11 : 0.0476644, 11 : 0.029693771",17
1.92411311005631E+018,"9 : 0.3738918, 11 : 0.36432958, 1 : 0.022404782",17
1.92334786524761E+018,"11 : 0.7234995, 1 : 0.24666543, 11 : 0.004952735",17
1.92241882397562E+018,"11 : 0.8183146, 1 : 0.05175336, 1 : 0.031582493",17
1.92202871466176E+018,"1 : 0.8045166, 11 : 0.048888393, 11 : 0.032315828",17
1.92124289892425E+018,"11 : 0.4662355, 11 : 0.36134037, 1 : 0.033383816",17
1.92050505419427E+018,"1 : 0.5440918, 11 : 0.24247569, 1 : 0.023764612",17
1.92039267902462E+018,"7 : 0.8357561, 7 : 0.035703607, 4 : 0.010772448",17
1.91960776018005E+018,"13 : 0.9216157, 12 : 0.009707599, 13 : 0.0054611606",17
1.91919358189589E+018,"11 : 0.4622474, 11 : 0.39312935, 1 : 0.006752257",17
1.91884103317922E+018,"11 : 0.30901775, 11 : 0.21195248, 11 : 0.20273978",17
1.91780654346449E+018,"9 : 0.56006277, 4 : 0.04618346, 4 : 0.042463787",17
1.91772195703568E+018,"7 : 0.80893296, 2 : 0.051600393, 3 : 0.028789515",17
1.91709319184245E+018,"7 : 0.5676779, 12 : 0.06722784, 12 : 0.056923866",17
1.91680062635458E+018,"11 : 0.90376633, 2 : 0.07513032, 11 : 0.0016127778",17
1.91654871315124E+018,"1 : 0.09411643, 8 : 0.08178193, 11 : 0.055539314",17
1.91600588242511E+018,"7 : 0.35946733, 7 : 0.19667527, 7 : 0.023910966",17
1.91596825381536E+018,"11 : 0.47806382, 11 : 0.2147282, 11 : 0.12374225",17
1.9155737607173E+018,"4 : 0.65654016, 12 : 0.16157264, 9 : 0.03750777",17
1.91540211534416E+018,"11 : 0.7735263, 2 : 0.08843401, 11 : 0.011419043",17
1.91486353705515E+018,"7 : 0.40771917, 4 : 0.14598505, 7 : 0.033981163",17
1.91485466614526E+018,"11 : 0.7982424, 1 : 0.08676064, 11 : 0.027863815",17
1.91462056319023E+018,"7 : 0.24454117, 2 : 0.0655567, 2 : 0.0342125",17
1.91297135511338E+018,"8 : 0.17033812, 8 : 0.12087522, 2 : 0.042863023",17
1.91166051050993E+018,"11 : 0.3481401, 11 : 0.34084818, 1 : 0.033509485",17
1.91098837794111E+018,"12 : 0.16077256, 3 : 0.08266227, 4 : 0.07786277",17
1.91042552294746E+018,"11 : 0.8036635, 2 : 0.10871882, 2 : 0.020374516",17
1.90968243092506E+018,"11 : 0.66651267, 2 : 0.07778712, 8 : 0.026122738",17
1.90902604391478E+018,"1 : 0.17041612, 2 : 0.12901074, 1 : 0.12521406",17
1.90878997472975E+018,"11 : 0.20963183, 11 : 0.09980976, 1 : 0.069878444",17
1.90827482802281E+018,"11 : 0.49565917, 11 : 0.24785452, 1 : 0.09534997",17
1.90762627223075E+018,"5 : 0.95250803, 2 : 0.002261885, 6 : 0.0008173046",17
1.90515205061686E+018,"11 : 0.27353713, 11 : 0.2385641, 2 : 0.15479429",17
1.90442946669455E+018,"11 : 0.36719725, 10 : 0.08636607, 12 : 0.0579582",17
1.9040554354239E+018,"1 : 0.8219134, 11 : 0.036289863, 11 : 0.014272652",17
1.90381066981763E+018,"1 : 0.43151307, 11 : 0.2634772, 11 : 0.15565018",17
1.90317143869393E+018,"11 : 0.551986, 1 : 0.1825309, 11 : 0.04260569",17
1.90169122891779E+018,"9 : 0.19030704, 2 : 0.094031855, 9 : 0.08190509",17
1.90103637696542E+018,"13 : 0.17325962, 2 : 0.111158684, 2 : 0.033212937",17
1.89927329919026E+018,"11 : 0.8786503, 11 : 0.06931384, 1 : 0.009193119",17
1.89885320823764E+018,"11 : 0.441189, 2 : 0.077840105, 12 : 0.05774419",17
1.89748908844794E+018,"1 : 0.81467867, 11 : 0.069483615, 3 : 0.026173783",17
1.89680379473856E+018,"11 : 0.57864755, 2 : 0.15999117, 1 : 0.013158268",17
1.89570348684866E+018,"11 : 0.47559795, 1 : 0.24838641, 11 : 0.07568526",17
1.89522093873271E+018,"1 : 0.5894423, 11 : 0.15590459, 1 : 0.13961881",17
1.89516160688906E+018,"11 : 0.76653165, 9 : 0.017399438, 1 : 0.014710362",17
1.89430449218447E+018,"11 : 0.39311102, 1 : 0.3152024, 11 : 0.13427174",17
1.89382005375419E+018,"1 : 0.4774971, 1 : 0.36002937, 4 : 0.047748115",17
1.89355850851624E+018,"1 : 0.47229558, 11 : 0.33721846, 11 : 0.030098448",17
1.89318668287246E+018,"1 : 0.8759364, 3 : 0.022128984, 11 : 0.0140937185",17
1.89235624469515E+018,"11 : 0.9623584, 1 : 0.0050286027, 11 : 0.0042619724",17
1.89094941116981E+018,"1 : 0.6691641, 11 : 0.1814458, 11 : 0.038847987",17
1.89020278519684E+018,"1 : 0.10113717, 7 : 0.0339477, 12 : 0.021288818",17
1.88918871863679E+018,"11 : 0.97723264, 2 : 0.008528522, 8 : 0.0011003584",17
1.88915710431365E+018,"11 : 0.81926256, 11 : 0.029990336, 2 : 0.022736164",17
1.88854210746022E+018,"11 : 0.43079263, 11 : 0.37946066, 1 : 0.04415005",17
1.88792118012902E+018,"11 : 0.56245065, 11 : 0.23564015, 1 : 0.04049268",17
1.88638650796071E+018,"11 : 0.49702737, 1 : 0.32554317, 11 : 0.09413208",17
1.88562131369179E+018,"11 : 0.51182187, 11 : 0.16125299, 1 : 0.05749573",17
1.88550566209276E+018,"2 : 0.77116656, 9 : 0.024389561, 9 : 0.014204628",17
1.88550516542833E+018,"2 : 0.29563394, 7 : 0.12015887, 2 : 0.027661735",17
1.88550436965143E+018,"9 : 0.11887595, 2 : 0.10052845, 1 : 0.07599913",17
1.8855038628119E+018,"2 : 0.159218, 2 : 0.09703001, 14 : 0.047250804",17
1.88505589840385E+018,"1 : 0.9911679, 11 : 0.0018837127, 11 : 0.00033442155",17
1.8847705569247E+018,"11 : 0.53942734, 2 : 0.11004417, 11 : 0.07524289",17
1.88432773169381E+018,"2 : 0.68231094, 3 : 0.15839268, 2 : 0.046481818",17
1.88366495414258E+018,"11 : 0.94486994, 11 : 0.009227214, 1 : 0.007439774",17
1.88208744251921E+018,"11 : 0.61111695, 11 : 0.1251463, 11 : 0.050318677",17
1.88148933982788E+018,"11 : 0.5091469, 1 : 0.16009311, 11 : 0.14753695",17
1.88122450037375E+018,"8 : 0.44574994, 11 : 0.18990742, 2 : 0.082263134",17
1.88006474734183E+018,"11 : 0.21516083, 1 : 0.12270601, 9 : 0.11187425",17
1.87996560089071E+018,"11 : 0.55066156, 8 : 0.08238069, 8 : 0.050060857",17
1.87991072059527E+018,"2 : 0.49327835, 11 : 0.40293932, 2 : 0.009151482",17
1.87986296732065E+018,"11 : 0.48677757, 8 : 0.12327152, 2 : 0.077639826",17
1.87980381578109E+018,"2 : 0.5678254, 2 : 0.34605527, 3 : 0.0069282902",17
1.87932372403457E+018,"2 : 0.46963787, 11 : 0.17655395, 12 : 0.054025427",17
1.87920249226725E+018,"11 : 0.8350058, 11 : 0.041276574, 1 : 0.015932018",17
1.87916191943084E+018,"11 : 0.25237286, 2 : 0.23784758, 2 : 0.102153175",17
1.87855878935241E+018,"1 : 0.92756975, 11 : 0.033912122, 11 : 0.014116394",17
1.8778968057509E+018,"11 : 0.69447213, 1 : 0.12653399, 11 : 0.016097313",17
1.87782731299415E+018,"1 : 0.9369278, 11 : 0.006075923, 11 : 0.0057541397",17
1.87761012649851E+018,"11 : 0.87228864, 11 : 0.0291908, 1 : 0.008365063",17
1.87717068583683E+018,"11 : 0.3251938, 1 : 0.26364496, 11 : 0.07221155",17
1.87639649203497E+018,"11 : 0.4158457, 11 : 0.33811852, 1 : 0.036002655",17
1.87567137872944E+018,"11 : 0.512795, 11 : 0.2982999, 1 : 0.04974435",17
1.87464161090303E+018,"1 : 0.26327875, 11 : 0.22099967, 1 : 0.1780184",17
1.87419653102508E+018,"10 : 0.23184521, 2 : 0.16153653, 3 : 0.065967806",17
1.87400597867737E+018,"2 : 0.893542, 1 : 0.037929058, 12 : 0.010941506",17
1.87282085485581E+018,"11 : 0.36758855, 11 : 0.1163183, 1 : 0.07284451",17
1.87070755306562E+018,"11 : 0.33376682, 11 : 0.29744667, 1 : 0.2087189",17
1.86993713100073E+018,"11 : 0.7579235, 11 : 0.05710719, 1 : 0.0426637",17
1.86852674851569E+018,"1 : 0.4776572, 11 : 0.3271582, 11 : 0.08570045",17
1.86821895092629E+018,"2 : 0.99849904, 7 : 3.747536e-05, 7 : 3.1156826e-05",17
1.86603079457397E+018,"1 : 0.53925574, 11 : 0.16645251, 11 : 0.12491996",17
1.86470185451754E+018,"2 : 0.42257687, 2 : 0.2844912, 13 : 0.011726151",17
1.86257021610368E+018,"2 : 0.115920275, 7 : 0.03757144, 11 : 0.024295766",17
1.86094430759543E+018,"11 : 0.9188354, 11 : 0.027062278, 11 : 0.010174592",17
1.8590538075712E+018,"11 : 0.70923483, 1 : 0.14242639, 11 : 0.07147674",17
1.85536609480386E+018,"13 : 0.19257382, 13 : 0.08697403, 13 : 0.039953515",17
1.85297393899934E+018,"11 : 0.7322649, 11 : 0.089465626, 1 : 0.07096079",17
1.85160913142759E+018,"2 : 0.2626057, 9 : 0.093011275, 12 : 0.07932244",17
1.84953392157578E+018,"1 : 0.70190257, 11 : 0.2320163, 11 : 0.01175349",17
1.84789315212942E+018,"11 : 0.26208037, 3 : 0.2057169, 11 : 0.15422809",17
1.84774412597558E+018,"7 : 0.49754757, 7 : 0.19113079, 7 : 0.039393704",17
1.84673977538665E+018,"11 : 0.32966536, 11 : 0.25603613, 1 : 0.15647101",17
1.84449592168369E+018,"2 : 0.15345185, 2 : 0.034784224, 2 : 0.033201165",17
1.84310964109585E+018,"9 : 0.21417296, 14 : 0.11281672, 3 : 0.07364475",17
1.84022209997811E+018,"1 : 0.59343046, 11 : 0.33415788, 11 : 0.012407067",17
1.83801375388476E+018,"1 : 0.69142914, 11 : 0.060865294, 1 : 0.018983906",17
1.83512967390836E+018,"11 : 0.49915874, 1 : 0.3573074, 11 : 0.044928335",17
1.83373906666146E+018,"11 : 0.4916028, 11 : 0.12962043, 11 : 0.11709883",17
1.83106975666741E+018,"1 : 0.432435, 2 : 0.36436597, 8 : 0.01690558",17
1.82979755925251E+018,"1 : 0.39963737, 11 : 0.29433596, 1 : 0.1643811",17
1.82635005219472E+018,"11 : 0.49438307, 1 : 0.44994864, 11 : 0.014559773",17
1.82272652793127E+018,"11 : 0.62414306, 1 : 0.29210818, 8 : 0.028401269",17
1.82243724034352E+018,"11 : 0.7425124, 11 : 0.23105185, 1 : 0.0038236682",17
1.82057609878395E+018,"1 : 0.89329576, 1 : 0.020375455, 11 : 0.009513805",17
1.81841752508455E+018,"11 : 0.62189895, 11 : 0.32324025, 1 : 0.0059981965",17
1.81761623353961E+018,"9 : 0.3560389, 2 : 0.23337157, 9 : 0.028624097",17
1.81639072805461E+018,"11 : 0.34622374, 7 : 0.16561654, 12 : 0.020634824",17
1.81625546173419E+018,"2 : 0.38597715, 11 : 0.31558347, 1 : 0.033751614",17
1.81340315090083E+018,"11 : 0.30167124, 13 : 0.15054347, 4 : 0.032106563",17
1.81271730458704E+018,"7 : 0.042943306, 13 : 0.039294768, 2 : 0.026456565",17
1.80896505465176E+018,"1 : 0.48499593, 1 : 0.33822253, 11 : 0.092518784",17
1.80395125860893E+018,"11 : 0.6012198, 11 : 0.13129067, 11 : 0.08249174",17
1.80033202942418E+018,"1 : 0.41339564, 11 : 0.2523344, 1 : 0.15245397",17
1.797063269023E+018,"11 : 0.37707078, 11 : 0.15140261, 11 : 0.14894257",17
1.79447500297262E+018,"11 : 0.6495154, 11 : 0.2900162, 11 : 0.0029116767",17
1.78938066904065E+018,"14 : 0.47106114, 7 : 0.3463135, 8 : 0.007005696",17
1.78847574679501E+018,"14 : 0.8169697, 7 : 0.036357976, 10 : 0.009487924",17
1.7866073943868E+018,"11 : 0.5554566, 12 : 0.16461426, 12 : 0.07647911",17
1.78415481220954E+018,"13 : 0.22691983, 2 : 0.18062086, 13 : 0.15075673",17
1.78282683378215E+018,"11 : 0.92761266, 11 : 0.037048195, 1 : 0.006176298",17
1.78047579272459E+018,"12 : 0.78129077, 9 : 0.13767841, 12 : 0.030442996",17
1.77978390834766E+018,"11 : 0.32783896, 11 : 0.11357928, 1 : 0.06944214",17
1.7753549405819E+018,"11 : 0.72753084, 11 : 0.18187924, 11 : 0.012881841",17
1.77102769007879E+018,"11 : 0.8601006, 1 : 0.037706666, 11 : 0.011054236",17
1.76553225084359E+018,"11 : 0.61125374, 2 : 0.09069525, 11 : 0.05818992",17
1.76374084381801E+018,"7 : 0.51579994, 11 : 0.36972156, 2 : 0.019007094",17
1.76251345174326E+018,"2 : 0.8928634, 11 : 0.02053058, 11 : 0.01087694",17
1.75003922371647E+018,"11 : 0.9545756, 7 : 0.0047385176, 14 : 0.0043456424",17
1.74648500231595E+018,"11 : 0.8438757, 11 : 0.019359099, 1 : 0.012612977",17
1.74087396224859E+018,"2 : 0.89485425, 11 : 0.018090986, 11 : 0.0040507824",17
1.7394343341997E+018,"13 : 0.36731422, 13 : 0.12449988, 13 : 0.10296317",17
1.73798080058813E+018,"11 : 0.45998588, 10 : 0.11245274, 13 : 0.04173992",17
1.73129589490663E+018,"11 : 0.6903519, 1 : 0.07511662, 7 : 0.032076463",17
1.72541462903768E+018,"1 : 0.38049388, 11 : 0.23556153, 1 : 0.17506298",17
1.71093699723919E+018,"11 : 0.85303986, 11 : 0.03169908, 11 : 0.024686858",17
1.70890164077737E+018,"1 : 0.5128346, 1 : 0.18167421, 1 : 0.030873807",17
1.70672603779241E+018,"11 : 0.3117357, 2 : 0.12368791, 1 : 0.06512331",17
1.70246770543645E+018,"11 : 0.7473546, 9 : 0.026974391, 1 : 0.02191635",17
1.69701167952958E+018,"11 : 0.65457225, 11 : 0.10737676, 1 : 0.018223688",17
1.68622076619695E+018,"11 : 0.81097525, 11 : 0.048635226, 7 : 0.009670092",17
1.68360968487737E+018,"11 : 0.46269512, 11 : 0.21577972, 11 : 0.12602969",17
1.68264096734444E+018,"4 : 0.20416468, 11 : 0.09797526, 2 : 0.09422984",17
1.67926045804316E+018,"2 : 0.9252534, 13 : 0.013613541, 2 : 0.012250008",17
1.67849043737319E+018,"1 : 0.15615393, 9 : 0.11333733, 9 : 0.11136747",17
1.67049456657819E+018,"7 : 0.85056347, 7 : 0.08399717, 11 : 0.011365386",17
1.66825104840051E+018,"11 : 0.94458264, 11 : 0.012664055, 11 : 0.0035136407",17
1.65543230502984E+018,"1 : 0.7867029, 3 : 0.030314365, 11 : 0.018416155",17
1.65155750201184E+018,"11 : 0.5987672, 7 : 0.17863284, 11 : 0.031655636",17
1.64812534637635E+018,"1 : 0.42373285, 11 : 0.18337846, 11 : 0.16660492",17
1.64641214203058E+018,"11 : 0.7764284, 2 : 0.03362932, 12 : 0.02785003",17
1.6430182352005E+018,"1 : 0.09433252, 7 : 0.08150276, 7 : 0.0729971",17
1.64132062865649E+018,"11 : 0.9646381, 7 : 0.0072977133, 13 : 0.0030101002",17
1.63911163132781E+018,"11 : 0.45527986, 1 : 0.42231414, 11 : 0.020939168",17
1.63793458819379E+018,"11 : 0.80062884, 11 : 0.12299423, 1 : 0.0041527636",17
1.63642608222174E+018,"11 : 0.5403911, 11 : 0.13467129, 11 : 0.10677002",17
1.63566618749101E+018,"1 : 0.6366685, 3 : 0.043517772, 11 : 0.03085619",17
1.62922618073559E+018,"11 : 0.51814973, 1 : 0.052602537, 1 : 0.048610922",17
1.62786190440731E+018,"11 : 0.7287669, 1 : 0.15094778, 11 : 0.06733249",17
1.62636125659093E+018,"2 : 0.46677232, 2 : 0.13106649, 2 : 0.07353763",17
1.62491110056259E+018,"11 : 0.74673384, 8 : 0.1090661, 2 : 0.03514727",17
1.62402380932357E+018,"11 : 0.5178813, 13 : 0.05708615, 11 : 0.044293903",17
1.62346816501845E+018,"11 : 0.89440036, 11 : 0.022712084, 1 : 0.00959929",17
1.6210229769035E+018,"1 : 0.41374767, 11 : 0.23003963, 11 : 0.18944997",17
1.61613669639368E+018,"7 : 0.6525203, 7 : 0.030594414, 13 : 0.019662771",17
1.61514814191684E+018,"11 : 0.89094484, 11 : 0.037048254, 1 : 0.008152322",17
1.61400529613998E+018,"11 : 0.42930883, 1 : 0.21283604, 11 : 0.13848825",17
1.61260142909715E+018,"11 : 0.980634, 11 : 0.0024032386, 11 : 0.0018912941",17
1.61259739515806E+018,"3 : 0.1811022, 2 : 0.09535446, 11 : 0.035321366",17
1.61259118919039E+018,"11 : 0.67556494, 12 : 0.07342758, 13 : 0.0063489666",17
1.61206602747451E+018,"1 : 0.9737084, 11 : 0.0011916689, 13 : 0.0009034788",17
1.61112499649082E+018,"11 : 0.4845307, 11 : 0.33436778, 1 : 0.029398095",17
1.60747031412686E+018,"1 : 0.4740995, 11 : 0.22343515, 11 : 0.16028441",17
1.60601869739767E+018,"7 : 0.7715201, 7 : 0.015131149, 2 : 0.013308606",17
1.6050638586992E+018,"13 : 0.3076757, 11 : 0.30264923, 2 : 0.08769811",17
1.60155743493223E+018,"11 : 0.4155038, 11 : 0.24735004, 1 : 0.22713946",17
1.59641776238508E+018,"11 : 0.81476706, 11 : 0.084248975, 1 : 0.0212656",17
1.59507749666614E+018,"3 : 0.3862644, 3 : 0.12473079, 2 : 0.047683418",17
1.5937180045358E+018,"11 : 0.4890412, 11 : 0.069380075, 1 : 0.04611834",17
1.59216961039198E+018,"7 : 0.0655952, 7 : 0.040860463, 2 : 0.038708717",17
1.59090082884349E+018,"13 : 0.79731095, 11 : 0.018638939, 2 : 0.014756619",17
1.58511184983218E+018,"9 : 0.2822442, 2 : 0.03950704, 11 : 0.038498875",17
1.58207590341948E+018,"1 : 0.44724777, 1 : 0.2042785, 11 : 0.14468147",17
1.58037735239389E+018,"2 : 0.90339625, 11 : 0.02297162, 11 : 0.010103167",17
1.57914728481773E+018,"1 : 0.8391373, 11 : 0.1221242, 11 : 0.0054845004",17
1.57628934097459E+018,"11 : 0.48806974, 11 : 0.37547868, 2 : 0.0340187",17
1.57628810101253E+018,"13 : 0.5215067, 2 : 0.068483494, 9 : 0.058014445",17
1.57412054928053E+018,"1 : 0.1901786, 2 : 0.1278832, 1 : 0.12241368",17
1.57031414520243E+018,"11 : 0.7196877, 11 : 0.095513314, 2 : 0.050157055",17
1.5696275496747E+018,"3 : 0.86131555, 3 : 0.019331394, 3 : 0.004488124",17
1.56762867861406E+018,"11 : 0.4536311, 11 : 0.30997708, 1 : 0.022701485",17
1.56604752456384E+018,"11 : 0.5692432, 11 : 0.09462605, 1 : 0.057432886",17
1.56118496842338E+018,"11 : 0.6993247, 7 : 0.040178586, 4 : 0.029495575",17
1.5595902088389E+018,"5 : 0.2894439, 5 : 0.27506796, 5 : 0.060032193",17
1.55832882871032E+018,"1 : 0.25671536, 1 : 0.12978032, 11 : 0.10992492",17
1.55393359880852E+018,"2 : 0.76348025, 2 : 0.04012866, 7 : 0.02430876",17
1.54810542495003E+018,"11 : 0.7468259, 1 : 0.14412466, 11 : 0.025753539",17
1.54655692723084E+018,"1 : 0.609234, 1 : 0.14307615, 1 : 0.058420986",17
1.54277319584085E+018,"11 : 0.5834015, 11 : 0.16074225, 2 : 0.0700715",17
1.53838001057704E+018,"1 : 0.5411429, 1 : 0.09384607, 1 : 0.068498455",17
1.53482549675154E+018,"11 : 0.8573539, 11 : 0.079275794, 1 : 0.0083545195",17
1.53398680524092E+018,"7 : 0.8344571, 11 : 0.08044818, 3 : 0.013015086",17
1.53058709222818E+018,"2 : 0.7961644, 2 : 0.0231744, 8 : 0.022239799",17
1.53000143621708E+018,"7 : 0.24874847, 7 : 0.09530907, 7 : 0.08208015",17
1.52776006474266E+018,"11 : 0.73752606, 11 : 0.050755017, 1 : 0.013132409",17
1.52661799065987E+018,"11 : 0.7996385, 11 : 0.126516, 1 : 0.034897026",17
1.52403355324744E+018,"11 : 0.71380216, 1 : 0.065667324, 7 : 0.047634326",17
1.52358970079936E+018,"11 : 0.42664444, 9 : 0.40862006, 1 : 0.03140789",17
1.52143993121308E+018,"11 : 0.6308175, 11 : 0.06807363, 1 : 0.06273983",17
1.5196658795948E+018,"11 : 0.4512076, 11 : 0.4487624, 1 : 0.050119143",17
1.51440774756228E+018,"1 : 0.18753035, 11 : 0.10294948, 3 : 0.0872769",17
1.50967313803598E+018,"11 : 0.19533733, 1 : 0.18153277, 13 : 0.1210906",17
1.50632899786336E+018,"11 : 0.52912796, 11 : 0.13931601, 1 : 0.01111179",17
1.50577395920591E+018,"11 : 0.41768152, 11 : 0.25742567, 8 : 0.015984707",17
1.50351703070639E+018,"11 : 0.6424479, 1 : 0.14335127, 11 : 0.065758996",17
1.50235236892144E+018,"2 : 0.5033628, 11 : 0.37691897, 11 : 0.017972616",17
1.50019533138683E+018,"11 : 0.514891, 1 : 0.16908592, 11 : 0.11234939",17
1.49791843501514E+018,"11 : 0.83967334, 11 : 0.061315954, 1 : 0.015511507",17
1.49565286560345E+018,"1 : 0.28730533, 1 : 0.20535135, 3 : 0.06294568",17
1.49211272679716E+018,"11 : 0.9229849, 11 : 0.012102205, 11 : 0.0065881214",17
1.48942575552845E+018,"13 : 0.82065123, 13 : 0.033706382, 2 : 0.02715297",17
1.48781638241788E+018,"11 : 0.90548474, 11 : 0.01902545, 1 : 0.014195577",17
1.48631337457595E+018,"1 : 0.09385429, 13 : 0.08739018, 11 : 0.068095505",17
1.48532767018628E+018,"11 : 0.62678415, 1 : 0.09225426, 13 : 0.055103477",17
1.4789915765918E+018,"11 : 0.39184812, 11 : 0.19795838, 1 : 0.024659943",17
1.47842511944444E+018,"1 : 0.5262804, 1 : 0.25292483, 11 : 0.021765152",17
1.4783502538027E+018,"1 : 0.19860464, 11 : 0.18528742, 9 : 0.16026162",17
1.47374452593525E+018,"11 : 0.66474044, 1 : 0.2173491, 11 : 0.010297847",17
1.47237959731651E+018,"11 : 0.25129682, 1 : 0.20219725, 11 : 0.115324445",17
1.47049011950837E+018,"11 : 0.37652874, 11 : 0.17158283, 1 : 0.15979199",17
1.46594311838908E+018,"7 : 0.46702808, 7 : 0.08977437, 7 : 0.03837607",17
1.46255072515768E+018,"11 : 0.60720855, 2 : 0.2937955, 11 : 0.022384988",17
1.46071726813597E+018,"10 : 0.18324934, 10 : 0.09878205, 10 : 0.03173099",17
1.45866045333609E+018,"11 : 0.5729583, 11 : 0.20532244, 2 : 0.013063322",17
1.45161536909682E+018,"2 : 0.9999659, 12 : 2.0379427e-06, 7 : 1.380653e-06",17
1.44802426643582E+018,"1 : 0.41399747, 11 : 0.2826012, 11 : 0.06828086",17
1.44441339297437E+018,"11 : 0.36405024, 1 : 0.13090737, 1 : 0.09002059",17
1.43864244115805E+018,"11 : 0.63173306, 11 : 0.13183491, 1 : 0.056975495",17
1.43283645100709E+018,"11 : 0.8229198, 1 : 0.051148124, 1 : 0.03261716",17
1.42499764807113E+018,"11 : 0.54528713, 1 : 0.0548496, 8 : 0.019189779",17
1.41986690365219E+018,"12 : 0.07289695, 2 : 0.033300865, 2 : 0.027735002",17
2.21013040872999E+018,"4 : 0.25928175, 13 : 0.05660942, 13 : 0.05370043",17
2.20953573577731E+018,"3 : 0.3587034, 12 : 0.1227157, 1 : 0.032636527",17
2.20763536221917E+018,"9 : 0.99409467, 5 : 0.0009897908, 1 : 0.00024686294",17
2.20604327777658E+018,"1 : 0.25736198, 3 : 0.23791629, 11 : 0.11372596",17
2.20159897972931E+018,"10 : 0.35789102, 10 : 0.2914581, 7 : 0.07174923",17
2.19961631858877E+018,"1 : 0.27082008, 3 : 0.18826006, 11 : 0.18597046",17
2.19802359004633E+018,"7 : 0.3334283, 7 : 0.13387881, 7 : 0.03204685",17
2.1971540114974E+018,"3 : 0.2613671, 1 : 0.11221305, 11 : 0.06112501",17
2.19667890376543E+018,"3 : 0.31840155, 5 : 0.15025708, 11 : 0.10130188",17
2.19497009688013E+018,"7 : 0.07426486, 4 : 0.0658887, 12 : 0.045500007",17
2.19276428001797E+018,"7 : 0.25405714, 2 : 0.1665995, 11 : 0.048619132",17
2.19205064969244E+018,"5 : 0.19620559, 5 : 0.14071687, 5 : 0.09557405",17
2.18943192226547E+018,"8 : 0.67867625, 11 : 0.050637454, 13 : 0.022075603",17
2.18577367718496E+018,"7 : 0.15415855, 3 : 0.10104991, 10 : 0.08617622",17
2.18362946949222E+018,"1 : 0.7196379, 11 : 0.081362285, 11 : 0.06641657",17
2.18060006276258E+018,"11 : 0.20760533, 11 : 0.13746531, 11 : 0.13272506",17
2.1791449974409E+018,"1 : 0.22618973, 11 : 0.17852199, 2 : 0.16199312",17
2.17652683530002E+018,"12 : 0.99291456, 2 : 0.002245116, 9 : 0.0011050042",17
2.17460960483987E+018,"11 : 0.53154343, 3 : 0.13889128, 2 : 0.04077182",17
2.17259844892315E+018,"1 : 0.6489467, 1 : 0.15905352, 11 : 0.049323328",17
2.17127458781692E+018,"11 : 0.5313547, 2 : 0.10813673, 8 : 0.055948753",17
2.16996024788034E+018,"7 : 0.056718685, 7 : 0.050792165, 7 : 0.0476783",17
2.16898936438197E+018,"1 : 0.90637827, 9 : 0.012370387, 9 : 0.004816542",17
2.1674238618962E+018,"7 : 0.99336255, 7 : 0.0021836662, 13 : 0.0013328653",17
2.16538878197294E+018,"2 : 0.4381954, 2 : 0.15352216, 4 : 0.055809442",17
2.16335341078756E+018,"2 : 0.075142026, 6 : 0.042567, 7 : 0.040885463",17
2.16085059354812E+018,"1 : 0.84206206, 2 : 0.015359583, 1 : 0.012412464",17
2.15900190007144E+018,"13 : 0.9728642, 1 : 0.009600264, 13 : 0.0020351766",17
2.15752349068073E+018,"2 : 0.63976425, 11 : 0.0273477, 9 : 0.014373954",17
2.15473504747927E+018,"4 : 0.39526775, 1 : 0.25646272, 13 : 0.25597453",17
2.15182625187945E+018,"2 : 0.3151705, 3 : 0.14428146, 7 : 0.13343097",17
2.14891623809356E+018,"11 : 0.12848237, 3 : 0.08950276, 10 : 0.052028984",17
2.14865471729E+018,"2 : 0.16758442, 3 : 0.09506164, 2 : 0.0627489",17
2.14745481503923E+018,"4 : 0.35345873, 7 : 0.07529748, 13 : 0.07360905",17
2.14733306516544E+018,"1 : 0.29537442, 2 : 0.25313115, 7 : 0.14731844",17
2.14720515864692E+018,"3 : 0.2225128, 3 : 0.096919134, 3 : 0.055656854",17
2.14588800100431E+018,"9 : 0.46901426, 7 : 0.082971916, 4 : 0.04624259",17
2.14375904824419E+018,"1 : 0.78189176, 1 : 0.014530493, 9 : 0.009185082",17
2.14349621412195E+018,"7 : 0.1715329, 7 : 0.09848173, 4 : 0.043615796",17
2.14309309335697E+018,"2 : 0.22113307, 10 : 0.046290297, 13 : 0.044848103",17
2.14308859338877E+018,"11 : 0.5879133, 2 : 0.16524461, 3 : 0.019855969",17
2.14307403621804E+018,"6 : 0.5363883, 5 : 0.046247914, 3 : 0.03775817",17
2.14213766351917E+018,"13 : 0.07623802, 7 : 0.04826633, 1 : 0.035649978",17
2.14062804657134E+018,"11 : 0.45795235, 11 : 0.34697527, 2 : 0.03018155",17
2.14004969910165E+018,"7 : 0.3860874, 2 : 0.053731415, 13 : 0.044292416",17
2.13886476435756E+018,"1 : 0.38652077, 1 : 0.09033549, 11 : 0.06879486",17
2.13866658036433E+018,"10 : 0.4413649, 10 : 0.33670938, 6 : 0.027833655",17
2.13860946814532E+018,"1 : 0.32691738, 2 : 0.25493723, 11 : 0.092635326",17
2.13812536642696E+018,"11 : 0.32808915, 11 : 0.11482253, 3 : 0.058286056",17
2.13812037950852E+018,"7 : 0.20238428, 7 : 0.19100612, 7 : 0.10798703",17
2.13793420713833E+018,"1 : 0.9183118, 11 : 0.043138023, 9 : 0.011446124",17
2.13701704305978E+018,"11 : 0.32274178, 2 : 0.18625791, 11 : 0.15635175",17
2.13616798886829E+018,"11 : 0.48408642, 12 : 0.09465875, 11 : 0.069551334",17
2.1350650893921E+018,"11 : 0.5180019, 11 : 0.19115062, 2 : 0.05508669",17
2.13357617437129E+018,"1 : 0.8833699, 1 : 0.05401186, 11 : 0.0053133448",17
2.13223946325915E+018,"6 : 0.22887306, 8 : 0.06990027, 1 : 0.044991188",17
2.13073761337048E+018,"7 : 0.1663801, 13 : 0.15513901, 7 : 0.08929737",17
2.12987885230271E+018,"1 : 0.7552668, 9 : 0.08915234, 11 : 0.029606402",17
2.12850870555681E+018,"12 : 0.4294772, 3 : 0.3331284, 11 : 0.015993372",17
2.1271963932497E+018,"2 : 0.49489793, 2 : 0.15636034, 8 : 0.11863365",17
2.12619358577857E+018,"3 : 0.9199067, 12 : 0.019518415, 11 : 0.01277547",17
2.12411677763932E+018,"6 : 0.124784335, 6 : 0.09319561, 6 : 0.07257389",17
2.12333255907398E+018,"3 : 0.10044485, 9 : 0.10013927, 11 : 0.10010837",17
2.12092615144991E+018,"1 : 0.23164424, 11 : 0.216335, 11 : 0.123530045",17
2.12000039812637E+018,"1 : 0.7859339, 11 : 0.093038246, 11 : 0.02558313",17
2.11858257726355E+018,"8 : 0.09451302, 2 : 0.0669912, 4 : 0.06547613",17
2.11840857646E+018,"13 : 0.9157419, 13 : 0.03729212, 1 : 0.023496844",17
2.11837112036915E+018,"7 : 0.24146067, 7 : 0.19101202, 5 : 0.14364618",17
2.11809450919102E+018,"2 : 0.69227934, 11 : 0.07317343, 11 : 0.0204286",17
2.11746683737006E+018,"7 : 0.11130768, 1 : 0.037846826, 13 : 0.036306147",17
2.11609959897128E+018,"13 : 0.25941792, 6 : 0.04481773, 7 : 0.029317943",17
2.11345199721159E+018,"2 : 0.18063346, 8 : 0.16379946, 3 : 0.06609547",17
2.11315829140909E+018,"11 : 0.5107499, 2 : 0.041006807, 4 : 0.04027876",17
2.11191209855346E+018,"1 : 0.93280125, 1 : 0.0034064623, 11 : 0.0011854814",17
2.11113220759541E+018,"10 : 0.7916513, 10 : 0.17995644, 7 : 0.005240003",17
2.10865665192925E+018,"3 : 0.69875354, 11 : 0.14544883, 12 : 0.022138644",17
2.10723799234635E+018,"1 : 0.8427638, 1 : 0.03884622, 3 : 0.030245041",17
2.10433433891209E+018,"1 : 0.354495, 2 : 0.13024661, 9 : 0.12052041",17
2.10098678728866E+018,"6 : 0.34147227, 6 : 0.06329452, 7 : 0.042837486",17
2.09801568068845E+018,"1 : 0.6689954, 1 : 0.059495352, 12 : 0.04133141",17
2.09800432082707E+018,"13 : 0.12841696, 7 : 0.0636492, 7 : 0.04424267",17
2.09647773283268E+018,"6 : 0.88093895, 6 : 0.049236543, 6 : 0.011428009",17
2.09372044265E+018,"2 : 0.40550175, 11 : 0.393214, 11 : 0.07237442",17
2.092819218103E+018,"13 : 0.8062455, 1 : 0.009877412, 12 : 0.007001439",17
2.09136331033895E+018,"1 : 0.15690129, 1 : 0.14553821, 1 : 0.12995993",17
2.09010450645396E+018,"11 : 0.519803, 1 : 0.19408575, 1 : 0.06446029",17
2.08802809052089E+018,"3 : 0.6539627, 1 : 0.07317287, 1 : 0.024562068",17
2.08655281983752E+018,"7 : 0.16634116, 2 : 0.05571909, 7 : 0.04595418",17
2.08485068374977E+018,"7 : 0.24841489, 4 : 0.069458775, 4 : 0.034821086",17
2.08440261298958E+018,"7 : 0.63376546, 2 : 0.056383025, 7 : 0.055767026",17
2.08372660729978E+018,"7 : 0.30875242, 7 : 0.06503536, 7 : 0.0494884",17
2.08300846508687E+018,"11 : 0.9131969, 1 : 0.016296472, 2 : 0.008404721",17
2.08276299565993E+018,"2 : 0.17929678, 2 : 0.0950894, 13 : 0.046656016",17
2.08267028415177E+018,"7 : 0.3489783, 14 : 0.101535045, 4 : 0.08549056",17
2.08211079403707E+018,"1 : 0.09164053, 4 : 0.08357392, 12 : 0.071311444",17
2.08113740569337E+018,"11 : 0.7978238, 11 : 0.06608013, 1 : 0.02703635",17
2.08069282895441E+018,"13 : 0.8839178, 2 : 0.0045977845, 7 : 0.003120714",17
2.07999981468437E+018,"7 : 0.16463232, 3 : 0.10374648, 3 : 0.05980082",17
2.07773453888216E+018,"13 : 0.32492515, 7 : 0.10068625, 2 : 0.044016678",17
2.07611142389754E+018,"2 : 0.43649426, 7 : 0.059741914, 2 : 0.056606054",17
2.07493762878161E+018,"11 : 0.41291708, 1 : 0.21987009, 13 : 0.16625822",17
2.07359583574043E+018,"10 : 0.6940754, 10 : 0.22268152, 10 : 0.009044955",17
2.07338654557614E+018,"11 : 0.22482179, 13 : 0.1005261, 7 : 0.072663456",17
2.07219173013365E+018,"2 : 0.3254459, 2 : 0.06590411, 12 : 0.042964365",17
2.07012445444564E+018,"1 : 0.92255986, 1 : 0.0046835053, 1 : 0.00075875863",17
2.06889639811328E+018,"3 : 0.8622264, 12 : 0.020348, 7 : 0.014539724",17
2.06759104397039E+018,"2 : 0.5772228, 2 : 0.41873002, 2 : 0.001256861",17
2.06746607323983E+018,"1 : 0.15759033, 2 : 0.06336027, 2 : 0.055209257",17
2.06664033392563E+018,"9 : 0.89836925, 5 : 0.0071078036, 6 : 0.0010744896",17
2.06519543049865E+018,"3 : 0.60650176, 3 : 0.14993092, 3 : 0.033597507",17
2.06415405018592E+018,"7 : 0.105640076, 13 : 0.0347551, 13 : 0.030905666",17
2.0633441669601E+018,"1 : 0.65023506, 1 : 0.18316679, 11 : 0.017915467",17
2.06254686209959E+018,"2 : 0.16987893, 7 : 0.12793154, 1 : 0.09452635",17
2.06194126974094E+018,"11 : 0.33183137, 11 : 0.1757367, 11 : 0.11265762",17
2.06172411700659E+018,"2 : 0.28875437, 11 : 0.16128135, 7 : 0.11002649",17
2.06119742936302E+018,"7 : 0.3666036, 2 : 0.040069167, 3 : 0.021857096",17
2.06095910455542E+018,"11 : 0.79655004, 7 : 0.058549557, 7 : 0.03588629",17
2.06021895051549E+018,"9 : 0.83640206, 5 : 0.019754823, 4 : 0.0048541715",17
2.0590725487085E+018,"1 : 0.16784215, 11 : 0.14433843, 11 : 0.097915374",17
2.05896038611567E+018,"1 : 0.9314779, 1 : 0.0082920985, 11 : 0.0011176082",17
2.05793543181671E+018,"3 : 0.17657968, 7 : 0.02784249, 12 : 0.021569185",17
2.05755670308378E+018,"11 : 0.2332338, 11 : 0.06276879, 13 : 0.058184855",17
2.05743746530381E+018,"11 : 0.35465783, 13 : 0.20229833, 1 : 0.09332666",17
2.05722610740519E+018,"7 : 0.9626188, 7 : 0.0067784907, 2 : 0.003466272",17
2.0558606213215E+018,"4 : 0.07240705, 2 : 0.07150802, 12 : 0.06475694",17
2.05466042047785E+018,"2 : 0.3255407, 11 : 0.26064438, 11 : 0.15912947",17
2.05446606469331E+018,"1 : 0.4199498, 11 : 0.23177746, 1 : 0.10203194",17
2.05395607976314E+018,"1 : 0.6501121, 1 : 0.16234213, 11 : 0.11161645",17
2.05367159071939E+018,"12 : 0.73193663, 9 : 0.11790787, 8 : 0.03750538",17
2.05252089869942E+018,"7 : 0.17305514, 7 : 0.051874273, 7 : 0.038734075",17
2.05201399045232E+018,"8 : 0.3074635, 9 : 0.0725654, 8 : 0.031784378",17
2.05167530155344E+018,"11 : 0.8113235, 11 : 0.098896004, 11 : 0.016231515",17
2.05150349393775E+018,"4 : 0.5163593, 9 : 0.40089083, 2 : 0.005880506",17
2.05039995336068E+018,"9 : 0.5253636, 4 : 0.32728854, 3 : 0.023527294",17
2.05017180745937E+018,"14 : 0.16790387, 3 : 0.15374091, 14 : 0.09668408",17
2.04959845125955E+018,"10 : 0.33339062, 13 : 0.13581999, 12 : 0.05183682",17
2.04892815594088E+018,"11 : 0.3583164, 2 : 0.10501226, 11 : 0.097320735",17
2.04874610712313E+018,"11 : 0.68181765, 1 : 0.1625295, 11 : 0.03426693",17
2.04818542488723E+018,"1 : 0.5017152, 13 : 0.17818467, 1 : 0.071091264",17
2.0474405972723E+018,"1 : 0.09294603, 11 : 0.084464364, 2 : 0.050603688",17
2.04734638395905E+018,"2 : 0.9547198, 2 : 0.008415848, 2 : 0.0043377522",17
2.04716042555811E+018,"4 : 0.9480537, 9 : 0.010455443, 6 : 0.0017391762",17
2.04668125242152E+018,"3 : 0.3836926, 7 : 0.029403025, 7 : 0.020026049",17
2.04651416296991E+018,"13 : 0.24284644, 3 : 0.19248605, 2 : 0.07673141",17
2.0464585160652E+018,"13 : 0.6735811, 1 : 0.022265103, 11 : 0.014261031",17
2.04631170397458E+018,"2 : 0.48331872, 7 : 0.06976918, 3 : 0.064570636",17
2.04582914009676E+018,"2 : 0.16554177, 13 : 0.1372542, 11 : 0.047901507",17
2.04558455460288E+018,"8 : 0.20326635, 3 : 0.14447936, 11 : 0.12514222",17
2.04540087675078E+018,"3 : 0.5145298, 1 : 0.10750473, 11 : 0.059467614",17
2.04522557816439E+018,"2 : 0.106387235, 7 : 0.04915249, 7 : 0.0481544",17
2.04499457179824E+018,"2 : 0.35516796, 2 : 0.053091686, 11 : 0.039914425",17
2.04445429126925E+018,"2 : 0.25496548, 13 : 0.23472835, 2 : 0.07967113",17
2.04425493684743E+018,"7 : 0.2630197, 9 : 0.077886775, 7 : 0.05052331",17
2.04373845662837E+018,"12 : 0.1713277, 12 : 0.16858636, 2 : 0.083791405",17
2.04347472286974E+018,"7 : 0.8128793, 7 : 0.0040799244, 9 : 0.0036336256",17
2.04298054799229E+018,"1 : 0.2792492, 7 : 0.050570317, 11 : 0.040711347",17
2.04214087738774E+018,"12 : 0.20336875, 7 : 0.072644524, 7 : 0.07062789",17
2.04210085766449E+018,"1 : 0.478989, 1 : 0.140907, 11 : 0.055344936",17
2.04173768504306E+018,"7 : 0.63706744, 14 : 0.056186564, 2 : 0.033874832",17
2.04165499022104E+018,"7 : 0.5535737, 12 : 0.08082161, 2 : 0.07499043",17
2.04096310528371E+018,"2 : 0.49146244, 11 : 0.46163076, 3 : 0.0034944972",17
2.04076959188318E+018,"2 : 0.5027191, 2 : 0.48546588, 5 : 0.0005584071",17
2.04000488765198E+018,"13 : 0.16368325, 2 : 0.15106772, 11 : 0.09042491",17
2.03978417704308E+018,"11 : 0.3430305, 1 : 0.2952823, 1 : 0.0376236",17
2.03921441341717E+018,"1 : 0.8574614, 9 : 0.040465653, 12 : 0.011664416",17
2.03866848851172E+018,"2 : 0.18623325, 7 : 0.17269114, 1 : 0.098815955",17
2.03803774033509E+018,"2 : 0.42592517, 12 : 0.036857147, 13 : 0.034697585",17
2.03721112197019E+018,"6 : 0.4469004, 2 : 0.15985394, 6 : 0.102622196",17
2.03645762091047E+018,"1 : 0.7608216, 11 : 0.091019005, 1 : 0.017969513",17
2.03576263920926E+018,"2 : 0.1628786, 11 : 0.12448406, 4 : 0.06795646",17
2.03518923725032E+018,"10 : 0.584683, 1 : 0.023246428, 1 : 0.020179547",17
2.03496733961195E+018,"3 : 0.7820383, 2 : 0.04212512, 2 : 0.035393246",17
2.03476747744479E+018,"7 : 0.15756215, 2 : 0.0723884, 2 : 0.06992118",17
2.03428570471361E+018,"9 : 0.15785208, 7 : 0.07396657, 2 : 0.041287944",17
2.03372899451739E+018,"3 : 0.3379315, 1 : 0.24060749, 11 : 0.0329324",17
2.03372007457484E+018,"11 : 0.15959463, 8 : 0.09790318, 3 : 0.04525165",17
2.03371132924134E+018,"12 : 0.23253357, 3 : 0.09596356, 1 : 0.038571306",17
2.03336378904227E+018,"3 : 0.5503348, 8 : 0.04785381, 12 : 0.030180845",17
2.03228009916978E+018,"1 : 0.2944535, 3 : 0.12359033, 13 : 0.057300802",17
2.03217008900157E+018,"11 : 0.5570298, 8 : 0.068184406, 2 : 0.050071426",17
2.03166175144425E+018,"13 : 0.7696426, 1 : 0.03250914, 11 : 0.020966552",17
2.03153127454952E+018,"2 : 0.2777846, 11 : 0.09860512, 3 : 0.091935016",17
2.03124359562524E+018,"1 : 0.40947703, 1 : 0.20836179, 11 : 0.107908085",17
2.0307346107713E+018,"11 : 0.50290143, 2 : 0.16301645, 8 : 0.06486629",17
2.03058830750684E+018,"12 : 0.3564256, 12 : 0.08074258, 12 : 0.072556905",17
2.03046396224781E+018,"11 : 0.7529809, 2 : 0.1731534, 2 : 0.010722867",17
2.02986651211397E+018,"2 : 0.24100752, 2 : 0.096597925, 12 : 0.04933297",17
2.02934982268509E+018,"1 : 0.77108073, 1 : 0.065211035, 11 : 0.012190783",17
2.02917806639662E+018,"7 : 0.409516, 7 : 0.11145874, 7 : 0.10176011",17
2.02863285550649E+018,"12 : 0.19527063, 3 : 0.13556051, 12 : 0.10285486",17
2.02842211018292E+018,"14 : 0.29636413, 7 : 0.08051519, 9 : 0.075786956",17
2.02821074471909E+018,"7 : 0.4088045, 2 : 0.25216913, 13 : 0.055288702",17
2.02768956265996E+018,"9 : 0.99147403, 3 : 0.00023161584, 5 : 0.00020663204",17
2.02697776323149E+018,"4 : 0.66565645, 11 : 0.03849035, 7 : 0.0125578055",17
2.02679568913376E+018,"11 : 0.7075398, 7 : 0.036091514, 2 : 0.020658823",17
2.02635766940246E+018,"11 : 0.3900467, 11 : 0.1980488, 2 : 0.08457793",17
2.02568926931792E+018,"11 : 0.40651327, 2 : 0.1425002, 11 : 0.027491836",17
2.02549591494077E+018,"8 : 0.85371864, 3 : 0.02116822, 8 : 0.018210908",17
2.02502931174158E+018,"1 : 0.6917876, 1 : 0.03525007, 11 : 0.019746022",17
2.02481866532221E+018,"13 : 0.43134555, 3 : 0.046766512, 2 : 0.03750645",17
2.02430759317807E+018,"7 : 0.18536109, 7 : 0.04856891, 2 : 0.045695923",17
2.02328461095529E+018,"7 : 0.40861812, 7 : 0.051114663, 7 : 0.026515042",17
2.02274344803077E+018,"12 : 0.2980973, 13 : 0.044604287, 12 : 0.042252302",17
2.02266610893849E+018,"5 : 0.9525908, 5 : 0.02059689, 13 : 0.0011802147",17
2.02265741501872E+018,"7 : 0.43631622, 2 : 0.09377612, 11 : 0.09027685",17
2.02055860866799E+018,"1 : 0.7204014, 2 : 0.031256985, 11 : 0.027167188",17
2.01877064622311E+018,"2 : 0.884009, 12 : 0.026625818, 4 : 0.018802771",17
2.01703559063452E+018,"7 : 0.25360987, 4 : 0.25281346, 7 : 0.14765075",17
2.01542204848611E+018,"1 : 0.13677245, 6 : 0.072245784, 6 : 0.06686653",17
2.0134551717295E+018,"1 : 0.37729824, 2 : 0.26343983, 9 : 0.09699126",17
2.01189274425682E+018,"1 : 0.53532755, 1 : 0.034490954, 9 : 0.03183854",17
2.0099249209352E+018,"7 : 0.52397573, 7 : 0.4348363, 11 : 0.0066258973",17
2.0087879760677E+018,"7 : 0.29782644, 9 : 0.19440441, 11 : 0.13368629",17
2.00661211040202E+018,"3 : 0.64127547, 3 : 0.066573314, 12 : 0.02773248",17
2.00592368024524E+018,"2 : 0.17243718, 7 : 0.16017123, 12 : 0.13698584",17
2.00458717737109E+018,"2 : 0.6667673, 2 : 0.25278202, 1 : 0.013550289",17
2.00311355392638E+018,"1 : 0.056716252, 9 : 0.055328794, 9 : 0.053347126",17
2.00255014212087E+018,"14 : 0.9842578, 2 : 0.0041611996, 9 : 0.001641969",17
2.00170016488818E+018,"2 : 0.08584752, 2 : 0.04459533, 6 : 0.03738247",17
2.00146510926555E+018,"3 : 0.39543733, 7 : 0.092177264, 3 : 0.06576915",17
2.00103943128018E+018,"1 : 0.54139066, 11 : 0.15886125, 11 : 0.07076054",17
2.00028458272628E+018,"6 : 0.6295011, 6 : 0.05160572, 6 : 0.042684004",17
1.99922940255188E+018,"1 : 0.91914517, 11 : 0.010747156, 7 : 0.010631971",17
1.99777734769276E+018,"10 : 0.24461815, 7 : 0.23074992, 7 : 0.17350855",17
1.99726226986437E+018,"2 : 0.8882572, 2 : 0.019806016, 2 : 0.005182853",17
1.99667365682795E+018,"3 : 0.58067137, 7 : 0.08158145, 3 : 0.042624924",17
1.99601529424974E+018,"11 : 0.40323022, 2 : 0.1612381, 8 : 0.026927877",17
1.9958419630623E+018,"7 : 0.1708205, 6 : 0.08765239, 10 : 0.04728774",17
1.99455254113204E+018,"11 : 0.3320239, 12 : 0.040137686, 7 : 0.014689686",17
1.994362382881E+018,"1 : 0.7151811, 1 : 0.036695, 1 : 0.01977654",17
1.99431193879178E+018,"2 : 0.33197683, 2 : 0.07889819, 2 : 0.05277584",17
1.99387292989256E+018,"10 : 0.3045293, 10 : 0.2130404, 2 : 0.027346333",17
1.99345009191599E+018,"11 : 0.7021036, 2 : 0.1731385, 2 : 0.011839978",17
1.99270403306143E+018,"7 : 0.9542955, 2 : 0.0072747776, 3 : 0.0041969465",17
1.99168295344877E+018,"3 : 0.4764431, 2 : 0.24508345, 6 : 0.041867934",17
1.99157316536894E+018,"2 : 0.9814276, 2 : 0.001704598, 3 : 0.0010895072",17
1.99141810161575E+018,"1 : 0.76131016, 10 : 0.020233857, 1 : 0.01245615",17
1.99054745271415E+018,"11 : 0.2780663, 13 : 0.09721424, 13 : 0.065623686",17
1.98868591897153E+018,"2 : 0.51498955, 12 : 0.068166785, 11 : 0.031136462",17
1.98661031034956E+018,"4 : 0.59429735, 7 : 0.048810355, 12 : 0.03279145",17
1.986564140575E+018,"1 : 0.2265353, 11 : 0.1176638, 2 : 0.050722193",17
1.986536064827E+018,"13 : 0.35662535, 9 : 0.19865836, 3 : 0.14129375",17
1.98581540093252E+018,"2 : 0.17310369, 13 : 0.09982875, 7 : 0.061790403",17
1.98561912126988E+018,"13 : 0.16664506, 2 : 0.120551676, 13 : 0.08066837",17
1.98378038466075E+018,"12 : 0.17317343, 7 : 0.1695743, 7 : 0.08029321",17
1.98296744507935E+018,"7 : 0.8175744, 7 : 0.012786423, 7 : 0.011631533",17
1.98217999736839E+018,"2 : 0.9312708, 3 : 0.044938263, 2 : 0.0012684155",17
1.98187655897906E+018,"9 : 0.16149352, 12 : 0.106707826, 1 : 0.10620867",17
1.98145941090057E+018,"3 : 0.06620152, 11 : 0.045424137, 2 : 0.03656736",17
1.98044878851871E+018,"3 : 0.7133297, 9 : 0.08127181, 9 : 0.035365406",17
1.97911352757054E+018,"11 : 0.410942, 11 : 0.29935324, 1 : 0.059872188",17
1.97716336146647E+018,"6 : 0.38138747, 6 : 0.1558654, 3 : 0.062933795",17
1.97699001173795E+018,"2 : 0.7836282, 7 : 0.03108397, 13 : 0.020100571",17
1.97634979735066E+018,"3 : 0.9392391, 12 : 0.014557669, 12 : 0.0021734906",17
1.97615841742693E+018,"7 : 0.3219135, 7 : 0.083415195, 3 : 0.03498441",17
1.97558860964368E+018,"7 : 0.52075857, 7 : 0.046673615, 2 : 0.025235284",17
1.97499543811784E+018,"2 : 0.10408549, 6 : 0.025407786, 6 : 0.02024594",17
1.97359133556466E+018,"2 : 0.8955111, 7 : 0.0071499627, 3 : 0.0031043733",17
1.9720516091909E+018,"12 : 0.19226955, 2 : 0.08741721, 1 : 0.0861429",17
1.97135646625086E+018,"7 : 0.99261636, 13 : 0.00063339726, 2 : 0.0005467341",17
1.97130045641295E+018,"11 : 0.5765207, 2 : 0.2405956, 8 : 0.029185371",17
1.97053986332307E+018,"2 : 0.21500355, 7 : 0.108553484, 2 : 0.016258923",17
1.96836134417232E+018,"2 : 0.8555658, 11 : 0.020435754, 2 : 0.014345723",17
1.96676257069177E+018,"7 : 0.6170664, 2 : 0.048992354, 3 : 0.034283493",17
1.96626207823603E+018,"2 : 0.9342873, 2 : 0.0035457318, 6 : 0.0017577907",17
1.96603786556555E+018,"11 : 0.74193114, 11 : 0.055609293, 1 : 0.03255931",17
1.96524495124355E+018,"3 : 0.27492818, 2 : 0.13306849, 1 : 0.06226412",17
1.963793336578E+018,"11 : 0.18784744, 2 : 0.16949219, 11 : 0.06508562",17
1.96227268120226E+018,"12 : 0.10892838, 3 : 0.09961253, 2 : 0.05295346",17
1.96155959285884E+018,"10 : 0.6920443, 7 : 0.18413895, 7 : 0.033424888",17
1.96116677988115E+018,"2 : 0.24643573, 13 : 0.21066055, 12 : 0.064140856",17
1.96113582553978E+018,"13 : 0.20468967, 7 : 0.09876209, 10 : 0.066313",17
1.96090864106234E+018,"2 : 0.5327699, 6 : 0.09289807, 13 : 0.044370867",17
1.95965649490482E+018,"13 : 0.20803747, 12 : 0.13768159, 10 : 0.09152959",17
1.95808312134596E+018,"2 : 0.56462824, 2 : 0.23236129, 11 : 0.021141306",17
1.95622570285425E+018,"6 : 0.4702026, 6 : 0.110417925, 6 : 0.047551386",17
1.95614140473422E+018,"7 : 0.9233381, 10 : 0.014982876, 7 : 0.009755189",17
1.95591560760633E+018,"6 : 0.37566873, 7 : 0.11842719, 2 : 0.10411297",17
1.95526640542498E+018,"13 : 0.2548691, 2 : 0.25310573, 13 : 0.061676294",17
1.95363636853952E+018,"9 : 0.3449055, 1 : 0.24176179, 1 : 0.09364079",17
1.95233584199914E+018,"9 : 0.27626193, 14 : 0.07358071, 9 : 0.059046254",17
1.9509944158251E+018,"7 : 0.9849643, 9 : 0.0010906778, 3 : 0.0010653842",17
1.9503605346724E+018,"1 : 0.4885363, 7 : 0.39586464, 7 : 0.026525414",17
1.95023442242047E+018,"7 : 0.32245246, 5 : 0.22094883, 10 : 0.1642794",17
1.94938914960188E+018,"13 : 0.3082113, 2 : 0.20321615, 13 : 0.05878135",17
1.94937354647238E+018,"3 : 0.6399588, 6 : 0.042240642, 7 : 0.018554175",17
1.94926877288565E+018,"11 : 0.71989506, 2 : 0.05132922, 8 : 0.026056662",17
1.94794225846237E+018,"12 : 0.4476887, 2 : 0.06885767, 13 : 0.051269762",17
1.94651648464344E+018,"11 : 0.6604715, 1 : 0.13145596, 11 : 0.016816294",17
1.94580063478382E+018,"2 : 0.74322313, 2 : 0.027646935, 5 : 0.015063235",17
1.94518603876279E+018,"3 : 0.20116782, 1 : 0.11722769, 11 : 0.060034454",17
1.94460571716129E+018,"7 : 0.31665388, 13 : 0.18531498, 13 : 0.036600437",17
1.94440123668603E+018,"2 : 0.116745986, 6 : 0.058408745, 10 : 0.04404477",17
1.94383408697789E+018,"3 : 0.23233552, 7 : 0.11587742, 2 : 0.08866199",17
1.94299421135626E+018,"13 : 0.27380878, 13 : 0.16685256, 13 : 0.12676404",17
1.94290455754765E+018,"2 : 0.17270674, 12 : 0.07098433, 2 : 0.0667032",17
1.94138892693816E+018,"1 : 0.8808803, 1 : 0.045186464, 11 : 0.0038313938",17
1.93884484993754E+018,"6 : 0.3230275, 10 : 0.25542042, 8 : 0.041079815",17
1.93786261417842E+018,"6 : 0.11691216, 7 : 0.06569235, 10 : 0.02372504",17
1.93735684284792E+018,"9 : 0.26184586, 12 : 0.06430939, 8 : 0.05911509",17
1.93698938976456E+018,"1 : 0.6131247, 7 : 0.23475437, 7 : 0.024004584",17
1.9362954006525E+018,"12 : 0.23954213, 2 : 0.17604601, 3 : 0.09843102",17
1.93579764956935E+018,"13 : 0.14529297, 13 : 0.112701684, 13 : 0.07493245",17
1.93559909941368E+018,"3 : 0.7990814, 5 : 0.012811934, 7 : 0.009351942",17
1.93433994925365E+018,"2 : 0.9093618, 9 : 0.026548315, 2 : 0.024652814",17
1.93352831034907E+018,"1 : 0.59311724, 11 : 0.14583372, 13 : 0.015912903",17
1.93234164216797E+018,"12 : 0.50301594, 1 : 0.1996083, 1 : 0.07645863",17
1.93198598353454E+018,"12 : 0.5253845, 12 : 0.12162478, 13 : 0.045569118",17
1.93073444316757E+018,"13 : 0.12720785, 3 : 0.089063734, 10 : 0.077782735",17
1.93050067807018E+018,"3 : 0.283423, 3 : 0.22266886, 7 : 0.05333012",17
1.92971128948169E+018,"1 : 0.831231, 5 : 0.02767069, 12 : 0.02671804",17
1.92899936398065E+018,"7 : 0.40873048, 7 : 0.25490826, 2 : 0.02217473",17
1.92763566344668E+018,"10 : 0.93463916, 12 : 0.006783921, 7 : 0.0021598912",17
1.92705713970535E+018,"14 : 0.7960502, 2 : 0.044079132, 11 : 0.022698032",17
1.92643561650797E+018,"2 : 0.096540004, 12 : 0.028600706, 7 : 0.028154436",17
1.92557531923089E+018,"10 : 0.635773, 10 : 0.32404357, 10 : 0.0068146978",17
1.9253934641182E+018,"7 : 0.5249758, 7 : 0.098436005, 7 : 0.031419598",17
1.92431623956997E+018,"7 : 0.1342713, 9 : 0.112639144, 2 : 0.087998874",17
1.92355354655898E+018,"7 : 0.21808793, 8 : 0.071047604, 4 : 0.02748877",17
1.9231745599791E+018,"2 : 0.5069046, 13 : 0.28214675, 3 : 0.044821136",17
1.92262720547968E+018,"12 : 0.03868693, 12 : 0.033582807, 12 : 0.03201372",17
1.92177270289538E+018,"11 : 0.54384476, 11 : 0.09564609, 2 : 0.032438874",17
1.92099380049249E+018,"11 : 0.3264192, 11 : 0.21792547, 1 : 0.13963419",17
1.92055580289899E+018,"10 : 0.7404904, 10 : 0.117236584, 10 : 0.03899465",17
1.92042736684314E+018,"7 : 0.23168655, 13 : 0.20046745, 12 : 0.13701594",17
1.9190933320074E+018,"2 : 0.43330365, 8 : 0.13706744, 8 : 0.04243767",17
1.91840412689322E+018,"7 : 0.8513145, 14 : 0.017000271, 7 : 0.01028413",17
1.91745765731515E+018,"7 : 0.63545954, 3 : 0.09549895, 2 : 0.082886465",17
1.9166613304066E+018,"3 : 0.19285242, 13 : 0.16489808, 13 : 0.058103997",17
1.91616439186861E+018,"3 : 0.27443984, 13 : 0.0703069, 13 : 0.05516957",17
1.91561552435678E+018,"2 : 0.10501082, 2 : 0.065502614, 2 : 0.03550108",17
1.91553918326942E+018,"7 : 0.3847834, 7 : 0.13093594, 7 : 0.07852972",17
1.9154193566262E+018,"13 : 0.56426424, 1 : 0.11205255, 2 : 0.009665614",17
1.91526139168677E+018,"1 : 0.4097094, 7 : 0.09028555, 11 : 0.05347946",17
1.9147140385398E+018,"7 : 0.30532154, 10 : 0.19076283, 7 : 0.06598547",17
1.91456417571329E+018,"11 : 0.44327196, 13 : 0.07200166, 7 : 0.056014176",17
1.91404771466207E+018,"7 : 0.1612495, 7 : 0.10107548, 7 : 0.083716236",17
1.91342786136703E+018,"7 : 0.3375419, 7 : 0.08363082, 7 : 0.053141806",17
1.91330594282157E+018,"2 : 0.26326782, 3 : 0.13959312, 3 : 0.066148356",17
1.91297940353768E+018,"13 : 0.39260304, 10 : 0.03301937, 7 : 0.031987146",17
1.91194337483349E+018,"11 : 0.49025574, 13 : 0.0821088, 3 : 0.06921156",17
1.91026054255623E+018,"7 : 0.42707253, 2 : 0.032657653, 7 : 0.030906243",17
1.90972870643832E+018,"2 : 0.9384346, 3 : 0.002231287, 8 : 0.0012980449",17
1.90898655618697E+018,"2 : 0.6843285, 2 : 0.016595501, 3 : 0.015988095",17
1.90833872188414E+018,"10 : 0.09842206, 2 : 0.07440568, 12 : 0.06382888",17
1.9075929793315E+018,"11 : 0.31773517, 2 : 0.11871758, 1 : 0.046926897",17
1.90759001207947E+018,"11 : 0.16908228, 3 : 0.114270166, 1 : 0.05500085",17
1.90758554059076E+018,"12 : 0.31895038, 1 : 0.16946825, 3 : 0.097193144",17
1.90752962026757E+018,"3 : 0.29114595, 12 : 0.062927775, 7 : 0.03264334",17
1.90752498237411E+018,"3 : 0.4756176, 11 : 0.04484038, 13 : 0.028744545",17
1.90752090790972E+018,"7 : 0.18057418, 7 : 0.116492644, 11 : 0.10912899",17
1.90751201325061E+018,"11 : 0.85362834, 11 : 0.0068802475, 7 : 0.0068460973",17
1.90750659245647E+018,"11 : 0.43226075, 13 : 0.13750967, 7 : 0.035251945",17
1.90750114460918E+018,"7 : 0.47212496, 3 : 0.057500605, 12 : 0.040691525",17
1.9073848272311E+018,"3 : 0.13478242, 11 : 0.096841745, 7 : 0.03667557",17
1.90721555634584E+018,"11 : 0.8345862, 2 : 0.049408518, 2 : 0.03378606",17
1.90679238586858E+018,"11 : 0.7266276, 1 : 0.026275292, 7 : 0.018930824",17
1.90619843089033E+018,"1 : 0.8170728, 1 : 0.019070402, 11 : 0.018434156",17
1.90545884813995E+018,"12 : 0.28651637, 2 : 0.13799773, 12 : 0.090022825",17
1.90528612701336E+018,"2 : 0.5399443, 13 : 0.045749895, 13 : 0.025272371",17
1.90509794743387E+018,"3 : 0.16660844, 7 : 0.11696293, 7 : 0.05956383",17
1.90461421346955E+018,"2 : 0.31413487, 2 : 0.2991045, 3 : 0.08947892",17
1.90394913785204E+018,"10 : 0.9987662, 10 : 0.0004488975, 2 : 0.00012796422",17
1.90370113667664E+018,"2 : 0.51778615, 2 : 0.09318822, 2 : 0.060189076",17
1.90259888915358E+018,"9 : 0.28682384, 12 : 0.07035083, 12 : 0.041890346",17
1.90218141922119E+018,"11 : 0.31306297, 11 : 0.18291774, 13 : 0.14425652",17
1.90155608825841E+018,"3 : 0.8444407, 1 : 0.028250782, 11 : 0.018574063",17
1.90102541281991E+018,"2 : 0.07995178, 1 : 0.06113736, 11 : 0.05934812",17
1.90024945991099E+018,"7 : 0.26986977, 7 : 0.1328272, 2 : 0.10500419",17
1.90014876226365E+018,"14 : 0.8034672, 4 : 0.033378687, 4 : 0.007873847",17
1.89882990019664E+018,"7 : 0.23135722, 13 : 0.08095868, 1 : 0.07037754",17
1.89804635067992E+018,"11 : 0.20745885, 2 : 0.12196045, 2 : 0.0472658",17
1.89739410345095E+018,"12 : 0.27079615, 3 : 0.062661074, 13 : 0.05845477",17
1.89624853968042E+018,"10 : 0.19764704, 10 : 0.06743521, 2 : 0.045567565",17
1.89506958025974E+018,"14 : 0.31403682, 8 : 0.050356943, 2 : 0.03917657",17
1.89435627585069E+018,"4 : 0.31103885, 13 : 0.162919, 5 : 0.09244385",17
1.8928105767216E+018,"11 : 0.22571205, 1 : 0.160129, 12 : 0.03341641",17
1.89155082737096E+018,"11 : 0.3164825, 2 : 0.08261433, 8 : 0.06625397",17
1.89068291859958E+018,"2 : 0.2543944, 2 : 0.13236007, 2 : 0.079651326",17
1.88922335470464E+018,"7 : 0.24712972, 7 : 0.08705057, 2 : 0.07351346",17
1.88795027835606E+018,"7 : 0.50132287, 10 : 0.14341788, 10 : 0.041331675",17
1.88610081187699E+018,"1 : 0.7828664, 13 : 0.09665031, 11 : 0.016827172",17
1.88511816316421E+018,"11 : 0.15580547, 2 : 0.12855183, 13 : 0.08472899",17
1.88497555216399E+018,"9 : 0.6800061, 1 : 0.039891463, 1 : 0.03148832",17
1.8840924910679E+018,"11 : 0.70829403, 2 : 0.17705847, 3 : 0.013122437",17
1.8823298357086E+018,"9 : 0.5478029, 1 : 0.06896094, 9 : 0.014424964",17
1.8808121599763E+018,"7 : 0.15773627, 1 : 0.12829398, 11 : 0.062141735",17
1.87990483905008E+018,"11 : 0.48023078, 3 : 0.13259065, 2 : 0.11749027",17
1.87938300627675E+018,"2 : 0.18119256, 1 : 0.16883528, 1 : 0.12857272",17
1.87917807319531E+018,"13 : 0.95366967, 13 : 0.022481162, 13 : 0.0021418333",17
1.87846970695884E+018,"11 : 0.69365233, 2 : 0.08607725, 11 : 0.0649271",17
1.87770358283926E+018,"11 : 0.61576885, 2 : 0.105589494, 11 : 0.014370676",17
1.87631418165451E+018,"11 : 0.52859664, 11 : 0.20120288, 1 : 0.116950616",17
1.87531616628566E+018,"7 : 0.21770547, 3 : 0.16206501, 2 : 0.051702533",17
1.87393422877378E+018,"12 : 0.4701961, 13 : 0.42418075, 1 : 0.06513583",17
1.86984947249626E+018,"1 : 0.92362225, 7 : 0.017557718, 11 : 0.0119601935",17
1.86752235416528E+018,"12 : 0.40331095, 3 : 0.1349138, 3 : 0.09153225",17
1.865594043032E+018,"13 : 0.106229015, 7 : 0.05944808, 11 : 0.051706925",17
1.8630289497481E+018,"7 : 0.27608773, 7 : 0.12218595, 2 : 0.10425455",17
1.85967385321571E+018,"3 : 0.24609469, 1 : 0.2172708, 11 : 0.08983259",17
1.84567768777185E+018,"10 : 0.94083965, 14 : 0.0065946435, 2 : 0.0033119575",17
1.84201688899157E+018,"11 : 0.20348015, 7 : 0.19226313, 2 : 0.13258472",17
1.83641832145811E+018,"13 : 0.47962567, 2 : 0.02675114, 5 : 0.022519587",17
1.83148915914161E+018,"3 : 0.63419694, 11 : 0.07677769, 1 : 0.02143582",17
1.8283295999778E+018,"2 : 0.5894072, 8 : 0.11133183, 4 : 0.10325706",17
1.82548378023261E+018,"12 : 0.21174954, 2 : 0.042230163, 12 : 0.034459088",17
1.82175153888087E+018,"7 : 0.17227641, 12 : 0.11073188, 12 : 0.092654996",17
1.8204851906002E+018,"13 : 0.26299807, 11 : 0.17280427, 13 : 0.052224535",17
1.81881617273331E+018,"1 : 0.9601711, 1 : 0.0057370095, 9 : 0.0014720819",17
1.8151128472152E+018,"2 : 0.2886881, 2 : 0.19758452, 3 : 0.16116714",17
1.81232962336363E+018,"13 : 0.05070565, 7 : 0.043778982, 7 : 0.03130835",17
1.81135344746808E+018,"1 : 0.9586507, 1 : 0.004599033, 1 : 0.0022320247",17
1.80905944017314E+018,"13 : 0.08457671, 13 : 0.06416685, 4 : 0.046028644",17
1.80719635178644E+018,"7 : 0.14118142, 7 : 0.051264968, 3 : 0.03972826",17
1.8052331805029E+018,"2 : 0.51877743, 8 : 0.16217749, 2 : 0.097647004",17
1.80185276269524E+018,"5 : 0.09382715, 1 : 0.08762972, 11 : 0.053084206",17
1.79776635894483E+018,"7 : 0.08011877, 7 : 0.06631787, 12 : 0.060542546",17
1.79510548444259E+018,"2 : 0.6274676, 3 : 0.031059986, 2 : 0.022614634",17
1.79357739543398E+018,"2 : 0.62664425, 2 : 0.36679885, 13 : 0.00092123117",17
1.79348971100066E+018,"12 : 0.22826657, 3 : 0.2008264, 1 : 0.068822905",17
1.79278687512841E+018,"11 : 0.73353523, 11 : 0.1296763, 2 : 0.023752594",17
1.79152377073833E+018,"13 : 0.24865854, 1 : 0.22406647, 11 : 0.047286946",17
1.79051033330061E+018,"1 : 0.8570021, 1 : 0.04255607, 11 : 0.011590135",17
1.78867896332349E+018,"12 : 0.35482267, 3 : 0.068580166, 11 : 0.060898032",17
1.78798259521723E+018,"1 : 0.96780413, 1 : 0.005359077, 7 : 0.0049458207",17
1.78727395019205E+018,"1 : 0.8035337, 11 : 0.022707967, 1 : 0.018948967",17
1.78645278000341E+018,"2 : 0.122620545, 12 : 0.09044624, 2 : 0.054038003",17
1.78583032974398E+018,"2 : 0.5253618, 1 : 0.047026634, 11 : 0.03391868",17
1.78263118832289E+018,"7 : 0.1892212, 1 : 0.036707994, 2 : 0.03587568",17
1.78184189825858E+018,"7 : 0.47117227, 7 : 0.37053552, 7 : 0.030144382",17
1.78001741281896E+018,"13 : 0.6839809, 1 : 0.1589984, 11 : 0.013362589",17
1.77899047826032E+018,"13 : 0.85446113, 1 : 0.08882131, 13 : 0.0035537686",17
1.7783241932401E+018,"1 : 0.40958056, 11 : 0.21820892, 7 : 0.051829882",17
1.77580987049543E+018,"1 : 0.78098714, 11 : 0.07983454, 11 : 0.00964206",17
1.77385996992363E+018,"4 : 0.56701535, 9 : 0.07253371, 13 : 0.058111005",17
1.773351584544E+018,"1 : 0.45060137, 11 : 0.43185225, 9 : 0.012484058",17
1.77204189344688E+018,"1 : 0.07179105, 11 : 0.07007299, 12 : 0.05427633",17
1.76977868886945E+018,"10 : 0.10898578, 6 : 0.08764385, 7 : 0.030224456",17
1.7689746813257E+018,"1 : 0.5315114, 2 : 0.063219234, 13 : 0.040187467",17
1.76824022623861E+018,"11 : 0.9354419, 7 : 0.0067433375, 7 : 0.004008735",17
1.76809934933162E+018,"11 : 0.17907143, 11 : 0.11968143, 11 : 0.08790322",17
1.767710664497E+018,"6 : 0.7155832, 6 : 0.17046377, 6 : 0.009314939",17
1.76733388559823E+018,"7 : 0.884567, 4 : 0.03380353, 7 : 0.022428334",17
1.76692686528658E+018,"13 : 0.32787597, 9 : 0.106065944, 7 : 0.086874425",17
1.76621068934674E+018,"9 : 0.877416, 13 : 0.008707784, 13 : 0.0073934393",17
1.76554659123584E+018,"4 : 0.5189168, 6 : 0.04874214, 2 : 0.023120686",17
1.76532898447783E+018,"2 : 0.30085295, 2 : 0.18292424, 3 : 0.10341032",17
1.7648499168549E+018,"1 : 0.38862073, 11 : 0.1307162, 5 : 0.054718476",17
1.76440034052417E+018,"7 : 0.100132294, 7 : 0.09829502, 7 : 0.06691182",17
1.76375585379641E+018,"4 : 0.44507784, 2 : 0.2357986, 2 : 0.04768269",17
1.76298827089907E+018,"1 : 0.8250386, 11 : 0.059535343, 11 : 0.013958215",17
1.75898510041693E+018,"9 : 0.4605712, 2 : 0.09840297, 11 : 0.096490666",17
1.7586649060579E+018,"3 : 0.075351395, 2 : 0.04532217, 9 : 0.042773705",17
1.75802985997087E+018,"3 : 0.111913085, 2 : 0.078370154, 2 : 0.074488506",17
1.75662299421691E+018,"2 : 0.48165128, 11 : 0.07036161, 11 : 0.06639638",17
1.75455639742686E+018,"11 : 0.69247156, 1 : 0.07046608, 1 : 0.057523105",17
1.75219590377014E+018,"5 : 0.17813906, 3 : 0.08152519, 2 : 0.07395939",17
1.75022837539119E+018,"11 : 0.17207624, 11 : 0.16652915, 2 : 0.102174506",17
1.74918135812038E+018,"4 : 0.87246346, 6 : 0.013972706, 7 : 0.011284255",17
1.74797099620573E+018,"11 : 0.471539, 1 : 0.16306788, 2 : 0.037413765",17
1.74667845729808E+018,"7 : 0.30072448, 7 : 0.09291724, 11 : 0.07784827",17
1.74633235861523E+018,"7 : 0.05328427, 7 : 0.050206296, 3 : 0.047407765",17
1.7444523221776E+018,"7 : 0.18548602, 3 : 0.052723918, 7 : 0.037937842",17
1.74432962891237E+018,"1 : 0.15265161, 12 : 0.085965015, 12 : 0.061632756",17
1.74315019281684E+018,"13 : 0.8850562, 2 : 0.084462434, 12 : 0.002793574",17
1.74083162800628E+018,"7 : 0.6783065, 7 : 0.061069746, 3 : 0.035827223",17
1.73863579668326E+018,"7 : 0.23934686, 3 : 0.18409364, 7 : 0.034201905",17
1.73765363526317E+018,"11 : 0.35016823, 11 : 0.21136504, 1 : 0.042897984",17
1.73630438517862E+018,"1 : 0.42284054, 7 : 0.095775686, 13 : 0.07630738",17
1.73441483473573E+018,"1 : 0.97916585, 1 : 0.002410339, 9 : 0.0005468446",17
1.73337467168614E+018,"7 : 0.16686104, 12 : 0.16150701, 2 : 0.058826517",17
1.73279947477731E+018,"1 : 0.38099086, 5 : 0.22048241, 5 : 0.116491504",17
1.73213962171313E+018,"3 : 0.43480763, 2 : 0.15862235, 3 : 0.07415884",17
1.73187863170776E+018,"2 : 0.032464135, 6 : 0.0185038, 6 : 0.0080586765",17
1.73125940004134E+018,"7 : 0.3631118, 7 : 0.048629683, 7 : 0.035987668",17
1.73079406154297E+018,"9 : 0.97810215, 11 : 0.00043457607, 5 : 0.00043136918",17
1.73040684341384E+018,"2 : 0.20966329, 7 : 0.05121621, 7 : 0.049476124",17
1.73000457708583E+018,"1 : 0.65293515, 2 : 0.12904152, 11 : 0.07101712",17
1.72911756517287E+018,"3 : 0.38820943, 7 : 0.24515277, 7 : 0.0668799",17
1.72778684810784E+018,"11 : 0.5847802, 2 : 0.12344899, 11 : 0.06479882",17
1.72769178141523E+018,"12 : 0.31981954, 12 : 0.049316283, 4 : 0.02125595",17
1.72687214797405E+018,"11 : 0.078101225, 11 : 0.074771166, 13 : 0.053035136",17
1.726007824922E+018,"8 : 0.14202723, 10 : 0.0818131, 10 : 0.075730115",17
1.72541512828491E+018,"2 : 0.8458985, 2 : 0.09410366, 3 : 0.007320596",17
1.7240764949419E+018,"12 : 0.17557088, 7 : 0.16316952, 3 : 0.104417436",17
1.7227264055599E+018,"2 : 0.38360327, 2 : 0.110165, 12 : 0.038323596",17
1.72246691981638E+018,"1 : 0.30237997, 13 : 0.2967041, 11 : 0.08623987",17
1.72171338033815E+018,"1 : 0.5738013, 9 : 0.12306202, 1 : 0.08535251",17
1.72164578931356E+018,"7 : 0.56452256, 3 : 0.08950155, 2 : 0.06944617",17
1.72028651791224E+018,"13 : 0.7650548, 1 : 0.035648912, 11 : 0.010129637",17
1.71900773140468E+018,"4 : 0.20886372, 2 : 0.150978, 3 : 0.106759846",17
1.71758316610853E+018,"6 : 0.33335373, 3 : 0.114351496, 12 : 0.049359977",17
1.71681751002335E+018,"7 : 0.114586085, 7 : 0.08952483, 7 : 0.06795939",17
1.71483080461584E+018,"1 : 0.9403469, 1 : 0.0251498, 3 : 0.0031250962",17
1.71452486303225E+018,"3 : 0.17690307, 6 : 0.09525097, 12 : 0.055402175",17
1.71258252396546E+018,"3 : 0.25591695, 2 : 0.14550972, 3 : 0.06409433",17
1.7123840372548E+018,"4 : 0.17785789, 3 : 0.14700611, 7 : 0.064136855",17
1.71183511111609E+018,"1 : 0.95367527, 1 : 0.014281758, 6 : 0.0006295739",17
1.7108722276828E+018,"2 : 0.39726183, 3 : 0.19669947, 13 : 0.058905456",17
1.71023126769966E+018,"1 : 0.71627307, 1 : 0.08115052, 11 : 0.009078581",17
1.70945837663296E+018,"7 : 0.7380981, 2 : 0.048222087, 2 : 0.015690897",17
1.70808671278446E+018,"11 : 0.32122666, 7 : 0.06958498, 7 : 0.05908936",17
1.70767188313396E+018,"1 : 0.33102176, 1 : 0.09887782, 1 : 0.06546432",17
2.20887368862239E+018,"6 : 0.7366146, 7 : 0.12504952, 6 : 0.028751912",17
2.20869002265974E+018,"2 : 0.11431112, 7 : 0.09349313, 7 : 0.09086023",17
2.20809336007483E+018,"4 : 0.9950853, 7 : 0.0014436628, 7 : 0.0006182642",17
2.20764481804181E+018,"10 : 0.30429214, 10 : 0.3036768, 10 : 0.03540285",17
2.20764371916764E+018,"10 : 0.28462538, 4 : 0.06207296, 10 : 0.06142654",17
2.2076342261751E+018,"1 : 0.5884819, 1 : 0.08927568, 11 : 0.028030276",17
2.20759636671715E+018,"11 : 0.19660681, 10 : 0.07943395, 3 : 0.052302986",17
2.2075954857288E+018,"7 : 0.20523673, 7 : 0.13128732, 7 : 0.08874974",17
2.20759444572588E+018,"7 : 0.51287305, 3 : 0.22752745, 1 : 0.051070765",17
2.20759336625467E+018,"1 : 0.3211043, 3 : 0.20676942, 11 : 0.1757871",17
2.20759246402638E+018,"11 : 0.19524883, 2 : 0.052767657, 3 : 0.029986285",17
2.20758220047201E+018,"11 : 0.1303597, 7 : 0.071527846, 12 : 0.046600953",17
2.20758108513128E+018,"10 : 0.43027112, 7 : 0.052796304, 7 : 0.014065872",17
2.20758003430708E+018,"11 : 0.11568189, 7 : 0.09257804, 13 : 0.07627211",17
2.20757875032997E+018,"7 : 0.36993104, 10 : 0.12719558, 7 : 0.053026877",17
2.20757769309696E+018,"3 : 0.8684888, 7 : 0.07329087, 12 : 0.013931307",17
2.20706135776569E+018,"11 : 0.5897999, 7 : 0.17969927, 1 : 0.023985486",17
2.20706039030765E+018,"12 : 0.51385146, 9 : 0.034447677, 7 : 0.03175432",17
2.20705910445983E+018,"12 : 0.27796268, 10 : 0.27354836, 10 : 0.13112478",17
2.20705808745847E+018,"11 : 0.2700713, 14 : 0.03589358, 3 : 0.02321986",17
2.20705591853347E+018,"7 : 0.16985036, 7 : 0.11241181, 11 : 0.10148465",17
2.20702670819247E+018,"7 : 0.118727244, 7 : 0.110393636, 7 : 0.09120822",17
2.20702572378952E+018,"7 : 0.72310245, 7 : 0.07593664, 10 : 0.06789512",17
2.20702440499966E+018,"7 : 0.04907549, 7 : 0.03819671, 9 : 0.03193036",17
2.20702326596094E+018,"11 : 0.53959835, 7 : 0.04790756, 3 : 0.019374255",17
2.20702198462601E+018,"11 : 0.5337843, 13 : 0.14832199, 12 : 0.017014243",17
2.20702102829135E+018,"7 : 0.4402632, 7 : 0.4344092, 11 : 0.022127945",17
2.20691039056281E+018,"11 : 0.84505725, 1 : 0.018257154, 7 : 0.017401626",17
2.2069093494779E+018,"11 : 0.27242905, 3 : 0.1044502, 13 : 0.05518517",17
2.20690826645817E+018,"11 : 0.7064006, 2 : 0.017600544, 11 : 0.017182609",17
2.20690711122948E+018,"3 : 0.14920981, 12 : 0.11960823, 13 : 0.09701937",17
2.20688179722098E+018,"11 : 0.36223128, 1 : 0.05736165, 3 : 0.01548844",17
2.20687497245067E+018,"3 : 0.4827577, 2 : 0.0607017, 3 : 0.044623736",17
2.20687321393835E+018,"11 : 0.18360682, 13 : 0.06559615, 1 : 0.03405489",17
2.20687175065463E+018,"7 : 0.97121584, 7 : 0.009644824, 3 : 0.003352868",17
2.20686768787579E+018,"1 : 0.37863025, 13 : 0.19981223, 7 : 0.06073697",17
2.20686640029139E+018,"7 : 0.94433373, 7 : 0.014691328, 11 : 0.003119401",17
2.20686547656322E+018,"13 : 0.40506196, 7 : 0.19518225, 6 : 0.022192156",17
2.20686416503768E+018,"7 : 0.6471698, 7 : 0.23634805, 3 : 0.016268488",17
2.2068185900662E+018,"11 : 0.8475724, 3 : 0.013923117, 7 : 0.010991128",17
2.2068172401629E+018,"13 : 0.21050519, 9 : 0.13915467, 11 : 0.082593225",17
2.20681535060375E+018,"11 : 0.41068986, 1 : 0.07715438, 2 : 0.044990536",17
2.20681414834013E+018,"11 : 0.35940793, 2 : 0.044806015, 7 : 0.032006808",17
2.20681292520549E+018,"11 : 0.3107638, 7 : 0.04672562, 3 : 0.029400071",17
2.20676057762283E+018,"11 : 0.4763891, 7 : 0.1701476, 7 : 0.050839096",17
2.20634971555796E+018,"11 : 0.4879648, 7 : 0.2218319, 1 : 0.09778525",17
2.20634753143285E+018,"7 : 0.34740093, 1 : 0.16969328, 12 : 0.049867995",17
2.20634542595947E+018,"11 : 0.44329637, 7 : 0.20625353, 2 : 0.04858002",17
2.20634442043365E+018,"11 : 0.4048939, 2 : 0.07719952, 1 : 0.05626206",17
2.20634262142128E+018,"7 : 0.4928247, 11 : 0.1033745, 10 : 0.06387279",17
2.20634062058736E+018,"7 : 0.24178347, 2 : 0.10054655, 7 : 0.044925254",17
2.20617458727674E+018,"2 : 0.23251373, 2 : 0.06655162, 2 : 0.0646022",17
2.20617352448191E+018,"11 : 0.48271585, 2 : 0.12682882, 11 : 0.03820268",17
2.20616925870691E+018,"7 : 0.3643109, 1 : 0.23148088, 11 : 0.20643052",17
2.20616817660179E+018,"11 : 0.83826905, 2 : 0.01996056, 7 : 0.019109342",17
2.20616555735946E+018,"1 : 0.57466584, 11 : 0.16957308, 12 : 0.035607114",17
2.20616410915038E+018,"7 : 0.9223734, 12 : 0.006214053, 7 : 0.003740965",17
2.20616296923897E+018,"13 : 0.9634699, 7 : 0.023565888, 7 : 0.0033916645",17
2.20614684100771E+018,"1 : 0.5728395, 11 : 0.3299261, 2 : 0.0273507",17
2.20614557188699E+018,"11 : 0.5273983, 7 : 0.049740575, 3 : 0.034678802",17
2.20486821125852E+018,"7 : 0.96387345, 11 : 0.018097013, 7 : 0.0022315183",17
2.20486698912233E+018,"11 : 0.73995095, 7 : 0.053524125, 1 : 0.034386426",17
2.20486596982249E+018,"11 : 0.42523855, 13 : 0.105087675, 1 : 0.09760239",17
2.20486492945048E+018,"11 : 0.5157683, 12 : 0.07814864, 13 : 0.015740503",17
2.2048636190158E+018,"10 : 0.30804107, 2 : 0.07698905, 7 : 0.053157635",17
2.20482092147928E+018,"2 : 0.8771693, 7 : 0.0066694426, 7 : 0.004823909",17
2.20481971363702E+018,"11 : 0.37770244, 1 : 0.16802174, 2 : 0.07444012",17
2.2048186535519E+018,"1 : 0.9198586, 11 : 0.044497468, 13 : 0.005431844",17
2.20481749559684E+018,"7 : 0.18004748, 13 : 0.14517869, 7 : 0.13374455",17
2.20481638060826E+018,"11 : 0.7089949, 7 : 0.1548455, 2 : 0.015711164",17
2.20481549311866E+018,"7 : 0.45250478, 2 : 0.07739857, 7 : 0.05432238",17
2.20481455881239E+018,"11 : 0.42277226, 7 : 0.13223824, 7 : 0.09339792",17
2.20481344216269E+018,"7 : 0.32510296, 7 : 0.17703943, 4 : 0.0362314",17
2.20481231919648E+018,"11 : 0.22490123, 7 : 0.06732902, 7 : 0.051331688",17
2.20481082807951E+018,"11 : 0.72516674, 11 : 0.038287178, 11 : 0.033137888",17
2.20480945885747E+018,"13 : 0.2757804, 4 : 0.27350616, 10 : 0.119878344",17
2.20165249154912E+018,"6 : 0.0784164, 7 : 0.043607168, 13 : 0.035123136",17
2.19801308287856E+018,"13 : 0.13945471, 11 : 0.13886474, 3 : 0.06774807",17
2.19362096415052E+018,"7 : 0.2938669, 7 : 0.11653199, 2 : 0.047288317",17
2.1909565307326E+018,"13 : 0.39084294, 10 : 0.10076363, 2 : 0.031047419",17
2.19082922794378E+018,"2 : 0.17046978, 7 : 0.1401025, 1 : 0.12653266",17
2.19010420745828E+018,"3 : 0.25028586, 12 : 0.0850151, 2 : 0.06363907",17
2.18939802412695E+018,"12 : 0.7208561, 3 : 0.15122679, 2 : 0.016823469",17
2.17777394275702E+018,"9 : 0.23126534, 7 : 0.2146536, 13 : 0.095734164",17
2.17546633654578E+018,"11 : 0.6718406, 3 : 0.030512257, 13 : 0.017147789",17
2.17141617762925E+018,"9 : 0.38376406, 2 : 0.075543456, 12 : 0.059072074",17
2.17059279248493E+018,"2 : 0.47218955, 9 : 0.18512514, 2 : 0.05956965",17
2.1684704004897E+018,"3 : 0.21420383, 6 : 0.07711069, 7 : 0.04713428",17
2.16768974338153E+018,"7 : 0.3833242, 7 : 0.021907095, 13 : 0.021119477",17
2.16466008927375E+018,"13 : 0.16563065, 13 : 0.09487324, 12 : 0.07769466",17
2.16106422975985E+018,"7 : 0.14668168, 7 : 0.1281414, 7 : 0.058784828",17
2.15741303187385E+018,"2 : 0.59566677, 12 : 0.09908753, 7 : 0.06767724",17
2.15292329840564E+018,"7 : 0.6957397, 1 : 0.059857488, 3 : 0.01764801",17
2.14883762961387E+018,"7 : 0.42920372, 14 : 0.17898922, 13 : 0.10541985",17
2.13788551365806E+018,"11 : 0.41118002, 1 : 0.40188572, 9 : 0.03753779",17
2.13479804178142E+018,"7 : 0.45559043, 7 : 0.41391605, 6 : 0.0024552497",17
2.12869312861041E+018,"11 : 0.7063207, 14 : 0.033425517, 7 : 0.02509739",17
2.12868561747576E+018,"12 : 0.17391711, 3 : 0.05682452, 7 : 0.05446629",17
2.12353396270554E+018,"3 : 0.16343515, 7 : 0.12266764, 7 : 0.05945709",17
2.12060398721336E+018,"7 : 0.45558497, 11 : 0.18298526, 7 : 0.13600872",17
2.11809054920604E+018,"2 : 0.6580072, 9 : 0.034679353, 11 : 0.034541663",17
2.11635442750285E+018,"7 : 0.48384476, 10 : 0.09435068, 13 : 0.048748754",17
2.11553189168754E+018,"11 : 0.84755975, 1 : 0.056932542, 9 : 0.011928554",17
2.11168435938912E+018,"8 : 0.1551143, 2 : 0.13775918, 8 : 0.071063586",17
2.10472181926883E+018,"2 : 0.9491559, 13 : 0.0026363642, 11 : 0.0016040576",17
2.09826422974117E+018,"11 : 0.37344638, 12 : 0.041436348, 13 : 0.03351511",17
2.09353075238962E+018,"11 : 0.26600334, 13 : 0.11235284, 13 : 0.09918673",17
2.09203750446672E+018,"4 : 0.7704454, 7 : 0.028074473, 9 : 0.016724048",17
2.08927499988308E+018,"3 : 0.58061934, 2 : 0.111452915, 3 : 0.049768165",17
2.08666145710313E+018,"12 : 0.11895473, 3 : 0.06226009, 2 : 0.060174763",17
2.08348451625043E+018,"12 : 0.13437499, 2 : 0.06352009, 12 : 0.06211105",17
2.08332540079832E+018,"1 : 0.65163165, 2 : 0.12545875, 11 : 0.042356003",17
2.07484923628288E+018,"7 : 0.4659494, 2 : 0.33390406, 3 : 0.008932536",17
2.07135390515086E+018,"7 : 0.7193489, 7 : 0.02131895, 13 : 0.012627681",17
2.06751397891076E+018,"12 : 0.08277469, 12 : 0.05839196, 12 : 0.05063531",17
2.06386573105482E+018,"7 : 0.46620736, 11 : 0.03929834, 7 : 0.03457919",17
2.06312331777212E+018,"11 : 0.30467695, 7 : 0.12603909, 2 : 0.11835344",17
2.05731371856539E+018,"13 : 0.35828462, 7 : 0.20372376, 2 : 0.04017941",17
2.05438868136813E+018,"2 : 0.24621008, 10 : 0.089894935, 11 : 0.046495702",17
2.05321128383015E+018,"2 : 0.40423474, 1 : 0.056265574, 7 : 0.041122142",17
2.05304910021291E+018,"2 : 0.12835659, 3 : 0.06679099, 2 : 0.06440512",17
2.05180942046522E+018,"9 : 0.30379197, 4 : 0.07237259, 5 : 0.055251077",17
2.04939818146647E+018,"7 : 0.070965655, 12 : 0.06983859, 1 : 0.0632758",17
2.04732310905314E+018,"2 : 0.16813524, 3 : 0.066333525, 12 : 0.036598507",17
2.04727004484025E+018,"13 : 0.31718916, 1 : 0.18054909, 11 : 0.13598064",17
2.04719826000037E+018,"2 : 0.12835416, 12 : 0.08831526, 12 : 0.034744143",17
2.04705679184771E+018,"13 : 0.23279475, 9 : 0.12529026, 5 : 0.08047684",17
2.04525698767083E+018,"13 : 0.15612397, 12 : 0.06517165, 12 : 0.041848972",17
2.04238628292714E+018,"7 : 0.7193658, 7 : 0.072913036, 7 : 0.06484215",17
2.04209601575222E+018,"11 : 0.18830985, 13 : 0.0874063, 7 : 0.03717103",17
2.04158651656549E+018,"6 : 0.122343406, 6 : 0.10192061, 6 : 0.065142654",17
2.04012202550253E+018,"11 : 0.34965384, 6 : 0.1876706, 2 : 0.07947151",17
2.03717873446246E+018,"7 : 0.1710561, 7 : 0.0716467, 3 : 0.06734851",17
2.03664153366808E+018,"7 : 0.20879306, 2 : 0.14946221, 7 : 0.09897298",17
2.03580899843924E+018,"7 : 0.38831475, 7 : 0.20624469, 10 : 0.052459948",17
2.03419736884455E+018,"2 : 0.46781954, 2 : 0.081931, 7 : 0.0641416",17
2.03260979586676E+018,"13 : 0.5697581, 2 : 0.02900875, 13 : 0.020951947",17
2.03213546466986E+018,"2 : 0.4056334, 2 : 0.1641035, 4 : 0.09923179",17
2.03155856944402E+018,"7 : 0.41338164, 12 : 0.11747241, 7 : 0.06409667",17
2.03011978803822E+018,"3 : 0.18282813, 7 : 0.1788311, 2 : 0.101771794",17
2.02863413239421E+018,"2 : 0.24110918, 7 : 0.09535734, 11 : 0.061718088",17
2.02827474666028E+018,"13 : 0.35184935, 4 : 0.13063835, 8 : 0.084468365",17
2.02629782340317E+018,"11 : 0.16862711, 7 : 0.08778739, 10 : 0.04558915",17
2.02576365120571E+018,"2 : 0.24970533, 7 : 0.24365042, 7 : 0.032495845",17
2.02500598427095E+018,"7 : 0.9196344, 7 : 0.007225773, 9 : 0.006829113",17
2.02428549226614E+018,"7 : 0.6268815, 3 : 0.06723154, 7 : 0.05347506",17
2.02284254308316E+018,"14 : 0.18218431, 2 : 0.06285365, 12 : 0.055847425",17
2.02038709418334E+018,"11 : 0.8939149, 13 : 0.016495315, 9 : 0.010193671",17
2.01685253507698E+018,"7 : 0.1979709, 7 : 0.13231002, 10 : 0.033640962",17
2.0159727235153E+018,"3 : 0.22844005, 7 : 0.09397835, 7 : 0.04101243",17
2.01124593545949E+018,"11 : 0.1912683, 7 : 0.10802748, 13 : 0.05115572",17
2.00809570111594E+018,"11 : 0.36556932, 1 : 0.04555801, 7 : 0.04270416",17
2.00377283506421E+018,"7 : 0.31512603, 10 : 0.12867525, 7 : 0.10166995",17
2.00141726598923E+018,"9 : 0.16064861, 7 : 0.09994153, 4 : 0.08786559",17
1.99969808484179E+018,"10 : 0.05406017, 6 : 0.040317595, 6 : 0.0377261",17
1.99969664387186E+018,"7 : 0.101236254, 7 : 0.08111917, 10 : 0.06543851",17
1.99813208590393E+018,"7 : 0.1692589, 12 : 0.071672246, 7 : 0.056133524",17
1.99680516731573E+018,"13 : 0.09781602, 11 : 0.07801619, 1 : 0.06479256",17
1.99665920334034E+018,"13 : 0.17248182, 7 : 0.14118166, 13 : 0.13440771",17
1.99534725896442E+018,"11 : 0.3545197, 2 : 0.04224182, 12 : 0.02510569",17
1.99498799029343E+018,"11 : 0.17715545, 13 : 0.14068684, 2 : 0.02573443",17
1.99175874063975E+018,"2 : 0.074613295, 7 : 0.06292382, 7 : 0.021628765",17
1.99154044408518E+018,"2 : 0.21758005, 12 : 0.07520933, 12 : 0.047106553",17
1.98872129739572E+018,"11 : 0.3440977, 2 : 0.2375564, 1 : 0.13845089",17
1.98647432202119E+018,"2 : 0.6169629, 2 : 0.19461556, 3 : 0.04856472",17
1.98574327636751E+018,"1 : 0.75027543, 2 : 0.09206424, 7 : 0.021469077",17
1.98430574604062E+018,"11 : 0.37914303, 2 : 0.04310153, 9 : 0.03131325",17
1.98365900211579E+018,"7 : 0.3005074, 7 : 0.09358871, 10 : 0.08292449",17
1.98277197554579E+018,"3 : 0.083857894, 12 : 0.06745694, 12 : 0.051055025",17
1.98054823883219E+018,"11 : 0.08061189, 7 : 0.060753375, 7 : 0.055766143",17
1.97781551799022E+018,"13 : 0.119276695, 7 : 0.05374294, 6 : 0.032783452",17
1.97699462078142E+018,"2 : 0.9130101, 7 : 0.004317534, 3 : 0.0019602466",17
1.97612463048775E+018,"7 : 0.3621132, 1 : 0.20930101, 13 : 0.115645215",17
1.97557706676807E+018,"7 : 0.38242322, 2 : 0.08382984, 10 : 0.046100173",17
1.97509120927969E+018,"11 : 0.39574498, 7 : 0.041452583, 12 : 0.03438092",17
1.97470835363842E+018,"7 : 0.61914265, 11 : 0.040829428, 9 : 0.033603072",17
1.97339336051456E+018,"9 : 0.099860854, 8 : 0.06792921, 8 : 0.03566111",17
2.17505872220541E+018,"7 : 0.10749889, 7 : 0.07322399, 4 : 0.057564847",17
1.9749072476433E+018,"7 : 0.56267023, 7 : 0.061889656, 3 : 0.03607402",17
2.02537408351378E+018,"7 : 0.28795114, 7 : 0.2707043, 13 : 0.08571861",17
1.85655774581E+018,"13 : 0.2484736, 13 : 0.14607985, 13 : 0.09561088",17
1.88868289087599E+018,"11 : 0.48290598, 11 : 0.07483261, 1 : 0.052232414",17
2.11621193539416E+018,"7 : 0.19180116, 7 : 0.090394184, 3 : 0.07594366",17
2.2102263846814E+018,"11 : 0.73630476, 7 : 0.08669893, 11 : 0.035358842",17
1.96409953314342E+018,"11 : 0.8774292, 7 : 0.009898119, 11 : 0.009526424",17
1.9442149310053E+018,"13 : 0.36238042, 7 : 0.23586966, 12 : 0.02454458",17
2.09147231524162E+018,"11 : 0.57025474, 13 : 0.055210453, 13 : 0.03191579",17
1.99020602100113E+018,"7 : 0.12058556, 3 : 0.063184604, 7 : 0.04663744",17
1.95808341505744E+018,"1 : 0.8986998, 1 : 0.010915772, 1 : 0.0034520503",17
2.09733887588938E+018,"12 : 0.15939645, 3 : 0.14233668, 2 : 0.1150451",17
2.13367252545971E+018,"9 : 0.9039492, 1 : 0.031334635, 5 : 0.0037650813",17
1.76742274220523E+018,"2 : 0.068297036, 2 : 0.03258698, 7 : 0.028814778",17
2.04234291977986E+018,"7 : 0.16045077, 11 : 0.108173124, 14 : 0.088512085",17
2.02912145562385E+018,"2 : 0.8674295, 2 : 0.038754668, 2 : 0.017698403",17
1.92105264216389E+018,"6 : 0.3432291, 3 : 0.04145332, 7 : 0.018768145",17
1.48858502798614E+018,"1 : 0.59433514, 11 : 0.10712167, 1 : 0.058827173",17
1.74075001348475E+018,"12 : 0.7629584, 12 : 0.040484358, 2 : 0.013137738",17
1.48026178337249E+018,"11 : 0.24035487, 2 : 0.20465693, 11 : 0.12866",17
2.01762955278366E+018,"12 : 0.13789071, 4 : 0.11957193, 7 : 0.09901749",17
1.48477813402868E+018,"1 : 0.91978574, 1 : 0.012748786, 11 : 0.008651166",17
1.82570105300739E+018,"3 : 0.6579632, 7 : 0.04862251, 13 : 0.017907515",17
1.99149426172769E+018,"7 : 0.33864775, 1 : 0.098414235, 7 : 0.08897734",17
1.7623307154222E+018,"3 : 0.3270056, 11 : 0.062293116, 1 : 0.037894353",17
1.99503316465046E+018,"1 : 0.5905838, 7 : 0.056715135, 11 : 0.03344451",17
1.96386432931715E+018,"7 : 0.3570949, 7 : 0.106849, 6 : 0.051541336",17
1.96122566409948E+018,"12 : 0.08679664, 7 : 0.08679002, 7 : 0.022712728",17
1.957243298693E+018,"12 : 0.22202441, 7 : 0.2010041, 2 : 0.17317055",17
1.95534962577498E+018,"7 : 0.7471367, 7 : 0.048625786, 7 : 0.009180802",17
1.95448016590997E+018,"7 : 0.30803987, 13 : 0.084194146, 7 : 0.04744965",17
1.95385201538302E+018,"7 : 0.24006452, 7 : 0.1856843, 7 : 0.11162451",17
1.94737964381684E+018,"2 : 0.44341722, 7 : 0.05572914, 10 : 0.044642642",17
1.93843652081166E+018,"7 : 0.11820756, 7 : 0.054180045, 7 : 0.038065333",17
1.93716153210257E+018,"2 : 0.8054211, 9 : 0.17452922, 11 : 0.003123314",17
1.93222378393526E+018,"7 : 0.42013192, 7 : 0.13931772, 7 : 0.048495457",17
1.93051327463881E+018,"13 : 0.30077726, 1 : 0.14730562, 11 : 0.073083475",17
1.92643980169366E+018,"5 : 0.5759914, 6 : 0.0570916, 6 : 0.03079027",17
1.926374624917E+018,"13 : 0.44179016, 13 : 0.14205155, 2 : 0.028816579",17
1.92339869996768E+018,"7 : 0.10806216, 12 : 0.098988526, 1 : 0.09398126",17
1.92053702800145E+018,"8 : 0.13501465, 13 : 0.10462173, 13 : 0.06627584",17
1.91691851012082E+018,"11 : 0.12425862, 3 : 0.07899662, 7 : 0.047760993",17
1.91536298146427E+018,"1 : 0.690559, 11 : 0.01668877, 12 : 0.016185656",17
1.91392187864573E+018,"7 : 0.1787152, 3 : 0.15778346, 3 : 0.05947061",17
1.90684416653122E+018,"7 : 0.20274532, 7 : 0.19819176, 13 : 0.027347226",17
1.90316239322541E+018,"7 : 0.23965535, 7 : 0.1480625, 7 : 0.043192033",17
1.89723129587836E+018,"13 : 0.99171853, 13 : 0.0030545783, 13 : 0.0014505059",17
1.89489309533868E+018,"2 : 0.2663077, 11 : 0.124238096, 9 : 0.067453",17
1.8933902525531E+018,"2 : 0.3008713, 9 : 0.23583116, 13 : 0.05848152",17
1.88410724571432E+018,"7 : 0.37481686, 6 : 0.11274959, 10 : 0.022842716",17
1.88193559500654E+018,"11 : 0.279234, 11 : 0.092403166, 13 : 0.058010455",17
1.88072103122107E+018,"7 : 0.43161783, 7 : 0.12373071, 2 : 0.036670424",17
1.87825103852018E+018,"7 : 0.11290375, 1 : 0.10220564, 1 : 0.08668391",17
1.87502465555647E+018,"9 : 0.51348025, 2 : 0.14987284, 12 : 0.09507102",17
1.87383000969818E+018,"11 : 0.44809264, 11 : 0.09532644, 2 : 0.02520972",17
1.86977335388077E+018,"7 : 0.15339734, 7 : 0.15271896, 12 : 0.07953339",17
1.85958957093364E+018,"9 : 0.1968776, 12 : 0.10718815, 2 : 0.10313297",17
1.84923669286858E+018,"1 : 0.6475245, 11 : 0.23205875, 1 : 0.039722558",17
1.84495900853729E+018,"3 : 0.19993009, 6 : 0.081862114, 3 : 0.070176475",17
1.83983192686166E+018,"3 : 0.65051454, 11 : 0.09325231, 2 : 0.027740676",17
1.81668872974008E+018,"2 : 0.3833136, 2 : 0.17932014, 7 : 0.12688294",17
1.81477677278534E+018,"7 : 0.38329104, 7 : 0.25508848, 10 : 0.028014826",17
1.78135332823013E+018,"7 : 0.08879495, 7 : 0.065141015, 7 : 0.04790628",17
1.77180430568819E+018,"7 : 0.12090673, 2 : 0.08484408, 13 : 0.045510516",17
1.75588572778008E+018,"12 : 0.09705743, 12 : 0.07799732, 13 : 0.06750421",17
1.74746622480648E+018,"9 : 0.12467393, 6 : 0.07567234, 4 : 0.06166762",17
1.73948265326003E+018,"7 : 0.15145919, 2 : 0.041712992, 7 : 0.026226303",17
1.73251133870909E+018,"4 : 0.4671687, 2 : 0.17866816, 12 : 0.11985099",17
1.72776969521568E+018,"11 : 0.6051344, 11 : 0.06035518, 7 : 0.040440634",17
1.72189749924423E+018,"2 : 0.52127737, 13 : 0.1813808, 12 : 0.037994184",17
1.70097107984065E+018,"12 : 0.20634899, 3 : 0.17201917, 11 : 0.054716345",17
1.63127780101578E+018,"4 : 0.2898854, 7 : 0.23839912, 2 : 0.12079676",17
1.61258075756058E+018,"13 : 0.431085, 2 : 0.09072501, 10 : 0.03212333",17
1.59374038246605E+018,"1 : 0.4439148, 11 : 0.351634, 1 : 0.027179698",17
1.5835864543395E+018,"7 : 0.7265738, 2 : 0.1759305, 7 : 0.012581497",17
1.57047765209831E+018,"1 : 0.45362845, 11 : 0.22141908, 1 : 0.05382244",17
1.56745394355044E+018,"2 : 0.5032504, 11 : 0.14716314, 9 : 0.06375425",17
1.55956540398497E+018,"7 : 0.04558736, 4 : 0.03531238, 14 : 0.03528878",17
1.51158864372959E+018,"7 : 0.18939026, 1 : 0.1538893, 11 : 0.1061002",17
1.50951539698125E+018,"4 : 0.12769397, 13 : 0.030114431, 3 : 0.029982425",17
1.50093852812364E+018,"13 : 0.3626261, 7 : 0.17177224, 11 : 0.035624925",17
1.47744245389519E+018,"3 : 0.61479133, 4 : 0.21858537, 7 : 0.07890769",17
1.4654277000838E+018,"13 : 0.12103695, 7 : 0.11761656, 2 : 0.0798133",17
1.45029110320601E+018,"1 : 0.28959373, 7 : 0.06760637, 7 : 0.0412554",17
1.43990121256398E+018,"10 : 0.2264078, 7 : 0.1359643, 7 : 0.112801544",17
1.43057798631936E+018,"1 : 0.20921221, 8 : 0.09965472, 13 : 0.08051655",17
2.21054049076298E+018,,17
2.20985444053902E+018,"1 : 0.38552415, 9 : 0.27390602, 9 : 0.0130596",17
2.20888182181552E+018,"1 : 0.6343158, 1 : 0.1063393, 9 : 0.021002436",17
2.20872050270989E+018,"1 : 0.32459944, 1 : 0.3014212, 7 : 0.09812103",17
2.20831021235289E+018,"5 : 0.41368547, 1 : 0.13373238, 5 : 0.037148554",17
2.20764042741127E+018,"1 : 0.20471115, 1 : 0.15048367, 1 : 0.120941356",17
2.20591182606834E+018,"1 : 0.5776405, 1 : 0.1361684, 3 : 0.05388321",17
2.20535535394826E+018,"1 : 0.5143499, 1 : 0.2572911, 11 : 0.14937404",17
2.20418325718111E+018,"6 : 0.35702625, 6 : 0.3013639, 6 : 0.081992514",17
2.20404118789166E+018,"1 : 0.48432356, 11 : 0.1913095, 1 : 0.15767743",17
2.20389196880798E+018,"13 : 0.13206747, 9 : 0.05225472, 2 : 0.051675323",17
2.20170070325309E+018,"1 : 0.7364793, 1 : 0.09791491, 11 : 0.024093546",17
2.20098046278023E+018,"1 : 0.22747366, 11 : 0.12725343, 9 : 0.09080244",17
2.20011239874324E+018,"13 : 0.86419344, 2 : 0.006811304, 1 : 0.005904012",17
2.19943859733038E+018,"1 : 0.8514687, 1 : 0.031099275, 1 : 0.029975098",17
2.19872188346236E+018,"1 : 0.38323957, 1 : 0.19539626, 11 : 0.04595078",17
2.19745887743717E+018,"4 : 0.316198, 1 : 0.17398272, 1 : 0.055830814",17
2.19601024981794E+018,"1 : 0.45301327, 11 : 0.31835976, 1 : 0.15125442",17
2.19508751235872E+018,"7 : 0.11306582, 3 : 0.106362075, 2 : 0.07317262",17
2.19433832548613E+018,"1 : 0.8801671, 1 : 0.00785882, 11 : 0.0075394614",17
2.19369335929862E+018,"1 : 0.48856908, 1 : 0.22190018, 11 : 0.08394651",17
2.192336264924E+018,"1 : 0.5517798, 9 : 0.034366976, 2 : 0.032459434",17
2.1914296352638E+018,"1 : 0.7256288, 1 : 0.1552963, 11 : 0.03413166",17
2.19016788424755E+018,"1 : 0.41441727, 1 : 0.14447619, 1 : 0.10033576",17
2.18867230140765E+018,"1 : 0.7018045, 1 : 0.07298545, 11 : 0.031937294",17
2.18857332818807E+018,"6 : 0.9769273, 6 : 0.0026365467, 6 : 0.001760731",17
2.18827872941169E+018,"1 : 0.28992638, 1 : 0.23113315, 1 : 0.10447074",17
2.18732198181742E+018,"1 : 0.36760023, 1 : 0.07343102, 11 : 0.041050304",17
2.18658334914405E+018,"1 : 0.3346688, 1 : 0.3314936, 11 : 0.24161446",17
2.1857730822082E+018,"1 : 0.8125793, 11 : 0.039649017, 1 : 0.034932952",17
2.18504187432736E+018,"1 : 0.34816188, 2 : 0.11041298, 11 : 0.10003846",17
2.18496951782535E+018,"2 : 0.9214752, 2 : 0.0027688078, 7 : 0.0012353057",17
2.18412342706188E+018,"3 : 0.9259607, 3 : 0.017963942, 3 : 0.0049311505",17
2.18338450412838E+018,"11 : 0.41601533, 1 : 0.2878583, 1 : 0.10574164",17
2.18064797307262E+018,"11 : 0.9156297, 1 : 0.04318478, 1 : 0.008964365",17
2.17942107524601E+018,"1 : 0.58132297, 1 : 0.1950195, 11 : 0.075711176",17
2.17859615691806E+018,"1 : 0.56044936, 1 : 0.22296007, 9 : 0.048112866",17
2.20979139275993E+018,"11 : 0.5778727, 11 : 0.13050275, 1 : 0.10422949",17
2.20974004667735E+018,"1 : 0.6123554, 11 : 0.22048411, 11 : 0.08018907",17
2.20888456661694E+018,"9 : 0.6671415, 2 : 0.088538125, 10 : 0.030162102",17
2.20888352371991E+018,"2 : 0.2384604, 6 : 0.15058863, 12 : 0.11401926",17
2.20754471001335E+018,"1 : 0.93094, 1 : 0.012259091, 11 : 0.004859902",17
2.20693607725268E+018,"11 : 0.7973994, 11 : 0.088320605, 1 : 0.044900943",17
2.20677204922997E+018,"11 : 0.9684844, 1 : 0.01477573, 11 : 0.003550449",17
2.20600852138501E+018,"11 : 0.4669466, 13 : 0.140246, 3 : 0.13400373",17
2.2056995096848E+018,"11 : 0.4068277, 11 : 0.09070574, 2 : 0.023556734",17
2.20543172582423E+018,"1 : 0.67879266, 7 : 0.058964852, 7 : 0.030424407",17
2.20511427184581E+018,"11 : 0.6757519, 1 : 0.2100447, 11 : 0.019991178",17
2.20442303818443E+018,"11 : 0.5553379, 1 : 0.19739275, 11 : 0.09078165",17
2.20390232197758E+018,"1 : 0.37837073, 1 : 0.23026985, 11 : 0.11319437",17
2.20371942196769E+018,"2 : 0.71144235, 7 : 0.011810802, 2 : 0.009863458",17
2.2031898556311E+018,"11 : 0.36119246, 11 : 0.09418868, 2 : 0.06927333",17
2.202421781177E+018,"11 : 0.64499784, 2 : 0.13085268, 11 : 0.031281598",17
2.20177934744304E+018,"11 : 0.24173957, 1 : 0.21393076, 1 : 0.1056565",17
2.20069098884698E+018,"9 : 0.56217504, 11 : 0.116257586, 11 : 0.048493005",17
2.20010761775656E+018,"11 : 0.7051572, 1 : 0.10757066, 11 : 0.06300352",17
2.19961508496832E+018,"1 : 0.4620791, 7 : 0.06800691, 2 : 0.02923785",17
2.19937368800076E+018,"11 : 0.99532986, 7 : 0.0020739797, 7 : 0.0007330169",17
2.19899175008857E+018,"11 : 0.4426767, 1 : 0.18017475, 11 : 0.055823147",17
2.19871103560833E+018,"11 : 0.6245679, 11 : 0.31344834, 1 : 0.03351062",17
2.1981686077113E+018,"13 : 0.24925031, 6 : 0.14953741, 7 : 0.044852562",17
2.19748197238158E+018,"9 : 0.32676628, 9 : 0.29074034, 1 : 0.054533936",17
2.19678125629399E+018,"11 : 0.77565575, 11 : 0.074692175, 1 : 0.022099357",17
2.19665309088835E+018,"12 : 0.09167116, 13 : 0.078673035, 13 : 0.06188648",17
2.19637808612763E+018,"1 : 0.43459412, 11 : 0.20352066, 11 : 0.08054147",17
2.1956773214875E+018,"11 : 0.77776647, 1 : 0.11185891, 11 : 0.014137957",17
2.19502528504594E+018,"4 : 0.11761651, 5 : 0.08583804, 7 : 0.028241668",17
2.19458794558797E+018,"9 : 0.32036334, 10 : 0.13884796, 2 : 0.033892274",17
2.19396690075584E+018,"2 : 0.3678819, 7 : 0.039171636, 13 : 0.03855711",17
2.19363188738431E+018,"11 : 0.9292043, 1 : 0.012198764, 11 : 0.010261047",17
2.19300522511628E+018,"13 : 0.4064055, 11 : 0.21022059, 7 : 0.0500846",17
2.19285006975822E+018,"11 : 0.7795351, 11 : 0.083408445, 1 : 0.018640757",17
2.19154882896925E+018,"7 : 0.6102038, 11 : 0.22758308, 10 : 0.026128199",17
2.19086855499681E+018,"2 : 0.6793212, 11 : 0.18533267, 13 : 0.040748566",17
2.19019481985166E+018,"11 : 0.8381302, 1 : 0.07716752, 11 : 0.0052132034",17
2.19000723987237E+018,"1 : 0.5012216, 11 : 0.17916676, 11 : 0.16653983",17
2.18945188437744E+018,"9 : 0.55387783, 4 : 0.39896986, 11 : 0.023320684",17
2.18930085604487E+018,"1 : 0.5000808, 11 : 0.27081466, 11 : 0.04563854",17
2.18876886488733E+018,"2 : 0.76625854, 1 : 0.064518884, 7 : 0.023491265",17
2.1885564319901E+018,"1 : 0.9885428, 11 : 0.0043497975, 11 : 0.00203826",17
2.18797065074543E+018,"11 : 0.8287832, 11 : 0.1247427, 1 : 0.0049833236",17
2.18766846236393E+018,"2 : 0.8388556, 7 : 0.05077621, 3 : 0.034861702",17
2.18719425329018E+018,"11 : 0.9586461, 11 : 0.0072033145, 1 : 0.0037057763",17
2.1865753246602E+018,"11 : 0.41800642, 11 : 0.35580543, 1 : 0.09975974",17
2.18584844274463E+018,"7 : 0.27372238, 7 : 0.0746412, 7 : 0.069392845",17
2.1842076664021E+018,"2 : 0.21100262, 3 : 0.08809077, 7 : 0.040082008",17
2.18363766048867E+018,"7 : 0.31899226, 2 : 0.105134614, 13 : 0.07472585",17
2.18269574724213E+018,"11 : 0.36448753, 2 : 0.05475001, 11 : 0.047615338",17
2.18153425258426E+018,"2 : 0.84420484, 11 : 0.015445366, 9 : 0.014464385",17
2.18081164335211E+018,"11 : 0.7424031, 1 : 0.101106666, 11 : 0.10068704",17
2.17990763322489E+018,"11 : 0.4695255, 11 : 0.26511928, 1 : 0.13810687",17
2.17918967629136E+018,"8 : 0.1863152, 2 : 0.15125333, 8 : 0.11362022",17
2.17859389434261E+018,"11 : 0.35915437, 11 : 0.32674536, 1 : 0.156779",17
2.1771875773024E+018,"11 : 0.945364, 11 : 0.012762894, 2 : 0.008046156",17
2.17647668568255E+018,"11 : 0.9176324, 1 : 0.012174497, 11 : 0.0068539865",17
2.17562005097578E+018,"11 : 0.8398137, 13 : 0.020634044, 1 : 0.0111420695",17
2.17490548251787E+018,"1 : 0.52258676, 11 : 0.26683703, 11 : 0.055413645",17
2.17475446618468E+018,"11 : 0.7911017, 11 : 0.12687936, 2 : 0.020223163",17
2.17427697731435E+018,"11 : 0.87239367, 2 : 0.05156701, 11 : 0.016733615",17
2.1741666207533E+018,"4 : 0.22364339, 7 : 0.117902875, 4 : 0.056063127",17
2.17361961813141E+018,"1 : 0.35965127, 11 : 0.2751496, 11 : 0.035258383",17
2.17360890144298E+018,"11 : 0.3105818, 11 : 0.2867394, 1 : 0.080208644",17
2.17353776352133E+018,"7 : 0.13521609, 2 : 0.076509185, 7 : 0.02938069",17
2.17350603834414E+018,"11 : 0.6078409, 1 : 0.34256527, 11 : 0.007813992",17
2.17329365121084E+018,"11 : 0.39609924, 1 : 0.13809073, 4 : 0.035231926",17
2.17145991573888E+018,"7 : 0.5510065, 2 : 0.0758397, 7 : 0.061938506",17
2.17116047109742E+018,"1 : 0.34177405, 11 : 0.22050571, 11 : 0.17996302",17
2.16979218895601E+018,"11 : 0.4804305, 11 : 0.42519158, 1 : 0.0060621463",17
2.16955752869495E+018,"11 : 0.3160944, 11 : 0.21649927, 11 : 0.11767707",17
2.16917466375124E+018,"1 : 0.24733675, 1 : 0.13214113, 1 : 0.122780256",17
2.16908164437239E+018,"11 : 0.19736813, 1 : 0.14841574, 11 : 0.1422064",17
2.16887573496671E+018,"11 : 0.8870948, 2 : 0.052906353, 11 : 0.006870923",17
2.1685038509262E+018,"1 : 0.30265427, 11 : 0.28652462, 11 : 0.2055598",17
2.16830997375553E+018,"10 : 0.116488874, 2 : 0.10060953, 2 : 0.08869002",17
2.16781113939117E+018,"1 : 0.6112826, 11 : 0.16038117, 11 : 0.073171616",17
2.16769870866644E+018,"11 : 0.19673756, 1 : 0.1954734, 11 : 0.14031199",17
2.16715046960347E+018,"2 : 0.34626216, 7 : 0.09477184, 7 : 0.07150691",17
2.16707979442512E+018,"9 : 0.62837625, 1 : 0.10170094, 2 : 0.086672306",17
2.16625216877968E+018,"11 : 0.82292753, 11 : 0.12546943, 11 : 0.0028835603",17
2.16483212121966E+018,"11 : 0.41349763, 11 : 0.24029608, 1 : 0.14965118",17
2.16461016313119E+018,"11 : 0.63821983, 2 : 0.08303757, 11 : 0.013036941",17
2.16413078184926E+018,"1 : 0.8164797, 11 : 0.08157983, 11 : 0.055997785",17
2.16398617123825E+018,"11 : 0.5233465, 11 : 0.25397566, 13 : 0.10567026",17
2.1634038112208E+018,"4 : 0.10979297, 9 : 0.092120856, 10 : 0.055424664",17
2.16332232831904E+018,"1 : 0.32060757, 11 : 0.31715506, 11 : 0.29179794",17
2.16193224039204E+018,"1 : 0.36166143, 11 : 0.34790477, 11 : 0.09505488",17
2.16174755031557E+018,"11 : 0.37929225, 9 : 0.14263831, 1 : 0.060964294",17
2.16032427583218E+018,"1 : 0.87209564, 11 : 0.07269286, 11 : 0.014675046",17
2.16025358482991E+018,"13 : 0.44689897, 8 : 0.052630678, 13 : 0.034304",17
2.15975860927022E+018,"11 : 0.63797355, 1 : 0.050532877, 11 : 0.037798014",17
2.15840882752406E+018,"9 : 0.12796713, 9 : 0.09860194, 13 : 0.0855094",17
2.15815103539969E+018,"11 : 0.49038184, 11 : 0.1914054, 11 : 0.069578364",17
2.15802996105789E+018,"11 : 0.6292677, 2 : 0.2148646, 11 : 0.029292075",17
2.15606379344937E+018,"7 : 0.48063597, 7 : 0.17359702, 7 : 0.085267626",17
2.15578743608574E+018,"1 : 0.34080005, 7 : 0.30436215, 11 : 0.062230904",17
2.15399549450272E+018,"11 : 0.26808506, 7 : 0.18702097, 1 : 0.06504044",17
2.15378201751391E+018,"10 : 0.38272938, 7 : 0.21758838, 2 : 0.05961572",17
2.15376147394873E+018,"1 : 0.07758849, 9 : 0.06740423, 8 : 0.046191983",17
2.15332246448721E+018,"6 : 0.6977511, 6 : 0.12953834, 6 : 0.0791227",17
2.15316400990494E+018,"11 : 0.58808386, 1 : 0.0733455, 1 : 0.029605364",17
2.1529502845476E+018,"11 : 0.45307052, 11 : 0.42347854, 1 : 0.018079009",17
2.15259095230783E+018,"11 : 0.2699003, 11 : 0.24047361, 12 : 0.19942153",17
2.15250596857177E+018,"11 : 0.75104123, 1 : 0.11683418, 11 : 0.069134444",17
2.15144753346638E+018,"11 : 0.8878339, 7 : 0.040263418, 10 : 0.005441023",17
2.15110373814312E+018,"11 : 0.30858633, 1 : 0.30315572, 11 : 0.11732403",17
2.15099801393473E+018,"11 : 0.35062653, 1 : 0.22616863, 11 : 0.05437152",17
2.15031531507497E+018,"2 : 0.66660714, 2 : 0.22224168, 8 : 0.084891714",17
2.14960311186229E+018,"11 : 0.5355256, 11 : 0.37788764, 11 : 0.005496806",17
2.14859169590889E+018,"11 : 0.3525948, 11 : 0.1653731, 11 : 0.15434754",17
2.14824238661492E+018,"2 : 0.5681405, 2 : 0.42895433, 7 : 0.00060297083",17
2.1480724329367E+018,"2 : 0.77993566, 2 : 0.18614157, 7 : 0.0026484106",17
2.14607590488384E+018,"11 : 0.45355174, 11 : 0.42687204, 1 : 0.011704701",17
2.14543458609668E+018,"11 : 0.7512398, 1 : 0.050812956, 11 : 0.0356682",17
2.14453761493279E+018,"1 : 0.28357282, 1 : 0.19296259, 1 : 0.18709534",17
2.1443456172865E+018,"8 : 0.0720758, 6 : 0.050229136, 8 : 0.04575747",17
2.14383608788641E+018,"1 : 0.36140153, 11 : 0.2879383, 11 : 0.17891279",17
2.14372416769095E+018,"7 : 0.2626094, 11 : 0.15177785, 13 : 0.052093547",17
2.14348017242592E+018,"1 : 0.7034492, 11 : 0.125196, 11 : 0.10680329",17
2.14308477794663E+018,"11 : 0.9104621, 11 : 0.058903188, 11 : 0.0050636847",17
2.14302097668683E+018,"1 : 0.98475546, 11 : 0.0039891475, 12 : 0.00068158103",17
2.14287974699698E+018,"11 : 0.073726036, 13 : 0.05882396, 9 : 0.04936862",17
2.14240744824064E+018,"1 : 0.89375436, 13 : 0.012412982, 13 : 0.0024090149",17
2.14179836662173E+018,"11 : 0.69400334, 1 : 0.13806202, 11 : 0.048844762",17
2.14094792853665E+018,"11 : 0.3338322, 1 : 0.17775999, 11 : 0.13776924",17
2.14029404091366E+018,"7 : 0.2542606, 7 : 0.039646655, 7 : 0.035010364",17
2.14005029173791E+018,"13 : 0.15153445, 7 : 0.06773622, 7 : 0.05046526",17
2.13885208312279E+018,"2 : 0.29606593, 2 : 0.2553979, 9 : 0.0516146",17
2.1380143461765E+018,"1 : 0.76087314, 11 : 0.10859252, 11 : 0.0060721794",17
2.13791082229812E+018,"2 : 0.057013173, 3 : 0.050504465, 5 : 0.043819595",17
2.13709970827036E+018,"1 : 0.79339033, 1 : 0.058188587, 1 : 0.011783178",17
2.13670283132415E+018,"1 : 0.8550786, 11 : 0.026517432, 7 : 0.0071398034",17
2.13566875697064E+018,"1 : 0.13862076, 11 : 0.075814836, 3 : 0.058065917",17
2.13511572238534E+018,"2 : 0.44155374, 11 : 0.13970551, 11 : 0.112248875",17
2.13371879776117E+018,"7 : 0.45580634, 7 : 0.20634617, 7 : 0.10513246",17
2.13328190221234E+018,"4 : 0.6579683, 9 : 0.14651409, 13 : 0.07246029",17
2.13230973527247E+018,"1 : 0.47408253, 1 : 0.22283782, 1 : 0.14170426",17
2.13152987171364E+018,"2 : 0.9970908, 14 : 0.0009000789, 10 : 0.000105880434",17
2.12999678539405E+018,"7 : 0.3122269, 4 : 0.14418642, 7 : 0.044705782",17
2.12906124143252E+018,"1 : 0.61628, 8 : 0.18307453, 7 : 0.024286717",17
2.12845637991315E+018,"1 : 0.28935853, 11 : 0.27552113, 13 : 0.02187938",17
2.12784340473752E+018,"1 : 0.9069467, 11 : 0.04427062, 11 : 0.0039350926",17
2.12764888218743E+018,"11 : 0.50843036, 1 : 0.3001253, 11 : 0.08717492",17
2.12634902538454E+018,"11 : 0.28806764, 3 : 0.0702236, 1 : 0.0635039",17
2.12616826853955E+018,"13 : 0.090501115, 7 : 0.07077004, 13 : 0.04197451",17
2.12475015109603E+018,"11 : 0.601876, 2 : 0.042719144, 2 : 0.040179133",17
2.12319112595189E+018,"11 : 0.91986436, 11 : 0.02556418, 1 : 0.017580865",17
2.12129057397442E+018,"11 : 0.5051853, 1 : 0.44427148, 11 : 0.0033679549",17
2.12093683533409E+018,"1 : 0.52627754, 1 : 0.22197582, 11 : 0.018501997",17
2.11915083299398E+018,"7 : 0.6388031, 7 : 0.08327111, 3 : 0.04343221",17
2.11818286616576E+018,"2 : 0.29923138, 7 : 0.16553573, 2 : 0.10083993",17
2.11593996663855E+018,"11 : 0.8134148, 1 : 0.1317208, 11 : 0.018211558",17
2.11521013463348E+018,"11 : 0.7162092, 1 : 0.16753057, 11 : 0.061820686",17
2.11398665329595E+018,"7 : 0.14958389, 2 : 0.12221122, 2 : 0.08058414",17
2.11337790011552E+018,"11 : 0.68913054, 11 : 0.12597191, 1 : 0.02258736",17
2.11309121015231E+018,"1 : 0.70597976, 11 : 0.024799976, 3 : 0.015964633",17
2.11238907079476E+018,"11 : 0.9200948, 1 : 0.024142142, 1 : 0.0061950493",17
2.11103196094297E+018,"1 : 0.7633481, 11 : 0.10852587, 11 : 0.05713365",17
2.10968738202312E+018,"11 : 0.35478434, 1 : 0.11827176, 11 : 0.0894766",17
2.10884121772417E+018,"11 : 0.4178022, 11 : 0.17724007, 2 : 0.12714887",17
2.1081573014426E+018,"11 : 0.50496286, 11 : 0.25079975, 1 : 0.09761068",17
2.10801341022344E+018,"11 : 0.7182059, 11 : 0.14236577, 2 : 0.018391332",17
2.10767297745057E+018,"11 : 0.89963, 11 : 0.040033728, 1 : 0.0035321808",17
2.10664871591482E+018,"1 : 0.9649062, 1 : 0.00484947, 11 : 0.0030594752",17
2.10528157927125E+018,"1 : 0.6590874, 11 : 0.10142803, 2 : 0.027364787",17
2.10527184038247E+018,"11 : 0.50314754, 13 : 0.31911412, 13 : 0.01957724",17
2.10526855198956E+018,"4 : 0.27437362, 12 : 0.2366029, 2 : 0.11525343",17
2.10519845387865E+018,"11 : 0.6080288, 1 : 0.33623275, 11 : 0.009223757",17
2.10482080414035E+018,"2 : 0.40076494, 11 : 0.14481519, 2 : 0.030634373",17
2.10478743882754E+018,"11 : 0.7726825, 11 : 0.084235616, 1 : 0.06441901",17
2.10436925581357E+018,"11 : 0.41798875, 11 : 0.2583865, 11 : 0.06460758",17
2.10390263344542E+018,"13 : 0.7872216, 11 : 0.13362432, 2 : 0.017582886",17
2.1016297774794E+018,"8 : 0.95515245, 8 : 0.01028822, 8 : 0.002486272",17
2.09954471970406E+018,"1 : 0.7312725, 11 : 0.11788877, 11 : 0.08549246",17
2.09884869821897E+018,"11 : 0.7327737, 1 : 0.20416756, 11 : 0.0053598853",17
2.09496351302275E+018,"1 : 0.81795, 11 : 0.03902057, 11 : 0.023401728",17
2.09246412325126E+018,"2 : 0.2616313, 11 : 0.17631431, 13 : 0.09156115",17
2.09126779621547E+018,"11 : 0.7488728, 3 : 0.057462495, 1 : 0.014377528",17
2.08992780766576E+018,"1 : 0.63060945, 11 : 0.23052518, 11 : 0.033231877",17
2.08944465911917E+018,"11 : 0.94896877, 11 : 0.021999324, 1 : 0.0025019704",17
2.085072381632E+018,"11 : 0.80160326, 11 : 0.08906796, 1 : 0.034897447",17
2.08195501325031E+018,"11 : 0.6090854, 1 : 0.1536415, 11 : 0.11181506",17
2.0791023162392E+018,"2 : 0.46359485, 11 : 0.27989066, 11 : 0.094136156",17
2.0757525495263E+018,"11 : 0.9272213, 1 : 0.017668454, 11 : 0.0139052225",17
2.07396334760264E+018,"13 : 0.9912856, 13 : 0.0077755866, 13 : 2.7840491e-05",17
2.07264004459804E+018,"11 : 0.6425612, 2 : 0.0690044, 8 : 0.020222778",17
2.07179839952857E+018,"11 : 0.34882626, 1 : 0.2754521, 2 : 0.094384596",17
2.0696148927721E+018,"11 : 0.22249207, 7 : 0.07313485, 1 : 0.036533803",17
2.06760943988562E+018,"1 : 0.8124957, 3 : 0.03095808, 7 : 0.009812422",17
2.06757315622878E+018,"1 : 0.4756832, 11 : 0.102342606, 1 : 0.08921817",17
2.06529843059061E+018,"11 : 0.47624618, 11 : 0.23072298, 1 : 0.19773392",17
2.06466497349924E+018,"2 : 0.62749004, 2 : 0.2628852, 7 : 0.007918907",17
2.06410597726292E+018,"11 : 0.4695809, 4 : 0.092437126, 10 : 0.064166434",17
2.06266264477095E+018,"1 : 0.94477075, 11 : 0.006317782, 3 : 0.0062270896",17
2.06237432381776E+018,"11 : 0.5344138, 11 : 0.2177284, 1 : 0.045105595",17
2.06201678480318E+018,"11 : 0.36313853, 2 : 0.23062357, 11 : 0.055522688",17
2.06180147677652E+018,"2 : 0.36009657, 2 : 0.33731586, 11 : 0.055368405",17
2.05975246221467E+018,"1 : 0.48873594, 11 : 0.21827805, 11 : 0.11886669",17
2.05827380445645E+018,"11 : 0.5673779, 11 : 0.17135046, 11 : 0.109760545",17
2.05611550352942E+018,"1 : 0.4968103, 11 : 0.10925158, 1 : 0.05285387",17
2.05468561383244E+018,"11 : 0.7172747, 11 : 0.114077695, 1 : 0.06639609",17
2.05310770848959E+018,"11 : 0.43734705, 11 : 0.31846184, 1 : 0.029538233",17
2.05258408670434E+018,"11 : 0.4995961, 2 : 0.0848267, 7 : 0.06902893",17
2.05092792904306E+018,"7 : 0.14469804, 10 : 0.138358, 7 : 0.086028874",17
2.04857670043611E+018,"11 : 0.36489955, 1 : 0.1694758, 9 : 0.079195485",17
2.04743183563123E+018,"11 : 0.9731094, 7 : 0.0086427815, 2 : 0.006841239",17
2.04680523339693E+018,"13 : 0.9988753, 2 : 0.00018981406, 6 : 7.308666e-05",17
2.04640444752676E+018,"11 : 0.30489182, 1 : 0.13315248, 11 : 0.04169959",17
2.04378981630687E+018,"11 : 0.7807723, 11 : 0.122843444, 1 : 0.033351813",17
2.04295344068333E+018,"4 : 0.22109346, 3 : 0.08518208, 11 : 0.0791862",17
2.04212684319829E+018,"12 : 0.5025894, 7 : 0.11789324, 7 : 0.057146236",17
2.0402057528788E+018,"11 : 0.75547385, 2 : 0.16977578, 11 : 0.0141681675",17
2.03865708885642E+018,"11 : 0.22097237, 11 : 0.2106883, 1 : 0.12475203",17
2.03701635591692E+018,"9 : 0.9974995, 7 : 0.0004763569, 1 : 0.00042146695",17
2.03561274617476E+018,"11 : 0.64998084, 11 : 0.1724212, 1 : 0.026579844",17
2.03512173006197E+018,"1 : 0.38805363, 11 : 0.16482672, 11 : 0.060953125",17
2.03434539988368E+018,"11 : 0.43905666, 11 : 0.39434555, 1 : 0.051197942",17
2.03255689116231E+018,"1 : 0.92693305, 11 : 0.008829236, 1 : 0.0063318973",17
2.032026018518E+018,"11 : 0.8240397, 11 : 0.13969938, 1 : 0.0029207205",17
2.03056749897885E+018,"1 : 0.76842743, 11 : 0.09133916, 11 : 0.055746935",17
2.02723077310362E+018,"11 : 0.7188138, 11 : 0.061060168, 1 : 0.053419437",17
2.02706990472608E+018,"11 : 0.73307246, 11 : 0.051577006, 1 : 0.021036344",17
2.0262847801752E+018,"2 : 0.6008633, 11 : 0.11190602, 9 : 0.056165017",17
2.02564574225868E+018,"11 : 0.8420608, 11 : 0.081563935, 1 : 0.009400001",17
2.02466266026362E+018,"11 : 0.3203285, 11 : 0.10860711, 1 : 0.0817041",17
2.02355842289791E+018,"1 : 0.40748206, 11 : 0.32110068, 1 : 0.018101566",17
2.02200287126391E+018,"11 : 0.6314755, 7 : 0.09589168, 1 : 0.044380665",17
2.02200080624044E+018,"11 : 0.63774824, 2 : 0.06430303, 11 : 0.048306886",17
2.02132004454555E+018,"2 : 0.26603416, 11 : 0.26309767, 11 : 0.12622416",17
2.0184210784221E+018,"2 : 0.57357734, 11 : 0.21848401, 5 : 0.008170075",17
2.01598708405061E+018,"1 : 0.44148988, 11 : 0.239715, 11 : 0.0313319",17
2.01317715848821E+018,"1 : 0.81117594, 11 : 0.039424617, 11 : 0.021942163",17
2.01090459673488E+018,"2 : 0.5149846, 11 : 0.22252831, 2 : 0.020760193",17
2.00965282013535E+018,"2 : 0.7219607, 12 : 0.1317311, 12 : 0.027895637",17
2.00794269880336E+018,"2 : 0.41792327, 11 : 0.04741575, 13 : 0.04562418",17
2.00673886636371E+018,"2 : 0.5202256, 2 : 0.46585426, 7 : 0.0032766906",17
2.00591210744012E+018,"11 : 0.7029471, 11 : 0.12643656, 1 : 0.117045835",17
2.00521424473541E+018,"7 : 0.32378006, 7 : 0.14316288, 7 : 0.021430558",17
2.00378200741199E+018,"11 : 0.88868433, 11 : 0.050476454, 1 : 0.0037208162",17
2.00181703389475E+018,"1 : 0.9656853, 11 : 0.0141320275, 11 : 0.010149324",17
2.0016386418572E+018,"1 : 0.7366951, 11 : 0.11654353, 11 : 0.09182858",17
2.00051523747587E+018,"11 : 0.48304924, 11 : 0.26917374, 1 : 0.09086198",17
1.99824918274126E+018,"11 : 0.14625058, 12 : 0.11172554, 2 : 0.050516367",17
1.99786821891566E+018,"11 : 0.34648427, 1 : 0.33201656, 1 : 0.05101194",17
1.99742421616241E+018,"1 : 0.9234603, 11 : 0.011203133, 11 : 0.0064810878",17
1.9966911711324E+018,"11 : 0.35944, 2 : 0.067421615, 3 : 0.058524843",17
1.99583781775619E+018,"6 : 0.6501565, 12 : 0.10109204, 9 : 0.059373226",17
1.99568910334539E+018,"1 : 0.59744734, 11 : 0.28792223, 11 : 0.024931666",17
1.99525162030188E+018,"1 : 0.5876506, 11 : 0.28672352, 11 : 0.057970554",17
1.99442924184801E+018,"4 : 0.40400827, 2 : 0.34805942, 2 : 0.12550165",17
1.99388134547994E+018,"11 : 0.61418986, 2 : 0.09785094, 12 : 0.060248356",17
1.99306304073655E+018,"7 : 0.4518101, 8 : 0.08385894, 11 : 0.018171655",17
1.99212403625699E+018,"11 : 0.33493474, 11 : 0.24859966, 11 : 0.05426279",17
1.99167606570528E+018,"7 : 0.085993834, 7 : 0.07378603, 7 : 0.0605891",17
1.99126725704584E+018,"11 : 0.44127524, 1 : 0.42132404, 11 : 0.053441554",17
1.99076502884557E+018,"1 : 0.53004885, 11 : 0.30526927, 11 : 0.06032149",17
1.99008089539828E+018,"11 : 0.80509686, 2 : 0.12055781, 11 : 0.018232543",17
1.98866176395685E+018,"1 : 0.91104907, 3 : 0.02277059, 9 : 0.0015116776",17
1.98728521028643E+018,"11 : 0.5629421, 11 : 0.36564884, 1 : 0.015614882",17
1.98578647187693E+018,"9 : 0.92767376, 11 : 0.015394071, 7 : 0.0090967845",17
1.98467286471373E+018,"11 : 0.4531714, 11 : 0.22582904, 1 : 0.0739624",17
1.98419933895724E+018,"11 : 0.6119073, 2 : 0.21898493, 11 : 0.015446281",17
1.98148227370644E+018,"1 : 0.6674806, 11 : 0.26865074, 11 : 0.026022809",17
1.98134849119699E+018,"11 : 0.6740606, 11 : 0.07601522, 1 : 0.037865933",17
1.98063697992818E+018,"11 : 0.7428601, 1 : 0.15179273, 1 : 0.03741981",17
1.97964423606926E+018,"11 : 0.89292794, 11 : 0.034194905, 1 : 0.013301104",17
1.97714044091221E+018,"11 : 0.93398046, 7 : 0.011048335, 11 : 0.005877376",17
1.97428303952755E+018,"11 : 0.82818127, 1 : 0.037966818, 1 : 0.011706815",17
1.97211209276629E+018,"9 : 0.30625963, 11 : 0.21974689, 4 : 0.09248853",17
1.96999565621152E+018,"1 : 0.9893555, 1 : 0.00036599746, 11 : 0.00032044417",17
1.96848012991696E+018,"1 : 0.3703642, 3 : 0.21652262, 11 : 0.03183027",17
1.96763241880836E+018,"11 : 0.5164796, 2 : 0.21212398, 9 : 0.041837957",17
1.96634426339227E+018,"11 : 0.3563045, 11 : 0.3337118, 11 : 0.03161036",17
1.9655797042412E+018,"11 : 0.20143463, 11 : 0.08038968, 2 : 0.049892172",17
1.96415621037912E+018,"11 : 0.8424108, 11 : 0.043948974, 11 : 0.024599817",17
1.96303461674902E+018,"8 : 0.43808332, 2 : 0.08775313, 2 : 0.014130276",17
1.9605923310924E+018,"1 : 0.7997875, 11 : 0.030905297, 12 : 0.0209121",17
1.95663946142226E+018,"9 : 0.099444434, 11 : 0.058331333, 1 : 0.04498214",17
1.95473510866606E+018,"11 : 0.9039203, 11 : 0.01545579, 11 : 0.013366135",17
1.95301148450203E+018,"11 : 0.44991052, 2 : 0.11554068, 3 : 0.07180672",17
1.94666944546449E+018,"11 : 0.28425044, 11 : 0.12820244, 9 : 0.053290706",17
1.94571219612403E+018,"11 : 0.14246254, 10 : 0.11043721, 7 : 0.06278079",17
1.94087707170401E+018,"1 : 0.7672361, 11 : 0.06642285, 11 : 0.025714966",17
1.93782666390139E+018,"8 : 0.9437428, 8 : 0.008295073, 8 : 0.007057681",17
1.93187995371E+018,"11 : 0.91421646, 1 : 0.021335334, 11 : 0.012843951",17
1.92934255210077E+018,"11 : 0.5761544, 2 : 0.12029815, 2 : 0.042583678",17
1.92685862865915E+018,"11 : 0.55362123, 11 : 0.11868243, 1 : 0.029494297",17
1.92568362486929E+018,"11 : 0.7367702, 11 : 0.14975348, 11 : 0.025646104",17
1.92542834578668E+018,"7 : 0.595706, 9 : 0.066796534, 7 : 0.03665585",17
1.92112290573358E+018,"2 : 0.8840765, 13 : 0.09629227, 1 : 0.0069434987",17
1.92008148712765E+018,"1 : 0.9121209, 11 : 0.026584866, 11 : 0.014554099",17
1.91839292155736E+018,"1 : 0.83905864, 11 : 0.07211142, 11 : 0.015579661",17
1.91769369444864E+018,"11 : 0.525499, 11 : 0.07487921, 11 : 0.057624575",17
1.91701678559883E+018,"5 : 0.12132082, 7 : 0.11094233, 1 : 0.083540216",17
1.91616400940743E+018,"13 : 0.63313156, 13 : 0.20632447, 13 : 0.0427056",17
1.91414523806021E+018,"11 : 0.61705446, 2 : 0.23902114, 11 : 0.021481112",17
1.91259295845448E+018,"11 : 0.68932503, 1 : 0.18776722, 11 : 0.01130308",17
1.91117410306502E+018,"1 : 0.4497116, 11 : 0.15252051, 3 : 0.019506944",17
1.90617848180583E+018,"11 : 0.7591462, 7 : 0.070518225, 11 : 0.026953215",17
1.90392643900855E+018,"10 : 0.5854927, 10 : 0.09708351, 7 : 0.034610413",17
1.90350774759342E+018,"7 : 0.2652079, 13 : 0.10060431, 9 : 0.036986038",17
1.90079444847706E+018,"1 : 0.8484231, 2 : 0.0055471454, 1 : 0.005460351",17
1.89937340032323E+018,"1 : 0.77941495, 11 : 0.09366771, 11 : 0.057843145",17
1.89706751729191E+018,"2 : 0.8968477, 11 : 0.043028332, 11 : 0.023894234",17
1.89631529630715E+018,"11 : 0.3398916, 11 : 0.19053385, 2 : 0.12824781",17
1.89565427681694E+018,"11 : 0.8410044, 7 : 0.038551845, 3 : 0.0053708083",17
1.89516366001731E+018,"1 : 0.84279317, 11 : 0.03798038, 3 : 0.00744352",17
1.89309197619939E+018,"11 : 0.68429834, 11 : 0.12864313, 1 : 0.054367237",17
1.89151688599728E+018,"1 : 0.4543993, 7 : 0.084274985, 7 : 0.034268435",17
1.89024348326524E+018,"13 : 0.23037834, 13 : 0.09810609, 7 : 0.024235198",17
1.89005836158543E+018,"11 : 0.6873285, 2 : 0.115916975, 2 : 0.036166962",17
1.8899143598386E+018,"7 : 0.22356296, 3 : 0.1309032, 8 : 0.06903346",17
1.88984603095151E+018,"2 : 0.92810094, 1 : 0.06891423, 1 : 0.0011893997",17
1.88926435905234E+018,"8 : 0.3552328, 11 : 0.21812414, 8 : 0.0891464",17
1.88613276163609E+018,"11 : 0.45945826, 11 : 0.31867048, 1 : 0.08325171",17
1.8842181269305E+018,"1 : 0.25914308, 11 : 0.16872399, 11 : 0.12359647",17
1.88288261322517E+018,"11 : 0.2971247, 1 : 0.28644148, 11 : 0.08611116",17
1.88115372765168E+018,"11 : 0.36173886, 1 : 0.14623678, 11 : 0.0416875",17
1.8801075291586E+018,"2 : 0.95884126, 1 : 0.040007535, 3 : 7.6224904e-05",17
1.87994529265782E+018,"11 : 0.7255727, 2 : 0.14314474, 11 : 0.013324092",17
1.879886929958E+018,"11 : 0.3497955, 8 : 0.19820487, 13 : 0.04699168",17
1.87977702901758E+018,"11 : 0.5821398, 2 : 0.14966285, 2 : 0.014494164",17
1.87940611733659E+018,"11 : 0.4420012, 1 : 0.12650046, 11 : 0.086187124",17
1.87893282278668E+018,"2 : 0.4825871, 11 : 0.35435888, 11 : 0.011971753",17
1.87850050363603E+018,"4 : 0.0727743, 2 : 0.051788304, 7 : 0.022089457",17
1.87783566748635E+018,"7 : 0.60183537, 7 : 0.07665881, 14 : 0.03410727",17
1.8755916002825E+018,"11 : 0.48719758, 11 : 0.29046458, 1 : 0.13553777",17
1.87485338559001E+018,"4 : 0.8445986, 3 : 0.0076082046, 7 : 0.007482336",17
1.87181802094404E+018,"2 : 0.7095032, 1 : 0.26191056, 2 : 0.0025390638",17
1.86835762147691E+018,"11 : 0.24530946, 11 : 0.17356916, 8 : 0.067213446",17
1.86764128289949E+018,"1 : 0.8226409, 11 : 0.05793035, 11 : 0.048800297",17
1.86560338433612E+018,"1 : 0.63413, 1 : 0.08627281, 11 : 0.06712829",17
1.86361769338072E+018,"1 : 0.43395793, 11 : 0.06340314, 11 : 0.047727816",17
1.8590573482599E+018,"2 : 0.109957844, 9 : 0.07247766, 1 : 0.041920822",17
1.85610870827286E+018,"11 : 0.44317085, 1 : 0.2721681, 11 : 0.17560406",17
1.85153872736739E+018,"11 : 0.8937379, 2 : 0.02240539, 11 : 0.015094238",17
1.84811009429256E+018,"1 : 0.7798, 1 : 0.004729523, 1 : 0.004610663",17
1.84641414716479E+018,"11 : 0.91618836, 11 : 0.014305822, 1 : 0.012689561",17
1.84507763035993E+018,"11 : 0.85530716, 11 : 0.07587313, 1 : 0.011436513",17
1.84300708085719E+018,"7 : 0.11463796, 13 : 0.07531633, 13 : 0.044995483",17
1.836467656749E+018,"7 : 0.6767913, 7 : 0.075658545, 7 : 0.03220971",17
1.83294934288608E+018,"1 : 0.46762395, 11 : 0.274178, 11 : 0.19226402",17
1.82635397322246E+018,"7 : 0.8153909, 11 : 0.009896404, 11 : 0.00965419",17
1.81669984013912E+018,"11 : 0.41742438, 11 : 0.17656691, 1 : 0.05748202",17
1.81104651304914E+018,"1 : 0.38617095, 1 : 0.13538815, 11 : 0.08094413",17
1.80105083822985E+018,"2 : 0.15771015, 13 : 0.08763998, 5 : 0.027553141",17
1.79890707616282E+018,"2 : 0.47079256, 4 : 0.037549194, 3 : 0.026666503",17
1.77783421871633E+018,"11 : 0.24726857, 1 : 0.2335215, 9 : 0.09284406",17
1.77711413050572E+018,"11 : 0.91772515, 11 : 0.017901335, 1 : 0.007409753",17
1.77540761001745E+018,"1 : 0.54184526, 11 : 0.08731143, 9 : 0.038372472",17
1.76960070539884E+018,"11 : 0.68515414, 1 : 0.19472925, 11 : 0.03853494",17
1.76775491454859E+018,"2 : 0.3744492, 3 : 0.16292506, 2 : 0.0424873",17
1.76773886580761E+018,"11 : 0.74063975, 13 : 0.032390162, 13 : 0.02458283",17
1.76262344283772E+018,"10 : 0.23180163, 13 : 0.089220636, 13 : 0.08507089",17
1.75673055115241E+018,"1 : 0.85791826, 1 : 0.011235905, 9 : 0.010144567",17
1.74886255969532E+018,"11 : 0.77891344, 2 : 0.04053571, 11 : 0.027711978",17
1.747091978209E+018,"7 : 0.2087263, 11 : 0.20796838, 13 : 0.07556398",17
1.74358373682535E+018,"11 : 0.606038, 11 : 0.27102584, 1 : 0.014631494",17
1.73920825108899E+018,"9 : 0.08854703, 11 : 0.03976263, 9 : 0.027124107",17
1.73357712158003E+018,"11 : 0.3614289, 11 : 0.31234872, 11 : 0.036775935",17
1.7290966801494E+018,"1 : 0.62842095, 1 : 0.26174608, 11 : 0.026020497",17
1.71689104824188E+018,"13 : 0.12618098, 14 : 0.06149224, 2 : 0.06091129",17
1.71603201747016E+018,"11 : 0.79519093, 11 : 0.07720154, 11 : 0.028499566",17
1.7067253596572E+018,"11 : 0.543858, 11 : 0.23354386, 1 : 0.016535504",17
1.69942038863268E+018,"11 : 0.96312547, 11 : 0.0061717783, 11 : 0.0030011567",17
1.69089305733436E+018,"11 : 0.4677936, 11 : 0.16758892, 9 : 0.03496092",17
1.66325490670563E+018,"9 : 0.10491855, 10 : 0.091791935, 10 : 0.0587972",17
1.65357341443649E+018,"10 : 0.46334085, 7 : 0.14099275, 12 : 0.1152184",17
1.65103570378497E+018,"1 : 0.13219425, 11 : 0.11658277, 8 : 0.106810845",17
1.64079432755703E+018,"11 : 0.47222224, 11 : 0.2899061, 1 : 0.018241886",17
1.62773044385398E+018,"1 : 0.9527701, 11 : 0.024083266, 11 : 0.0018467376",17
1.62386808145157E+018,"11 : 0.89877987, 11 : 0.011094931, 7 : 0.004752353",17
1.61557203621451E+018,"11 : 0.3273858, 11 : 0.2731748, 1 : 0.13851438",17
1.59940161574261E+018,"4 : 0.23581274, 11 : 0.18302293, 12 : 0.03746262",17
1.59481874940647E+018,"11 : 0.54139227, 9 : 0.27258635, 11 : 0.11112775",17
1.58072718863716E+018,"11 : 0.43251264, 9 : 0.38276786, 11 : 0.11441956",17
1.57269204633009E+018,"7 : 0.14724118, 13 : 0.104478106, 10 : 0.08006299",17
1.56517768149795E+018,"11 : 0.9781139, 1 : 0.0021653466, 1 : 0.0016249791",17
1.55425153606947E+018,"11 : 0.31504986, 8 : 0.10763361, 13 : 0.06728516",17
1.54715243684594E+018,"1 : 0.88313955, 3 : 0.01769393, 11 : 0.0062128594",17
1.54012630943352E+018,"1 : 0.77107614, 1 : 0.083904356, 11 : 0.013422015",17
1.52825535232655E+018,"6 : 0.556442, 6 : 0.09339429, 14 : 0.08963201",17
1.52496935356342E+018,"1 : 0.8188463, 3 : 0.090240195, 9 : 0.0029656447",17
1.52260012974692E+018,"8 : 0.34232062, 11 : 0.092846155, 3 : 0.04499891",17
1.51587026392934E+018,"1 : 0.61263925, 1 : 0.1650405, 1 : 0.04934024",17
1.51115430583482E+018,"3 : 0.34656957, 11 : 0.039855327, 2 : 0.027279897",17
1.50535914918503E+018,"13 : 0.41935584, 3 : 0.385322, 2 : 0.052308444",17
1.49873254880863E+018,"1 : 0.8433156, 1 : 0.026405273, 11 : 0.016753476",17
1.49664586590819E+018,"2 : 0.76067406, 11 : 0.085386865, 11 : 0.03850962",17
1.49491723164128E+018,"4 : 0.7171594, 2 : 0.03306027, 12 : 0.026855236",17
1.48646800354167E+018,"3 : 0.6079335, 1 : 0.18988584, 1 : 0.02103073",17
1.47274907501429E+018,"11 : 0.5023647, 1 : 0.22802235, 9 : 0.03772125",17
1.46124171080473E+018,"1 : 0.42217395, 11 : 0.26004547, 11 : 0.14547169",17
1.43695939602997E+018,"11 : 0.6234503, 11 : 0.17205282, 1 : 0.029451223",17
1.42348058743198E+018,"11 : 0.7291216, 11 : 0.061046798, 1 : 0.02698315",17
2.19139708494606E+018,"3 : 0.7721806, 3 : 0.071830764, 3 : 0.062428188",11
2.18869571338115E+018,"2 : 0.17996143, 4 : 0.12741731, 7 : 0.076311946",11
2.18742437062487E+018,"3 : 0.25827903, 2 : 0.077322744, 3 : 0.040337473",11
2.18657058162601E+018,"7 : 0.16961338, 7 : 0.1556514, 7 : 0.15379407",11
2.1838288492792E+018,"3 : 0.5791108, 3 : 0.079941526, 3 : 0.05954962",11
2.17924938407247E+018,"3 : 0.89545596, 3 : 0.03939946, 3 : 0.0052746693",11
2.17913721805764E+018,"2 : 0.15385841, 11 : 0.1052275, 11 : 0.042182863",11
2.17854429538087E+018,"2 : 0.12571204, 13 : 0.1062834, 3 : 0.057133522",11
2.1785144399475E+018,"3 : 0.5232147, 3 : 0.2815931, 3 : 0.019366322",11
2.17774073764129E+018,"3 : 0.2136627, 3 : 0.13932198, 3 : 0.08197053",11
2.17641147622824E+018,"7 : 0.36159527, 12 : 0.072702564, 3 : 0.069909945",11
2.17618199229782E+018,"3 : 0.16308875, 3 : 0.12471096, 3 : 0.091524206",11
2.17505072711545E+018,"7 : 0.31087798, 4 : 0.11748983, 7 : 0.03699805",11
2.16930943021111E+018,"2 : 0.23586641, 3 : 0.15327963, 3 : 0.05581355",11
2.16617000772506E+018,"2 : 0.9679126, 2 : 0.0092445, 3 : 0.004492759",11
2.16384468351548E+018,"7 : 0.31516758, 14 : 0.06947461, 2 : 0.06645955",11
2.16308968972809E+018,"3 : 0.83452666, 3 : 0.041969318, 3 : 0.008384063",11
2.16240371950448E+018,"3 : 0.69459516, 3 : 0.09346371, 3 : 0.020136956",11
2.16110059189041E+018,"3 : 0.69759095, 3 : 0.21374118, 3 : 0.005977801",11
2.15322809444096E+018,"3 : 0.5035199, 3 : 0.12964083, 3 : 0.0877749",11
2.14248774690045E+018,"3 : 0.8798938, 3 : 0.02152458, 3 : 0.016352003",11
2.14076993032959E+018,"2 : 0.48725334, 11 : 0.12693416, 10 : 0.033987034",11
2.13282350967894E+018,"3 : 0.1417655, 13 : 0.07880103, 12 : 0.0783902",11
2.13136823232244E+018,"3 : 0.20669292, 3 : 0.064916335, 3 : 0.056885812",11
2.12118369774611E+018,"3 : 0.9245902, 3 : 0.014931345, 3 : 0.009715049",11
2.11026619045576E+018,"7 : 0.13985726, 2 : 0.09296976, 3 : 0.05070908",11
2.09714376336234E+018,"3 : 0.41177166, 3 : 0.11694372, 3 : 0.08870612",11
2.07626113786911E+018,"7 : 0.85002184, 3 : 0.017095726, 3 : 0.013057218",11
2.06531628035077E+018,"3 : 0.68342036, 3 : 0.06296005, 3 : 0.042805158",11
2.0608787603136E+018,"3 : 0.2889151, 7 : 0.12362616, 2 : 0.06799004",11
2.0589589186732E+018,"3 : 0.8572439, 12 : 0.014898207, 13 : 0.014437523",11
2.04360750699123E+018,"3 : 0.37762335, 3 : 0.34823513, 3 : 0.07683933",11
2.04360424649886E+018,"3 : 0.22514834, 3 : 0.1277896, 3 : 0.070072256",11
2.03578643223823E+018,"7 : 0.6807648, 7 : 0.033206712, 13 : 0.01665774",11
2.03578575293702E+018,"3 : 0.198209, 7 : 0.1413906, 7 : 0.07227378",11
2.03577939716556E+018,"13 : 0.40807867, 7 : 0.07634601, 7 : 0.04760084",11
2.03571321593908E+018,"13 : 0.2748348, 7 : 0.053593103, 3 : 0.024948658",11
2.02414301145923E+018,"2 : 0.40599456, 4 : 0.102511846, 2 : 0.051895857",11
2.01891855972748E+018,"2 : 0.4373182, 4 : 0.074235655, 2 : 0.055406235",11
2.00017844776815E+018,"7 : 0.32696253, 10 : 0.15356083, 12 : 0.108269535",11
1.99932733264454E+018,"3 : 0.6803746, 3 : 0.24010143, 5 : 0.016458465",11
1.99283885142219E+018,"13 : 0.20216894, 13 : 0.12651326, 13 : 0.124019116",11
1.98593417602121E+018,"3 : 0.41235745, 12 : 0.1517968, 7 : 0.14562485",11
1.9814569806963E+018,"3 : 0.34842935, 3 : 0.092883214, 3 : 0.030082714",11
1.97983124736682E+018,"3 : 0.341057, 3 : 0.25416088, 3 : 0.108228005",11
1.97733526230652E+018,"3 : 0.10868548, 3 : 0.07949105, 2 : 0.078880794",11
1.9756343340586E+018,"3 : 0.23928717, 3 : 0.11952293, 3 : 0.073044606",11
1.97498313163704E+018,"3 : 0.26396117, 3 : 0.17264272, 3 : 0.10253985",11
1.97403785046448E+018,"3 : 0.6243176, 13 : 0.095420934, 7 : 0.022605894",11
1.97053604795605E+018,"7 : 0.27456844, 7 : 0.17366743, 7 : 0.07771649",11
1.96942560381766E+018,"3 : 0.8021997, 3 : 0.11282666, 3 : 0.0068841185",11
1.9644664561002E+018,"12 : 0.12854564, 7 : 0.11737423, 13 : 0.10030334",11
1.96187519484897E+018,"3 : 0.9636125, 3 : 0.002168218, 3 : 0.0003696247",11
1.95328297773169E+018,"3 : 0.4092481, 3 : 0.3185208, 9 : 0.018425625",11
1.95080541847452E+018,"3 : 0.4753407, 3 : 0.15567452, 3 : 0.07198773",11
1.94677424925219E+018,"7 : 0.8700398, 6 : 0.008965298, 6 : 0.004529055",11
1.94505963468905E+018,"3 : 0.36439478, 3 : 0.24510185, 3 : 0.029646268",11
1.94475760755444E+018,"3 : 0.6739397, 3 : 0.07107087, 3 : 0.052433096",11
1.93937356098043E+018,"2 : 0.59365463, 1 : 0.14778268, 11 : 0.07505489",11
1.93575207401046E+018,"13 : 0.23629759, 13 : 0.046915025, 13 : 0.022028234",11
1.93409369015685E+018,"7 : 0.7725198, 6 : 0.059899203, 6 : 0.017720066",11
1.93362251410651E+018,"3 : 0.16839325, 7 : 0.15710646, 7 : 0.115501896",11
1.92144323919868E+018,"3 : 0.7531666, 3 : 0.08355874, 3 : 0.042860046",11
1.91737619358652E+018,"3 : 0.5150336, 3 : 0.11862193, 3 : 0.045673",11
1.91734413725072E+018,"7 : 0.10178922, 3 : 0.07944309, 3 : 0.06134465",11
1.91119330325497E+018,"3 : 0.64745474, 3 : 0.17237893, 3 : 0.05112531",11
1.90897335168747E+018,"3 : 0.43425128, 3 : 0.07897239, 3 : 0.06266304",11
1.90896939223109E+018,"3 : 0.2717304, 3 : 0.11632515, 3 : 0.037467998",11
1.90896728155664E+018,"7 : 0.29340184, 7 : 0.2406177, 7 : 0.1477408",11
1.90896382225394E+018,"2 : 0.58685213, 7 : 0.13105398, 7 : 0.035354704",11
1.90896230158388E+018,"3 : 0.2707274, 3 : 0.14352953, 7 : 0.13737425",11
1.90523670062096E+018,"7 : 0.37976563, 7 : 0.064913884, 13 : 0.032946203",11
1.90226346686316E+018,"3 : 0.29471576, 3 : 0.086486325, 3 : 0.064931616",11
1.90011315774806E+018,"3 : 0.9676412, 3 : 0.021691473, 14 : 0.0018500842",11
1.89732502491664E+018,"3 : 0.28001493, 3 : 0.16649638, 3 : 0.10394197",11
1.89435264953768E+018,"3 : 0.9558668, 7 : 0.013816647, 7 : 0.010982738",11
1.89231203611131E+018,"7 : 0.6219116, 3 : 0.06760695, 12 : 0.04626598",11
1.88957413096801E+018,"3 : 0.31030178, 3 : 0.097924694, 3 : 0.057549253",11
1.88638890593719E+018,"7 : 0.33953375, 7 : 0.20690449, 7 : 0.20664883",11
1.88495198191335E+018,"3 : 0.22854581, 3 : 0.2100464, 3 : 0.15558746",11
1.88343210770022E+018,"8 : 0.36047447, 13 : 0.2018289, 7 : 0.055156164",11
1.88332231629148E+018,"7 : 0.551229, 12 : 0.37364703, 7 : 0.005877208",11
1.88130324370025E+018,"2 : 0.38945034, 3 : 0.09135677, 3 : 0.041485347",11
1.87693918281229E+018,"8 : 0.205688, 8 : 0.14005516, 4 : 0.07804784",11
1.87677678583752E+018,"13 : 0.11628175, 4 : 0.06308003, 7 : 0.04874714",11
1.8753019156527E+018,"10 : 0.5453061, 3 : 0.035102118, 10 : 0.029206133",11
1.87416020389832E+018,"13 : 0.40216744, 2 : 0.056855284, 13 : 0.036899082",11
1.87403048826933E+018,"12 : 0.35969517, 3 : 0.2868269, 7 : 0.050676264",11
1.87183562633361E+018,"3 : 0.47380593, 3 : 0.30881163, 3 : 0.115121335",11
1.87111083347292E+018,"3 : 0.92225873, 3 : 0.01790546, 12 : 0.012277775",11
1.8708750265236E+018,"7 : 0.21946071, 3 : 0.15977599, 3 : 0.04641426",11
1.86851015718322E+018,"3 : 0.27833197, 3 : 0.08312525, 3 : 0.052296605",11
1.86850886907899E+018,"3 : 0.5262057, 3 : 0.1883709, 3 : 0.05808679",11
1.86597840202121E+018,"7 : 0.34716564, 7 : 0.06257008, 3 : 0.052302573",11
1.86480402221957E+018,"7 : 0.16680779, 13 : 0.025526142, 6 : 0.02054995",11
1.85015295239292E+018,"7 : 0.30960795, 14 : 0.29635412, 3 : 0.08646739",11
1.84999227535118E+018,"7 : 0.33283183, 14 : 0.2075278, 3 : 0.11608063",11
1.84999063214873E+018,"7 : 0.24062867, 3 : 0.22469716, 3 : 0.124905944",11
1.84792002454823E+018,"3 : 0.16972207, 3 : 0.06903362, 3 : 0.062174447",11
1.84791814711063E+018,"3 : 0.62509847, 3 : 0.09648444, 3 : 0.04645477",11
1.84791584611538E+018,"3 : 0.12401974, 3 : 0.110721745, 3 : 0.101882994",11
1.84791303035319E+018,"3 : 0.80061585, 3 : 0.0454698, 3 : 0.017236488",11
1.84791025230641E+018,"3 : 0.3664123, 3 : 0.30801842, 2 : 0.035631787",11
1.84790911372071E+018,"3 : 0.21360147, 3 : 0.16218644, 2 : 0.04116575",11
1.83064828451273E+018,"13 : 0.4821508, 12 : 0.28394884, 13 : 0.046831638",11
1.83059202446857E+018,"3 : 0.60277945, 3 : 0.13575116, 3 : 0.09598734",11
1.82978621346611E+018,"2 : 0.9584515, 2 : 0.004154972, 11 : 0.0018539649",11
1.82843306548181E+018,"2 : 0.19163021, 3 : 0.13935812, 3 : 0.08354795",11
1.82481618835228E+018,"3 : 0.709917, 3 : 0.03743626, 3 : 0.021420889",11
1.82186115217746E+018,"3 : 0.43717653, 3 : 0.32004717, 3 : 0.03418565",11
1.8209924776762E+018,"13 : 0.25587562, 3 : 0.070252575, 2 : 0.044478066",11
1.81989032658912E+018,"3 : 0.48709556, 3 : 0.09283552, 3 : 0.023283059",11
1.81969256763981E+018,"3 : 0.885711, 3 : 0.055160213, 3 : 0.0045673396",11
1.81969224433452E+018,"7 : 0.9544225, 3 : 0.01594666, 3 : 0.0029927148",11
1.81969203103722E+018,"3 : 0.2347712, 7 : 0.124475166, 3 : 0.11145348",11
1.81969182838539E+018,"3 : 0.63866633, 3 : 0.17635883, 3 : 0.030711332",11
1.8196911434218E+018,"3 : 0.47437155, 3 : 0.07222559, 7 : 0.05828071",11
1.81387455647176E+018,"3 : 0.6124481, 7 : 0.23718141, 3 : 0.07272027",11
1.81265647297706E+018,"3 : 0.3438299, 3 : 0.15457538, 3 : 0.08489991",11
1.81048533576142E+018,"3 : 0.24001053, 3 : 0.20054539, 6 : 0.05955815",11
1.80871275320687E+018,"3 : 0.7117907, 3 : 0.15519229, 7 : 0.047122985",11
1.80794598927099E+018,"13 : 0.14422129, 7 : 0.12588896, 2 : 0.05013368",11
1.80724987279169E+018,"3 : 0.6777236, 3 : 0.023311427, 3 : 0.019857058",11
1.80424915286995E+018,"3 : 0.30778673, 3 : 0.074354514, 3 : 0.07122909",11
1.80310528826235E+018,"7 : 0.34112063, 7 : 0.25286576, 7 : 0.09756535",11
1.80290229342912E+018,"3 : 0.99364144, 3 : 0.001742044, 3 : 0.00030141056",11
1.80287276438813E+018,"1 : 0.8955198, 2 : 0.04980783, 11 : 0.012591644",11
1.80219059212421E+018,"3 : 0.24601418, 3 : 0.095797695, 3 : 0.08897251",11
1.80216548712503E+018,"2 : 0.11070034, 7 : 0.058168627, 7 : 0.037102077",11
1.80210502443816E+018,"2 : 0.5696653, 11 : 0.11247182, 11 : 0.054393932",11
1.80021485264892E+018,"13 : 0.6791331, 12 : 0.18621384, 13 : 0.011318544",11
1.79936473770047E+018,"2 : 0.7322486, 7 : 0.03127155, 3 : 0.030373128",11
1.79870212682464E+018,"12 : 0.17262268, 12 : 0.14180805, 2 : 0.07181772",11
1.79777695929426E+018,"7 : 0.31696975, 7 : 0.21587639, 7 : 0.18087825",11
1.79734381711064E+018,"13 : 0.8978782, 3 : 0.022452297, 7 : 0.0027359514",11
1.79717103781558E+018,"3 : 0.5237643, 7 : 0.06924587, 3 : 0.04617311",11
1.7957560824894E+018,"2 : 0.9359457, 3 : 0.009028924, 7 : 0.0029677548",11
1.79554733788635E+018,"3 : 0.34553322, 3 : 0.1457646, 3 : 0.069842145",11
1.79521985192266E+018,"3 : 0.3307698, 3 : 0.32306132, 3 : 0.06271224",11
1.78858556585405E+018,"3 : 0.17418373, 3 : 0.15821932, 5 : 0.1448276",11
1.78851721733822E+018,"3 : 0.7482837, 3 : 0.03203238, 3 : 0.027043642",11
1.78726556658387E+018,"7 : 0.17095704, 13 : 0.09079949, 7 : 0.049790706",11
1.78499899512826E+018,"3 : 0.2937049, 13 : 0.29000077, 3 : 0.030022966",11
1.78136378495725E+018,"3 : 0.3840957, 12 : 0.08631322, 3 : 0.08137213",11
1.77963009282827E+018,"2 : 0.66235834, 3 : 0.05046492, 7 : 0.036420416",11
1.77905323615659E+018,"3 : 0.13929847, 3 : 0.052325327, 3 : 0.037383158",11
1.77830631709214E+018,"4 : 0.21196929, 2 : 0.08485987, 3 : 0.06657022",11
1.77830232986096E+018,"3 : 0.174836, 3 : 0.12875165, 13 : 0.07218729",11
1.7766892689015E+018,"3 : 0.5679527, 7 : 0.12553342, 10 : 0.032071948",11
1.77390675325822E+018,"2 : 0.6451873, 12 : 0.24601467, 3 : 0.007304623",11
1.77121772115988E+018,"7 : 0.504918, 3 : 0.06845267, 7 : 0.047154818",11
1.7711883096938E+018,"3 : 0.34424898, 3 : 0.1865882, 2 : 0.06430875",11
1.77106704426839E+018,"9 : 0.32402664, 2 : 0.15369028, 4 : 0.14450091",11
1.77022038367534E+018,"2 : 0.7621378, 3 : 0.080318384, 12 : 0.009055302",11
1.76703238597434E+018,"3 : 0.7931695, 3 : 0.060860507, 7 : 0.00932839",11
1.76089550581322E+018,"3 : 0.52595526, 3 : 0.34839657, 3 : 0.015148782",11
1.75940963857437E+018,"7 : 0.2560228, 12 : 0.1401383, 12 : 0.1285535",11
1.75815183637976E+018,"3 : 0.18000823, 3 : 0.14358127, 3 : 0.13541533",11
1.75792145196668E+018,"7 : 0.50819314, 12 : 0.04963721, 12 : 0.048729554",11
1.75162000677101E+018,"3 : 0.3082276, 7 : 0.15006521, 7 : 0.059594974",11
1.75161822561798E+018,"7 : 0.27861503, 7 : 0.24280363, 7 : 0.15283866",11
1.75136761283393E+018,"12 : 0.23024365, 2 : 0.18337753, 2 : 0.11147126",11
1.74720713501531E+018,"3 : 0.68330634, 3 : 0.066152155, 3 : 0.047070168",11
1.74651275659594E+018,"3 : 0.3121199, 3 : 0.094522946, 3 : 0.053326808",11
1.74404308491917E+018,"3 : 0.89550585, 3 : 0.024692448, 3 : 0.008731133",11
1.74291627986491E+018,"3 : 0.38458958, 3 : 0.21564561, 3 : 0.05442022",11
1.74202652743389E+018,"3 : 0.74240094, 3 : 0.104946226, 3 : 0.030209135",11
1.74138768822825E+018,"2 : 0.7084846, 7 : 0.117536195, 3 : 0.063139826",11
1.74137454618101E+018,"7 : 0.4377482, 7 : 0.114327684, 7 : 0.10692804",11
1.74136232916323E+018,"7 : 0.14620899, 7 : 0.07742961, 3 : 0.07505626",11
1.74044198418556E+018,"14 : 0.5336903, 4 : 0.06595127, 3 : 0.026493927",11
1.73974325782582E+018,"7 : 0.13190304, 3 : 0.109261185, 3 : 0.05259864",11
1.73920170227045E+018,"3 : 0.70589656, 3 : 0.03670862, 3 : 0.024506593",11
1.73766207964694E+018,"3 : 0.14805205, 3 : 0.12484842, 3 : 0.110473104",11
1.73692964274421E+018,"3 : 0.59168947, 7 : 0.097852245, 13 : 0.0865162",11
1.73647959101429E+018,"10 : 0.14453945, 8 : 0.1245193, 2 : 0.057956908",11
1.73634491457987E+018,"7 : 0.3156688, 13 : 0.040715437, 3 : 0.038436",11
1.73631924820615E+018,"3 : 0.5131299, 3 : 0.1142713, 3 : 0.0544912",11
1.73505508748223E+018,"2 : 0.9329692, 3 : 0.008888185, 2 : 0.003877567",11
1.73472261777955E+018,"3 : 0.27922547, 7 : 0.17046797, 3 : 0.14195922",11
1.73207338388852E+018,"3 : 0.3168569, 3 : 0.26929456, 3 : 0.12857664",11
1.73079648131888E+018,"5 : 0.7552649, 3 : 0.06604581, 5 : 0.044449788",11
1.73054605899949E+018,"3 : 0.87321615, 3 : 0.023719199, 3 : 0.009520385",11
1.73049862778723E+018,"2 : 0.51936936, 13 : 0.06461434, 4 : 0.0497854",11
1.72607798005978E+018,"3 : 0.49933743, 3 : 0.12694886, 3 : 0.03139651",11
1.72561067822171E+018,"3 : 0.28524712, 3 : 0.19937314, 3 : 0.07995689",11
1.72353009133264E+018,"7 : 0.6745467, 7 : 0.04233986, 7 : 0.036012158",11
1.72206288319982E+018,"7 : 0.88583046, 12 : 0.07693583, 2 : 0.007437107",11
1.72115995087647E+018,"3 : 0.24117604, 3 : 0.22032622, 3 : 0.10468754",11
1.72064269291524E+018,"12 : 0.37245888, 7 : 0.11052006, 2 : 0.091481425",11
1.72059616776642E+018,"3 : 0.43217635, 3 : 0.16024409, 3 : 0.09488617",11
1.72058543585952E+018,"3 : 0.20681907, 3 : 0.096253395, 3 : 0.095902234",11
1.72058067461149E+018,"3 : 0.24514535, 3 : 0.1458399, 3 : 0.07096263",11
1.72057664633478E+018,"13 : 0.41889596, 7 : 0.3529894, 12 : 0.019593334",11
1.72057229439932E+018,"13 : 0.5143549, 13 : 0.12200048, 3 : 0.083544664",11
1.72057157757716E+018,"12 : 0.13122913, 7 : 0.10425298, 12 : 0.074988335",11
1.72057101416357E+018,"3 : 0.19452083, 7 : 0.096194565, 12 : 0.044684995",11
1.72056664566292E+018,"3 : 0.33847162, 13 : 0.07295559, 7 : 0.051307302",11
1.71811035395698E+018,"3 : 0.5634937, 3 : 0.37449566, 3 : 0.006998989",11
1.71632807952458E+018,"3 : 0.5171577, 3 : 0.12984645, 3 : 0.078070424",11
1.71240747236466E+018,"7 : 0.14623842, 13 : 0.057447422, 12 : 0.056382485",11
1.71045953774695E+018,"3 : 0.8722113, 3 : 0.010054813, 3 : 0.008231178",11
1.70883827152915E+018,"3 : 0.8816158, 7 : 0.053841237, 7 : 0.008688785",11
1.70741246761134E+018,"3 : 0.09530087, 3 : 0.07494421, 12 : 0.047619905",11
1.70741213619446E+018,"7 : 0.123114295, 2 : 0.10496579, 2 : 0.08693907",11
1.70741174270991E+018,"2 : 0.15202127, 2 : 0.11484693, 8 : 0.09053704",11
1.70530713127356E+018,"7 : 0.21140006, 2 : 0.056307636, 2 : 0.03523287",11
1.702395758476E+018,"3 : 0.781594, 3 : 0.10046696, 3 : 0.009166422",11
1.70157867940161E+018,"3 : 0.6587341, 3 : 0.10016291, 3 : 0.047319222",11
1.70145133628835E+018,"3 : 0.60073775, 3 : 0.1588564, 7 : 0.038755577",11
1.70067683758673E+018,"3 : 0.7562928, 3 : 0.061053373, 3 : 0.0113904765",11
1.70035821383544E+018,"3 : 0.7102024, 3 : 0.04116878, 7 : 0.028329555",11
1.69897273309309E+018,"8 : 0.59125787, 8 : 0.13822813, 8 : 0.04399109",11
1.69665621903639E+018,"2 : 0.5812923, 13 : 0.21342759, 3 : 0.10384414",11
1.69426291307711E+018,"3 : 0.8699013, 3 : 0.013244698, 3 : 0.013166804",11
1.67760965632572E+018,"1 : 0.24032207, 4 : 0.22789231, 2 : 0.13907242",11
1.67717387290572E+018,"3 : 0.79400295, 2 : 0.043647513, 12 : 0.020326996",11
1.67553955150513E+018,"13 : 0.5275516, 13 : 0.055497363, 13 : 0.015234473",11
1.67133843522612E+018,"3 : 0.92335343, 14 : 0.029105147, 3 : 0.024358694",11
1.67117447292038E+018,"2 : 0.8203135, 13 : 0.027979506, 4 : 0.0069175214",11
1.66987504214129E+018,"13 : 0.35124916, 13 : 0.28555456, 13 : 0.22460337",11
1.66954563729972E+018,"2 : 0.7746789, 3 : 0.04765322, 3 : 0.010445277",11
1.66917658279828E+018,"3 : 0.84970206, 3 : 0.030605467, 3 : 0.022736493",11
1.66905336218358E+018,"3 : 0.69410044, 3 : 0.027887888, 3 : 0.018525282",11
1.66840392080787E+018,"3 : 0.98183423, 3 : 0.0034443229, 3 : 0.002635515",11
1.66697823232633E+018,"7 : 0.5825554, 3 : 0.08015069, 3 : 0.040017966",11
1.66336539276739E+018,"3 : 0.9722959, 3 : 0.0023650448, 3 : 0.0023088777",11
1.6633528786673E+018,"3 : 0.87383634, 3 : 0.0110474955, 3 : 0.008523493",11
1.66334723894738E+018,"3 : 0.117123656, 3 : 0.11534824, 3 : 0.0693211",11
1.66306320095608E+018,"3 : 0.6750219, 3 : 0.10450911, 6 : 0.072608136",11
1.66164353552204E+018,"3 : 0.70089483, 3 : 0.2265324, 3 : 0.015207288",11
1.65972349971781E+018,"7 : 0.561803, 12 : 0.204819, 2 : 0.020708514",11
1.65827937024828E+018,"3 : 0.48447633, 3 : 0.120269224, 3 : 0.042680494",11
1.65826374821197E+018,"3 : 0.5035147, 3 : 0.41156033, 3 : 0.025898961",11
1.65825984917729E+018,"3 : 0.85801256, 3 : 0.030303411, 3 : 0.021653494",11
1.65825362702931E+018,"3 : 0.44977048, 7 : 0.0853575, 7 : 0.05034676",11
1.65825268992942E+018,"3 : 0.5964164, 3 : 0.23626855, 3 : 0.038048185",11
1.65825077509422E+018,"3 : 0.5691626, 3 : 0.07449517, 3 : 0.046823196",11
1.65823595367389E+018,"3 : 0.67929685, 3 : 0.14182816, 3 : 0.019719632",11
1.65815769254967E+018,"2 : 0.93405026, 2 : 0.013060081, 3 : 0.003979578",11
1.65613288697708E+018,"14 : 0.09144462, 7 : 0.051688045, 2 : 0.027284626",11
1.64648591183454E+018,"3 : 0.31575853, 3 : 0.09496002, 3 : 0.088487774",11
1.64605383668167E+018,"1 : 0.5011982, 2 : 0.24125771, 11 : 0.02715049",11
1.64586326525729E+018,"3 : 0.64762425, 3 : 0.12561373, 3 : 0.06078998",11
1.64573197011296E+018,"7 : 0.05981266, 8 : 0.051760457, 13 : 0.04406977",11
1.64424605035945E+018,"3 : 0.5190751, 3 : 0.113410324, 3 : 0.033005215",11
1.64294009124793E+018,"3 : 0.74151146, 3 : 0.08225881, 3 : 0.07809159",11
1.64285065831835E+018,"11 : 0.19045308, 12 : 0.14409727, 1 : 0.08752678",11
1.64154916759139E+018,"7 : 0.31800476, 14 : 0.0732995, 2 : 0.051079653",11
1.64133683892004E+018,"7 : 0.13745943, 3 : 0.040798694, 2 : 0.03281487",11
1.64133087321875E+018,"3 : 0.24024025, 3 : 0.21093956, 3 : 0.20322931",11
1.63858755187701E+018,"3 : 0.94687384, 3 : 0.0028641091, 3 : 0.0021463146",11
1.63858739344979E+018,"3 : 0.46228874, 3 : 0.19518156, 3 : 0.02779106",11
1.6385872166264E+018,"3 : 0.63487536, 3 : 0.048121735, 3 : 0.042851474",11
1.63625555613385E+018,"14 : 0.2252104, 7 : 0.026889544, 7 : 0.021262497",11
1.6356307084353E+018,"12 : 0.07191809, 3 : 0.069617614, 2 : 0.06428742",11
1.63496122173412E+018,"3 : 0.89731735, 3 : 0.0132986745, 3 : 0.012395911",11
1.63133405634644E+018,"3 : 0.80653703, 3 : 0.044265065, 3 : 0.03674518",11
1.62971833097183E+018,"3 : 0.31188706, 3 : 0.12510522, 2 : 0.062508985",11
1.62877763747978E+018,"12 : 0.58769774, 3 : 0.0809002, 3 : 0.028614348",11
1.62711687402982E+018,"13 : 0.9551782, 4 : 0.0046295854, 2 : 0.0018876867",11
1.6270942787437E+018,"3 : 0.13708533, 6 : 0.104092926, 6 : 0.09043914",11
1.62709283212822E+018,"3 : 0.20101713, 3 : 0.08358522, 7 : 0.04648668",11
1.62709166250453E+018,"3 : 0.49031648, 3 : 0.40517655, 3 : 0.008848801",11
1.62485859931735E+018,"12 : 0.30554795, 7 : 0.109495506, 7 : 0.06720943",11
1.62412936130816E+018,"14 : 0.6731795, 7 : 0.13687634, 3 : 0.026087295",11
1.62412897948382E+018,"2 : 0.20545074, 2 : 0.19797812, 11 : 0.093933165",11
1.62350536936786E+018,"3 : 0.9743087, 1 : 0.002096232, 3 : 0.000682665",11
1.62127919097986E+018,"3 : 0.85862166, 3 : 0.015538927, 3 : 0.009640678",11
1.62043211408363E+018,"3 : 0.85778296, 3 : 0.020581853, 3 : 0.018159412",11
1.62043009006352E+018,"3 : 0.57255197, 3 : 0.12627861, 3 : 0.013825827",11
1.62042762450059E+018,"12 : 0.33071205, 7 : 0.24436475, 7 : 0.09622328",11
1.61833051929109E+018,"2 : 0.7356798, 3 : 0.028791986, 7 : 0.0127739785",11
1.61444239448414E+018,"13 : 0.24624582, 13 : 0.21633239, 12 : 0.11748588",11
1.6109189379772E+018,"3 : 0.5309454, 3 : 0.19807029, 3 : 0.018026982",11
1.61047389705639E+018,"3 : 0.75729054, 3 : 0.075503126, 12 : 0.038203925",11
1.60951638517597E+018,"3 : 0.5159965, 3 : 0.17001225, 3 : 0.037253734",11
1.60951541004217E+018,"3 : 0.9624928, 3 : 0.008654364, 14 : 0.0068030665",11
1.6095145981675E+018,"3 : 0.25455782, 2 : 0.16618404, 3 : 0.04124649",11
1.60725531090097E+018,"3 : 0.96952516, 3 : 0.0065705944, 3 : 0.0012814493",11
1.6058092182961E+018,"3 : 0.96652836, 12 : 0.0057948134, 3 : 0.00488695",11
1.60449915330424E+018,"11 : 0.78850216, 1 : 0.10938277, 2 : 0.02106329",11
1.60435499342336E+018,"3 : 0.17847688, 3 : 0.091483265, 3 : 0.07118235",11
1.59813774538168E+018,"3 : 0.92010105, 3 : 0.061267193, 3 : 0.0031042513",11
1.5959918202527E+018,"3 : 0.31931007, 3 : 0.19586758, 3 : 0.06392788",11
1.59451306282712E+018,"9 : 0.5593222, 2 : 0.08891947, 2 : 0.047408294",11
1.59300857372456E+018,"7 : 0.18395184, 7 : 0.1567195, 7 : 0.05989766",11
1.59228724822137E+018,"8 : 0.12417714, 3 : 0.104215614, 8 : 0.07879878",11
1.58575582660095E+018,"3 : 0.20509559, 3 : 0.11255478, 3 : 0.07716935",11
1.58144282486229E+018,"3 : 0.6652193, 3 : 0.21733825, 3 : 0.020273315",11
1.57033217226975E+018,"3 : 0.38052738, 3 : 0.16203149, 3 : 0.09636037",11
1.57032445895394E+018,"3 : 0.4991149, 3 : 0.13826019, 3 : 0.07288368",11
1.57031398404879E+018,"3 : 0.57333094, 3 : 0.2755435, 3 : 0.024763336",11
1.57031201603107E+018,"3 : 0.8725329, 3 : 0.038607024, 3 : 0.017220553",11
1.56978018826674E+018,"3 : 0.22526753, 2 : 0.16303603, 3 : 0.12895471",11
1.56742629830506E+018,"3 : 0.9198503, 3 : 0.023192361, 3 : 0.005119386",11
1.56742392850653E+018,"3 : 0.5686232, 3 : 0.11406559, 3 : 0.0097575",11
1.56742039355573E+018,"3 : 0.41006407, 3 : 0.227729, 3 : 0.06242333",11
1.56741416701905E+018,"3 : 0.5643917, 3 : 0.21026815, 3 : 0.026943304",11
1.5655354853248E+018,"2 : 0.15664046, 11 : 0.08268924, 1 : 0.08002296",11
1.56367491113773E+018,"3 : 0.27320918, 3 : 0.09749008, 3 : 0.06623271",11
1.56251520968785E+018,"3 : 0.54769814, 3 : 0.071252696, 3 : 0.06958169",11
1.56046149944532E+018,"3 : 0.7017626, 3 : 0.1399759, 3 : 0.018564586",11
1.55530468195634E+018,"7 : 0.9660709, 3 : 0.018060392, 2 : 0.0024880187",11
1.55372156754835E+018,"3 : 0.9370513, 3 : 0.035479866, 3 : 0.0052512833",11
1.55372012832326E+018,"3 : 0.7351633, 3 : 0.04137114, 3 : 0.03108568",11
1.54998303578771E+018,"2 : 0.8843113, 2 : 0.02053011, 11 : 0.006755133",11
1.54647605653849E+018,"3 : 0.8779402, 3 : 0.029679323, 3 : 0.0067267637",11
1.54562189375989E+018,"2 : 0.61691946, 14 : 0.11622822, 13 : 0.015317886",11
1.54367979258579E+018,"2 : 0.10572074, 7 : 0.03294391, 2 : 0.02100951",11
1.53794070130681E+018,"12 : 0.57683426, 13 : 0.18719514, 3 : 0.020451875",11
1.53571434520675E+018,"3 : 0.28339326, 3 : 0.18911965, 3 : 0.18344742",11
1.52845822718702E+018,"11 : 0.21161188, 2 : 0.065915965, 7 : 0.058881253",11
1.52845739835057E+018,"6 : 0.89432544, 7 : 0.016462658, 7 : 0.0071401014",11
1.52562575402066E+018,"3 : 0.89474094, 3 : 0.013050959, 3 : 0.0101124775",11
1.52562478677208E+018,"3 : 0.62069625, 3 : 0.17277767, 3 : 0.017136607",11
1.52491096601786E+018,"3 : 0.89586455, 3 : 0.014862592, 3 : 0.005005335",11
1.5249098433956E+018,"3 : 0.42008552, 3 : 0.13806275, 3 : 0.05997152",11
1.52490875242356E+018,"7 : 0.3569677, 12 : 0.34327316, 12 : 0.29290196",11
1.52490857425771E+018,"3 : 0.6085492, 12 : 0.050932113, 7 : 0.03723257",11
1.52340191854477E+018,"3 : 0.7574754, 3 : 0.19621268, 3 : 0.0031183464",11
1.52316789985318E+018,"3 : 0.8507618, 3 : 0.026158215, 3 : 0.018804077",11
1.52275635843669E+018,"3 : 0.56732786, 3 : 0.169502, 3 : 0.10482527",11
1.52273821273547E+018,"7 : 0.57541484, 3 : 0.30988652, 3 : 0.037306175",11
1.52272371999739E+018,"3 : 0.5272133, 3 : 0.14900282, 3 : 0.08547459",11
1.52270516183804E+018,"3 : 0.60392094, 3 : 0.123787604, 3 : 0.0110752955",11
1.52268960905674E+018,"3 : 0.7611008, 3 : 0.04113552, 3 : 0.011037839",11
1.52268677849717E+018,"2 : 0.18963848, 12 : 0.11578435, 12 : 0.06553331",11
1.52268289514217E+018,"3 : 0.8610103, 3 : 0.013605744, 3 : 0.011520557",11
1.52259690656667E+018,"2 : 0.3535735, 2 : 0.3441948, 2 : 0.019792456",11
1.5224992176457E+018,"3 : 0.9111332, 3 : 0.038655084, 3 : 0.0047531356",11
1.52192560544313E+018,"3 : 0.58070505, 3 : 0.23273869, 3 : 0.019742575",11
1.52053265379043E+018,"7 : 0.3558807, 14 : 0.042307306, 7 : 0.029477924",11
1.51904800687549E+018,"13 : 0.34305522, 13 : 0.33524117, 5 : 0.00943596",11
1.5153668610971E+018,"3 : 0.7350587, 3 : 0.10831802, 3 : 0.030626087",11
1.51164702950723E+018,"3 : 0.39210618, 3 : 0.35046217, 12 : 0.17482205",11
1.50021133258242E+018,"3 : 0.4222504, 3 : 0.23897783, 3 : 0.11676332",11
1.49952468742715E+018,"3 : 0.30205438, 7 : 0.08864204, 2 : 0.0736173",11
1.49415394072269E+018,"3 : 0.2210795, 3 : 0.13345324, 3 : 0.09675529",11
1.48984185080185E+018,"13 : 0.073843926, 7 : 0.054478884, 2 : 0.041210897",11
1.48842060032124E+018,"7 : 0.10136978, 3 : 0.068782255, 2 : 0.04724687",11
1.48547118295407E+018,"7 : 0.07206985, 7 : 0.051808212, 13 : 0.04870982",11
1.48435738362179E+018,"3 : 0.18618783, 12 : 0.08451211, 3 : 0.047194485",11
1.48392227818636E+018,"7 : 0.47692862, 13 : 0.08932652, 2 : 0.06012237",11
1.48358027507442E+018,"3 : 0.9550189, 3 : 0.0133914435, 3 : 0.003165219",11
1.4813665950494E+018,"3 : 0.59506667, 3 : 0.13947521, 3 : 0.07097105",11
1.48043434578843E+018,"3 : 0.35248634, 3 : 0.27709296, 3 : 0.09179468",11
1.47890013790365E+018,"3 : 0.4355408, 3 : 0.20163214, 3 : 0.14315064",11
1.47839986767091E+018,"3 : 0.8939649, 12 : 0.012740705, 3 : 0.008480865",11
1.47678986477964E+018,"3 : 0.5067224, 3 : 0.36958757, 3 : 0.015598527",11
1.47673623589571E+018,"3 : 0.9510664, 3 : 0.027610106, 3 : 0.0027398218",11
1.47640045359096E+018,"2 : 0.22399157, 2 : 0.13380973, 3 : 0.06833191",11
1.47639119675385E+018,"3 : 0.89805436, 3 : 0.058659714, 3 : 0.0049469923",11
1.47518693657046E+018,"2 : 0.50883985, 4 : 0.056160916, 7 : 0.055301875",11
1.47035126859275E+018,"7 : 0.24728012, 3 : 0.181513, 7 : 0.10775499",11
1.46976921084219E+018,"7 : 0.6126156, 13 : 0.097502545, 14 : 0.05629941",11
1.46900547674568E+018,"7 : 0.22859849, 7 : 0.1490429, 3 : 0.05066202",11
1.46522071356387E+018,"3 : 0.3855725, 6 : 0.28054032, 3 : 0.06639249",11
1.465217498328E+018,"3 : 0.70255893, 3 : 0.047952868, 3 : 0.018732993",11
1.46474486263698E+018,"3 : 0.74713063, 3 : 0.034718104, 3 : 0.013731328",11
1.46406814931708E+018,"3 : 0.17231041, 7 : 0.12646109, 7 : 0.121817484",11
1.46402671318385E+018,"3 : 0.9025856, 3 : 0.011500895, 3 : 0.011347046",11
1.46401571182677E+018,"7 : 0.6723575, 12 : 0.076842666, 7 : 0.017239843",11
1.46394094235984E+018,"14 : 0.1482573, 7 : 0.06451886, 2 : 0.025614316",11
1.46236495338526E+018,"3 : 0.8297126, 3 : 0.03232311, 6 : 0.012700523",11
1.46109772818366E+018,"3 : 0.8683217, 3 : 0.060063053, 3 : 0.019552346",11
1.46102346144751E+018,"7 : 0.513437, 3 : 0.12622908, 3 : 0.12434599",11
1.46102290614683E+018,"2 : 0.17035103, 7 : 0.12936649, 2 : 0.11173454",11
1.45952432109654E+018,"3 : 0.15883082, 7 : 0.08978175, 7 : 0.056804694",11
1.45904280901668E+018,"3 : 0.7676891, 3 : 0.07035161, 3 : 0.032156583",11
1.45904009262604E+018,"3 : 0.31229, 7 : 0.29718775, 3 : 0.10006536",11
1.45902391616951E+018,"13 : 0.28525117, 13 : 0.27446154, 13 : 0.11308093",11
1.45680258799003E+018,"3 : 0.80028427, 3 : 0.18248689, 3 : 0.0014858748",11
1.4567983087857E+018,"13 : 0.050642125, 7 : 0.049346868, 7 : 0.039336905",11
1.45678911785699E+018,"3 : 0.80657613, 2 : 0.022078529, 10 : 0.016745327",11
1.4567843061849E+018,"3 : 0.91920584, 3 : 0.015832577, 3 : 0.011156551",11
1.45676997957476E+018,"12 : 0.49832472, 3 : 0.30707717, 3 : 0.052848198",11
1.45676327203616E+018,"12 : 0.053174734, 3 : 0.046804834, 7 : 0.04379805",11
1.45676246554639E+018,"3 : 0.3312348, 3 : 0.14799137, 3 : 0.0452104",11
1.45675772282951E+018,"7 : 0.30600652, 13 : 0.15349206, 3 : 0.099522956",11
1.45673430706111E+018,"2 : 0.18521091, 2 : 0.13894874, 12 : 0.014637096",11
1.45649072723519E+018,"3 : 0.91824704, 9 : 0.016366752, 12 : 0.006890522",11
1.45643012163998E+018,"2 : 0.5615846, 13 : 0.025227074, 14 : 0.022428973",11
1.45610197229818E+018,"2 : 0.4527678, 14 : 0.053147227, 7 : 0.016059896",11
1.45248648384413E+018,"7 : 0.25737518, 3 : 0.25627473, 13 : 0.12751608",11
1.45158671578443E+018,"12 : 0.26771212, 3 : 0.121732995, 3 : 0.073794596",11
1.4515862742082E+018,"7 : 0.23586012, 4 : 0.20971893, 3 : 0.16334096",11
1.45061679275716E+018,"3 : 0.59482646, 3 : 0.096431516, 3 : 0.07207738",11
1.44581930044761E+018,"7 : 0.9730821, 7 : 0.0012765751, 7 : 0.0011116216",11
1.44478640787167E+018,"2 : 0.94585466, 3 : 0.025545651, 13 : 0.002961374",11
1.4437226852249E+018,"3 : 0.22850618, 3 : 0.14139381, 7 : 0.092239164",11
1.44357677568997E+018,"3 : 0.49473712, 3 : 0.0923905, 3 : 0.060734212",11
1.44348216121096E+018,"3 : 0.96418047, 3 : 0.013660062, 3 : 0.0038509162",11
1.4427533364903E+018,"3 : 0.14709128, 3 : 0.13116707, 3 : 0.07032963",11
1.4412792940588E+018,"2 : 0.60302967, 11 : 0.080215156, 11 : 0.05535833",11
1.43932598937334E+018,"3 : 0.31530344, 3 : 0.18945216, 3 : 0.07991035",11
1.43930762759835E+018,"2 : 0.5021269, 3 : 0.106531546, 3 : 0.066687",11
1.43908880819201E+018,"7 : 0.96564364, 2 : 0.007459585, 8 : 0.004431389",11
1.4378074170385E+018,"3 : 0.6729393, 3 : 0.05513147, 3 : 0.03803924",11
1.43768666036723E+018,"3 : 0.41283926, 7 : 0.21339792, 2 : 0.023395138",11
1.43473433195966E+018,"7 : 0.15102771, 7 : 0.107661486, 7 : 0.10490556",11
1.43273899369443E+018,"13 : 0.12960798, 2 : 0.040455684, 13 : 0.038808063",11
1.43197885570243E+018,"2 : 0.14722562, 13 : 0.13494639, 3 : 0.08440188",11
1.42772768505195E+018,"3 : 0.37670922, 2 : 0.13133937, 7 : 0.018090451",11
1.4253384352117E+018,"3 : 0.44994697, 3 : 0.1672979, 3 : 0.057830065",11
1.42314919377781E+018,"7 : 0.28179964, 3 : 0.04814786, 7 : 0.045044918",11
1.42273284470636E+018,"2 : 0.2062528, 7 : 0.03048896, 7 : 0.029737543",11
1.42264812425346E+018,"13 : 0.46329027, 14 : 0.20216204, 7 : 0.012590628",11
1.42165483845807E+018,"3 : 0.20531231, 7 : 0.11743138, 7 : 0.08430373",11
1.42100634823338E+018,"3 : 0.82793856, 3 : 0.05869866, 3 : 0.0066689183",11
1.42046541464294E+018,"3 : 0.70220196, 7 : 0.044079065, 7 : 0.035191406",11
2.20985749779982E+018,"2 : 0.56924635, 4 : 0.040129118, 3 : 0.011861861",11
2.20806575388532E+018,"4 : 0.20360401, 13 : 0.1270548, 9 : 0.038356964",11
2.20448246551612E+018,"5 : 0.13406973, 7 : 0.059068058, 7 : 0.049180444",11
2.20248818856024E+018,"12 : 0.10775751, 4 : 0.088607594, 2 : 0.056588624",11
2.20101584275869E+018,"7 : 0.6244877, 7 : 0.12203553, 7 : 0.052796103",11
2.19954496555037E+018,"2 : 0.10892401, 2 : 0.06493774, 9 : 0.03496765",11
2.19882423320439E+018,"13 : 0.10656322, 13 : 0.071622215, 12 : 0.03917233",11
2.19870945332134E+018,"2 : 0.7686511, 9 : 0.054583475, 4 : 0.018008364",11
2.19806864817909E+018,"7 : 0.40162396, 7 : 0.3929472, 7 : 0.020070715",11
2.19740276907421E+018,"7 : 0.07979879, 7 : 0.06148952, 2 : 0.038050216",11
2.19650618595221E+018,"12 : 0.9354497, 2 : 0.009082656, 4 : 0.0037255066",11
2.19566649145888E+018,"7 : 0.6429018, 7 : 0.04565611, 7 : 0.037147492",11
2.19361412653904E+018,"7 : 0.90786487, 10 : 0.061003875, 10 : 0.015303777",11
2.19173705116298E+018,"7 : 0.33287182, 7 : 0.15764517, 12 : 0.09164409",11
2.19010005888886E+018,"2 : 0.12674251, 2 : 0.09615501, 2 : 0.08714541",11
2.18929700633846E+018,"7 : 0.35849822, 7 : 0.11447429, 12 : 0.109285794",11
2.18852980944179E+018,"7 : 0.85846573, 7 : 0.035421558, 7 : 0.011062805",11
2.18722468469379E+018,"7 : 0.21682715, 12 : 0.08740855, 12 : 0.06385419",11
2.18634117745701E+018,"7 : 0.75809807, 7 : 0.0703579, 7 : 0.013721067",11
2.18582551465737E+018,"9 : 0.35747486, 5 : 0.18895374, 4 : 0.030873561",11
2.18348284065886E+018,"12 : 0.5063905, 12 : 0.076464064, 11 : 0.033045173",11
2.18153260449953E+018,"3 : 0.38634893, 7 : 0.19041914, 7 : 0.08732768",11
2.18055860080877E+018,"7 : 0.30905655, 2 : 0.187702, 7 : 0.095558405",11
2.17975696749343E+018,"4 : 0.14905798, 7 : 0.080544144, 7 : 0.077294506",11
2.1784673762311E+018,"1 : 0.19740123, 7 : 0.10344115, 9 : 0.101444006",11
2.17762690539061E+018,"7 : 0.2408446, 7 : 0.18259825, 7 : 0.09407724",11
2.17621343932064E+018,"2 : 0.19059235, 13 : 0.16192703, 3 : 0.04202774",11
2.17557162012761E+018,"7 : 0.33149204, 7 : 0.13102214, 7 : 0.1141096",11
2.17415258705872E+018,"3 : 0.20691282, 2 : 0.12826753, 7 : 0.09048058",11
2.1725402507406E+018,"2 : 0.35276186, 7 : 0.12787841, 7 : 0.03627185",11
2.1712839624116E+018,"7 : 0.04374164, 7 : 0.042319987, 7 : 0.038884517",11
2.16899310375578E+018,"7 : 0.68573594, 7 : 0.18703084, 12 : 0.01309213",11
2.1661785308121E+018,"7 : 0.6696124, 7 : 0.14446947, 7 : 0.022684962",11
2.16527766040671E+018,"7 : 0.1563517, 10 : 0.10816731, 7 : 0.03396865",11
2.16302247174646E+018,"7 : 0.32878685, 13 : 0.10318906, 3 : 0.08234818",11
2.16226555774809E+018,"7 : 0.22075182, 7 : 0.18998054, 7 : 0.16134922",11
2.1615708330389E+018,"11 : 0.12033784, 11 : 0.072522044, 10 : 0.03716494",11
2.16041130685021E+018,"1 : 0.19418125, 9 : 0.10336318, 5 : 0.088977635",11
2.15945207204346E+018,"7 : 0.6624354, 2 : 0.10922348, 7 : 0.06138284",11
2.15839734776428E+018,"9 : 0.32266137, 1 : 0.2734404, 11 : 0.10682967",11
2.15812297910463E+018,"7 : 0.7929417, 9 : 0.10039455, 3 : 0.008245194",11
2.15730449593636E+018,"12 : 0.53254604, 7 : 0.114149794, 7 : 0.058543347",11
2.15441942842757E+018,"2 : 0.13228081, 2 : 0.06699932, 12 : 0.046136167",11
2.15112514598993E+018,"11 : 0.1495775, 4 : 0.1270539, 1 : 0.02841445",11
2.15067292937814E+018,"9 : 0.41437608, 3 : 0.1302407, 9 : 0.11147645",11
2.14918840586771E+018,"2 : 0.7833465, 2 : 0.15274653, 7 : 0.016486559",11
2.14791945986054E+018,"7 : 0.51653725, 7 : 0.08485877, 7 : 0.02527975",11
2.1472808166869E+018,"12 : 0.6201153, 2 : 0.093567796, 7 : 0.030481122",11
2.14571054068982E+018,"3 : 0.1863031, 9 : 0.07168989, 11 : 0.06343097",11
2.14422471082142E+018,"7 : 0.7299475, 7 : 0.059326943, 7 : 0.052577596",11
2.14244091303202E+018,"9 : 0.595989, 2 : 0.021534186, 4 : 0.008700722",11
2.14222856194018E+018,"3 : 0.11806166, 7 : 0.064871185, 3 : 0.042311974",11
2.14130753042135E+018,"3 : 0.79803866, 3 : 0.11702363, 3 : 0.0155412",11
2.13978393489724E+018,"2 : 0.41457862, 2 : 0.0328459, 4 : 0.020838799",11
2.13867030379087E+018,"12 : 0.3182324, 9 : 0.057190374, 4 : 0.044507425",11
2.13836790302894E+018,"1 : 0.37386522, 2 : 0.08271863, 12 : 0.035725243",11
2.13705073916024E+018,"7 : 0.29675502, 2 : 0.2006358, 7 : 0.045227516",11
2.13614065541258E+018,"2 : 0.4362271, 2 : 0.13909672, 2 : 0.07016674",11
2.13297158330875E+018,"1 : 0.5026185, 9 : 0.4203714, 11 : 0.01213406",11
2.1325793248519E+018,"14 : 0.59383535, 13 : 0.088968925, 7 : 0.072579324",11
2.13222211423215E+018,"2 : 0.08173184, 13 : 0.07724096, 13 : 0.036191132",11
2.13216079193835E+018,"4 : 0.29064158, 2 : 0.13091917, 10 : 0.045679487",11
2.13208487176669E+018,"4 : 0.3163332, 8 : 0.07089641, 14 : 0.070828825",11
2.13199082173889E+018,"3 : 0.20674278, 2 : 0.15056694, 2 : 0.062004708",11
2.13196918356557E+018,"8 : 0.89618796, 2 : 0.038489006, 2 : 0.009201168",11
2.13190541148231E+018,"10 : 0.36563402, 4 : 0.13900639, 2 : 0.050373618",11
2.13184518774442E+018,"9 : 0.20902467, 1 : 0.20494199, 11 : 0.14826521",11
2.13161834906344E+018,"6 : 0.37097833, 2 : 0.08318916, 6 : 0.051298298",11
2.13160337965122E+018,"7 : 0.30190825, 14 : 0.28623816, 9 : 0.03730331",11
2.13158734052369E+018,"7 : 0.058283947, 7 : 0.0516057, 7 : 0.049668677",11
2.13157455937201E+018,"9 : 0.42172152, 11 : 0.18650049, 4 : 0.101966865",11
2.13156835399839E+018,"7 : 0.19128507, 7 : 0.09120528, 7 : 0.086440615",11
2.13154162522563E+018,"5 : 0.11790399, 7 : 0.07184738, 12 : 0.049346887",11
2.13153215836432E+018,"7 : 0.09192826, 7 : 0.08429229, 7 : 0.078434035",11
2.13151042685169E+018,"3 : 0.13243112, 13 : 0.060811102, 8 : 0.05502556",11
2.13148977642246E+018,"1 : 0.42957845, 4 : 0.090373516, 3 : 0.0871511",11
2.13148754383638E+018,"13 : 0.06251914, 8 : 0.060782194, 12 : 0.058040995",11
2.13146020045711E+018,"4 : 0.31196463, 2 : 0.046269637, 3 : 0.029279169",11
2.13134773598346E+018,"8 : 0.2317386, 2 : 0.19166394, 1 : 0.06085734",11
2.12972165380709E+018,"2 : 0.7589235, 10 : 0.020845402, 2 : 0.015847098",11
2.12391067063108E+018,"2 : 0.49541274, 7 : 0.12204284, 7 : 0.109756045",11
2.06812059797767E+018,"8 : 0.05628565, 9 : 0.052597906, 4 : 0.047536194",11
2.05797948954945E+018,"2 : 0.99002737, 7 : 0.001247875, 7 : 0.00079494994",11
2.04948603701879E+018,"2 : 0.20575176, 2 : 0.1497512, 7 : 0.09196739",11
2.04416649333754E+018,"7 : 0.2259621, 7 : 0.09215794, 2 : 0.081761755",11
2.03911276817634E+018,"7 : 0.35832655, 7 : 0.2606696, 7 : 0.10039558",11
2.03036816157787E+018,"7 : 0.26392323, 7 : 0.14731424, 7 : 0.13340291",11
2.02242620907929E+018,"7 : 0.2450772, 7 : 0.06996126, 7 : 0.0658166",11
2.01886602062767E+018,"7 : 0.4018277, 7 : 0.2315639, 7 : 0.11442585",11
2.01033041192775E+018,"4 : 0.34989154, 7 : 0.18219244, 7 : 0.09421412",11
2.00803658679855E+018,"7 : 0.4369545, 7 : 0.14279294, 10 : 0.10629707",11
2.00291506217315E+018,"7 : 0.520134, 7 : 0.18825485, 7 : 0.07100573",11
2.00008251095792E+018,"12 : 0.43854794, 7 : 0.37129176, 2 : 0.10724535",11
1.99729151301418E+018,"7 : 0.17176776, 7 : 0.07186862, 7 : 0.06734333",11
1.99497329190049E+018,"6 : 0.044420075, 2 : 0.043221094, 2 : 0.040596616",11
1.98908660294664E+018,"3 : 0.2558157, 5 : 0.05643955, 2 : 0.051358588",11
1.9869685193061E+018,"7 : 0.9865422, 4 : 0.0036878593, 7 : 0.0003733121",11
1.98342743402992E+018,"5 : 0.46451107, 5 : 0.116649665, 5 : 0.062373318",11
1.98189883947428E+018,"3 : 0.1282879, 2 : 0.09714823, 2 : 0.05731158",11
1.97756986952643E+018,"13 : 0.99801195, 7 : 8.2827064e-05, 7 : 3.9065602e-05",11
1.97552533755311E+018,"7 : 0.31813473, 7 : 0.057346743, 4 : 0.033096317",11
1.97252294407871E+018,"7 : 0.21322341, 7 : 0.19628417, 7 : 0.06394385",11
1.96890880592199E+018,"6 : 0.29346126, 6 : 0.07641003, 3 : 0.06606276",11
1.96457902559246E+018,"7 : 0.14293973, 13 : 0.03491121, 4 : 0.03038234",11
1.96307771344075E+018,"2 : 0.101445615, 7 : 0.0990008, 2 : 0.058549087",11
1.96163628929801E+018,"7 : 0.40549767, 7 : 0.14158909, 12 : 0.11074304",11
1.9573226349097E+018,"7 : 0.092527926, 7 : 0.08899728, 8 : 0.052676596",11
1.95441001497609E+018,"2 : 0.2030288, 2 : 0.16619845, 7 : 0.06680462",11
1.95294319397033E+018,"7 : 0.10189145, 10 : 0.08634555, 7 : 0.080114834",11
1.94883476492221E+018,"7 : 0.072726265, 6 : 0.05965777, 12 : 0.050118756",11
1.9441980850871E+018,"2 : 0.79118377, 2 : 0.022113288, 6 : 0.01187516",11
1.93720094627237E+018,"3 : 0.06532903, 7 : 0.041028135, 7 : 0.027923217",11
1.93627246216344E+018,"2 : 0.104367286, 7 : 0.07904709, 12 : 0.062672414",11
1.93557366274672E+018,"13 : 0.3735114, 7 : 0.035357177, 7 : 0.034487095",11
1.93356563240015E+018,"13 : 0.77897364, 7 : 0.04669896, 7 : 0.025649415",11
1.93191096037983E+018,"6 : 0.0972523, 6 : 0.085294895, 7 : 0.057473823",11
1.9312039471569E+018,"7 : 0.5174211, 2 : 0.3192114, 3 : 0.0530732",11
1.9299520494855E+018,"2 : 0.93824977, 13 : 0.0114427535, 2 : 0.006480409",11
1.92903928047724E+018,"12 : 0.71446556, 7 : 0.11159219, 7 : 0.08200717",11
1.92777711912582E+018,"8 : 0.724297, 14 : 0.045091085, 12 : 0.023856824",11
1.92606374195724E+018,"2 : 0.53462476, 7 : 0.09601163, 2 : 0.05090012",11
1.92400040466263E+018,"7 : 0.78672385, 2 : 0.04606208, 7 : 0.045744456",11
1.9210319605394E+018,"12 : 0.28913423, 7 : 0.22566694, 4 : 0.13387166",11
1.91664927046562E+018,"7 : 0.94659066, 7 : 0.0036726533, 7 : 0.0023036595",11
1.9101939720827E+018,"1 : 0.21875161, 1 : 0.17014602, 8 : 0.11623612",11
1.88764116680884E+018,"2 : 0.80465394, 2 : 0.10476851, 7 : 0.012488208",11
1.88277646450898E+018,"7 : 0.4593384, 2 : 0.028632322, 10 : 0.028182708",11
1.87028532713518E+018,"6 : 0.84444827, 6 : 0.0120871095, 6 : 0.01098353",11
1.85095938780935E+018,"1 : 0.10082832, 1 : 0.04684583, 3 : 0.0352859",11
1.79779574775462E+018,"7 : 0.4943858, 3 : 0.04582206, 3 : 0.04378174",11
1.7867863222465E+018,"1 : 0.7902223, 9 : 0.022708753, 11 : 0.0068321805",11
1.7487978791654E+018,"9 : 0.25769177, 1 : 0.03505348, 1 : 0.024162762",11
1.68810351992325E+018,"13 : 0.64478153, 13 : 0.10253113, 13 : 0.08295942",11
2.15247699162713E+018,"9 : 0.6270621, 5 : 0.044523086, 9 : 0.017364223",11
2.13197685456376E+018,"14 : 0.6957185, 7 : 0.0323666, 6 : 0.028378654",11
2.13160403990171E+018,"7 : 0.15787779, 7 : 0.114440694, 7 : 0.10009463",11
1.93587465391884E+018,"1 : 0.7542004, 1 : 0.031089723, 11 : 0.016720735",11
2.15833022390141E+018,"2 : 0.9208067, 9 : 0.0041106665, 7 : 0.0022754685",11
2.20470576084853E+018,"7 : 0.51139575, 4 : 0.10586049, 3 : 0.06729119",11
2.13547232649027E+018,"9 : 0.31920832, 7 : 0.15608501, 2 : 0.04988313",11
2.21052786059929E+018,"9 : 0.17467953, 4 : 0.069558404, 13 : 0.051537123",11
2.21033581959182E+018,"10 : 0.30558532, 4 : 0.21129249, 10 : 0.08336113",11
2.20985745027117E+018,"11 : 0.46290138, 1 : 0.31045175, 11 : 0.07987268",11
2.20977901429431E+018,"7 : 0.053727373, 7 : 0.05287585, 9 : 0.047461946",11
2.20969703319938E+018,"7 : 0.05206501, 6 : 0.044784717, 1 : 0.041652963",11
2.20955067042878E+018,"1 : 0.26611087, 1 : 0.15680715, 11 : 0.040380336",11
2.20915939904902E+018,"1 : 0.7832735, 1 : 0.04082198, 1 : 0.016887072",11
2.20903336049986E+018,"1 : 0.49381116, 11 : 0.050860524, 1 : 0.04644732",11
2.20895749954885E+018,"2 : 0.29679218, 12 : 0.21234734, 7 : 0.080925874",11
2.20849867048261E+018,"7 : 0.14515972, 12 : 0.05599884, 11 : 0.035786215",11
2.2083007284603E+018,"2 : 0.18967327, 7 : 0.09748257, 7 : 0.09027201",11
2.20811810501684E+018,"1 : 0.6860976, 11 : 0.10327528, 1 : 0.0113477735",11
2.20768128476404E+018,"1 : 0.512916, 1 : 0.05768795, 7 : 0.049814966",11
2.2075860584436E+018,"7 : 0.11870175, 4 : 0.04767942, 7 : 0.04566111",11
2.20753827808813E+018,"9 : 0.28930286, 1 : 0.18497114, 1 : 0.085176356",11
2.20742733217249E+018,"1 : 0.49843654, 1 : 0.16860805, 9 : 0.039348207",11
2.2069016986462E+018,"1 : 0.28855616, 1 : 0.18731378, 11 : 0.09048672",11
2.2068202623772E+018,"9 : 0.7030763, 1 : 0.15713163, 11 : 0.023027835",11
2.20661233049483E+018,"3 : 0.26164624, 13 : 0.04684757, 7 : 0.034432493",11
2.20617169814775E+018,"1 : 0.28361303, 7 : 0.14584133, 1 : 0.080010384",11
2.20607709348914E+018,"9 : 0.39791712, 3 : 0.29504323, 7 : 0.045463175",11
2.20590839428718E+018,"7 : 0.2740803, 4 : 0.12691875, 7 : 0.119204",11
2.20541937367438E+018,"1 : 0.9748214, 11 : 0.003192263, 1 : 0.0011850954",11
2.20508469506731E+018,"10 : 0.99764997, 2 : 0.0010541459, 10 : 0.00071477774",11
2.20471195881132E+018,"7 : 0.08610834, 2 : 0.045300543, 11 : 0.043122467",11
2.20462248763114E+018,"1 : 0.4853699, 1 : 0.35874805, 1 : 0.012952692",11
2.20451099242625E+018,"1 : 0.2707334, 2 : 0.046138275, 2 : 0.029877078",11
2.20391614651251E+018,"2 : 0.22403775, 7 : 0.13516746, 9 : 0.02757783",11
2.20369901233397E+018,"11 : 0.84320307, 11 : 0.03493003, 1 : 0.024331374",11
2.20303164145111E+018,"1 : 0.44512507, 1 : 0.4040853, 1 : 0.044645403",11
2.2024678001807E+018,"9 : 0.4173883, 9 : 0.12396101, 9 : 0.087430075",11
2.20184214882235E+018,"1 : 0.15822957, 9 : 0.08049631, 11 : 0.061836496",11
2.2014428289792E+018,"1 : 0.26795095, 11 : 0.10488993, 9 : 0.075818315",11
2.20044239652584E+018,"1 : 0.88522285, 9 : 0.018100632, 11 : 0.015088334",11
2.20034248162778E+018,"9 : 0.22339673, 1 : 0.16820043, 1 : 0.08507448",11
2.20017781634837E+018,"1 : 0.8159432, 1 : 0.027228793, 11 : 0.008550166",11
2.19975710949553E+018,"9 : 0.1777058, 9 : 0.1312785, 13 : 0.05285733",11
2.19966119884951E+018,"1 : 0.5047784, 11 : 0.3208943, 1 : 0.0643782",11
2.19959384301636E+018,"13 : 0.32510728, 13 : 0.10081939, 6 : 0.023043556",11
2.19951152603395E+018,"7 : 0.1258278, 7 : 0.09557027, 11 : 0.040383473",11
2.19940742767023E+018,"1 : 0.4599448, 1 : 0.08674273, 1 : 0.07734636",11
2.19901293907641E+018,"7 : 0.55142, 7 : 0.041155506, 2 : 0.036287494",11
2.19890904185295E+018,"1 : 0.3085014, 1 : 0.28486013, 11 : 0.28127518",11
2.19884457046949E+018,"9 : 0.64901394, 11 : 0.0485756, 13 : 0.0116996765",11
2.19872472308823E+018,"1 : 0.6773724, 11 : 0.08366622, 2 : 0.044752393",11
2.19833812681497E+018,"1 : 0.22239539, 1 : 0.09091011, 11 : 0.04474569",11
2.19812546283741E+018,"1 : 0.3394819, 1 : 0.21797258, 9 : 0.116117746",11
2.19745594553403E+018,"1 : 0.3909202, 9 : 0.071864, 13 : 0.06436413",11
2.19681740512959E+018,"7 : 0.14780156, 9 : 0.12680794, 7 : 0.11319081",11
2.19651322137725E+018,"1 : 0.7986178, 11 : 0.08435736, 1 : 0.036718328",11
2.19607442728492E+018,"1 : 0.18839853, 11 : 0.12623961, 1 : 0.08054005",11
2.19596465833927E+018,"1 : 0.8344567, 11 : 0.05288759, 1 : 0.01132072",11
2.19568639698027E+018,"1 : 0.38576016, 11 : 0.27480125, 1 : 0.120121986",11
2.1953036326741E+018,"1 : 0.1980833, 11 : 0.19397017, 9 : 0.16603233",11
2.19505565298067E+018,"2 : 0.34719163, 11 : 0.19688335, 11 : 0.08438326",11
2.19465779485142E+018,"13 : 0.12848675, 13 : 0.06394247, 11 : 0.05782839",11
2.19458859214689E+018,"9 : 0.9495766, 7 : 0.013666399, 7 : 0.0015473061",11
2.19451832443508E+018,"1 : 0.37143674, 11 : 0.23042224, 1 : 0.11266204",11
2.19448812268582E+018,"7 : 0.13735378, 2 : 0.12406543, 1 : 0.06404254",11
2.19441510565038E+018,"1 : 0.30689007, 13 : 0.062798955, 11 : 0.03861058",11
2.19429473020933E+018,"7 : 0.99677557, 4 : 0.00077223283, 3 : 7.844236e-05",11
2.19391458782114E+018,"2 : 0.19427013, 2 : 0.08186804, 12 : 0.06703064",11
2.1938065568276E+018,"9 : 0.24363992, 1 : 0.19716106, 1 : 0.19005945",11
2.19375777619966E+018,"11 : 0.20935467, 1 : 0.16294183, 1 : 0.087007575",11
2.19359209661188E+018,"7 : 0.72020364, 7 : 0.20158593, 7 : 0.019652614",11
2.19311879837108E+018,"1 : 0.38887617, 1 : 0.164983, 4 : 0.076189354",11
2.1923758013589E+018,"9 : 0.23835514, 11 : 0.09797046, 1 : 0.027515408",11
2.1921870705554E+018,"2 : 0.589639, 2 : 0.27126148, 10 : 0.087461576",11
2.19165888289238E+018,"1 : 0.59831744, 1 : 0.2581401, 11 : 0.060008746",11
2.19142688488857E+018,"9 : 0.9946221, 7 : 0.00035118609, 13 : 0.00032728116",11
2.19091115763941E+018,"13 : 0.49438152, 13 : 0.07432091, 2 : 0.06822699",11
2.19048458930646E+018,"1 : 0.7735733, 1 : 0.011985359, 12 : 0.0030250591",11
2.19020538129321E+018,"7 : 0.7731448, 7 : 0.037252128, 7 : 0.015905384",11
2.18996829275728E+018,"1 : 0.4151424, 11 : 0.13394827, 4 : 0.09178529",11
2.18952157754551E+018,"2 : 0.6116048, 2 : 0.37545544, 7 : 0.002572558",11
2.18943469282972E+018,"7 : 0.5883995, 1 : 0.19369043, 1 : 0.16420496",11
2.18921988518269E+018,"1 : 0.3900747, 1 : 0.084148765, 3 : 0.030842707",11
2.18874664226674E+018,"11 : 0.53673255, 11 : 0.32113004, 11 : 0.035492282",11
2.21023024995068E+018,"13 : 0.9547684, 13 : 0.0024960039, 13 : 0.0019425119",11
2.19715010957005E+018,"13 : 0.9884602, 13 : 0.003348053, 13 : 0.0022032603",11
2.18864957705432E+018,"9 : 0.32914123, 3 : 0.26973045, 1 : 0.05689852",11
2.18517015080696E+018,"7 : 0.34163108, 2 : 0.2864967, 7 : 0.03599174",11
2.16820897676893E+018,"1 : 0.42093542, 13 : 0.15530072, 12 : 0.04958474",11
2.16128357437721E+018,"13 : 0.88711524, 13 : 0.010745894, 2 : 0.010620761",11
2.08556759995072E+018,"2 : 0.38785496, 1 : 0.11486344, 11 : 0.110416174",11
2.08346130255619E+018,"13 : 0.995398, 13 : 0.004123845, 13 : 7.5140015e-05",11
2.18812718963621E+018,"11 : 0.42540365, 11 : 0.1791199, 1 : 0.061849896",11
2.01127354167333E+018,"13 : 0.98568165, 13 : 0.013433603, 13 : 0.00022726167",11
2.18790124873746E+018,"2 : 0.51465917, 7 : 0.09937813, 13 : 0.045476418",11
2.13922161131956E+018,"7 : 0.21911822, 1 : 0.13698535, 1 : 0.096520804",11
2.1986047097476E+018,"1 : 0.30046207, 2 : 0.23758897, 11 : 0.23717196",11
2.18444014514627E+018,"9 : 0.4242589, 1 : 0.246011, 11 : 0.0772252",11
2.20473998765273E+018,"7 : 0.8928952, 1 : 0.012492266, 7 : 0.0074866046",11
2.18723938252311E+018,"1 : 0.45898715, 1 : 0.31873712, 4 : 0.088793114",11
1.97258383383841E+018,"2 : 0.064301856, 13 : 0.061938975, 10 : 0.05580146",11
2.20065819301165E+018,"11 : 0.56010646, 11 : 0.14004752, 2 : 0.03453687",11
1.83263494149241E+018,"1 : 0.8920721, 2 : 0.032551706, 11 : 0.016027464",11
1.98730353075468E+018,"7 : 0.5042497, 10 : 0.15087546, 7 : 0.026517803",11
2.18651137720312E+018,"1 : 0.15305209, 14 : 0.102361664, 11 : 0.053287573",11
2.1996141922527E+018,"7 : 0.08976781, 11 : 0.08514663, 1 : 0.079839624",11
2.15742190611493E+018,"3 : 0.21329725, 3 : 0.05811985, 3 : 0.04754308",11
2.16523417251253E+018,"7 : 0.10653629, 3 : 0.09589304, 3 : 0.06548627",11
2.02976217863601E+018,"1 : 0.37153772, 9 : 0.16844615, 11 : 0.11289495",11
2.17569401368485E+018,"1 : 0.46576145, 2 : 0.34617764, 11 : 0.051103983",11
2.18577680153031E+018,"1 : 0.8696031, 11 : 0.03554125, 1 : 0.02330921",11
2.05173034979854E+018,"3 : 0.20972757, 3 : 0.15269855, 3 : 0.10681019",11
2.1851508556078E+018,"2 : 0.53735334, 7 : 0.03524933, 13 : 0.021690745",11
2.18424324633187E+018,"1 : 0.6138852, 11 : 0.053849943, 1 : 0.023906548",11
2.18360072667926E+018,"1 : 0.73911405, 4 : 0.088400744, 1 : 0.040906094",11
2.1826895474235E+018,"7 : 0.3359385, 3 : 0.061839953, 3 : 0.047111176",11
2.18118915088829E+018,"7 : 0.28662565, 11 : 0.107501276, 7 : 0.07565777",11
2.18011458187214E+018,"3 : 0.8153045, 7 : 0.036971234, 7 : 0.022874527",11
2.17942102646636E+018,"7 : 0.4426893, 6 : 0.1862602, 7 : 0.060649678",11
2.17927260458504E+018,"6 : 0.058626745, 7 : 0.053023778, 7 : 0.037185464",11
2.17900815758475E+018,"7 : 0.06354375, 7 : 0.032618918, 7 : 0.03231186",11
2.1785437403968E+018,"3 : 0.21060902, 3 : 0.13089208, 13 : 0.027222425",11
2.17798449855485E+018,"9 : 0.4738667, 13 : 0.24199234, 4 : 0.08333641",11
2.17718297247721E+018,"11 : 0.7402254, 11 : 0.14299719, 1 : 0.023673367",11
2.17641923595023E+018,"11 : 0.24655683, 11 : 0.23400079, 11 : 0.17772064",11
2.17571251507875E+018,"1 : 0.6000532, 11 : 0.16740292, 11 : 0.10090481",11
2.17508301396948E+018,"9 : 0.22567593, 9 : 0.06370835, 1 : 0.052967127",11
2.17469189494535E+018,"3 : 0.068252854, 2 : 0.05079397, 7 : 0.043959185",11
2.174263201844E+018,"3 : 0.13843954, 3 : 0.12999183, 8 : 0.1097458",11
2.17418185947548E+018,"3 : 0.625307, 7 : 0.24031685, 3 : 0.005303772",11
2.17408494740406E+018,"1 : 0.75109947, 1 : 0.016166778, 8 : 0.015715802",11
2.17398023454237E+018,"3 : 0.93640864, 12 : 0.035619173, 3 : 0.0088869305",11
2.17359328574759E+018,"3 : 0.31502387, 3 : 0.075242914, 2 : 0.051005524",11
2.17348252513453E+018,"7 : 0.5266108, 7 : 0.07222598, 9 : 0.032147247",11
2.1732998707529E+018,"1 : 0.8755828, 11 : 0.07018173, 1 : 0.0075992513",11
2.1727499929688E+018,"8 : 0.10581225, 8 : 0.037120823, 13 : 0.03639649",11
2.17052543915934E+018,"7 : 0.41611314, 9 : 0.13285476, 7 : 0.017238438",11
2.1692273174058E+018,"3 : 0.49810457, 7 : 0.08172884, 6 : 0.03541175",11
2.16911048266808E+018,"11 : 0.31154382, 2 : 0.27326035, 1 : 0.18717103",11
2.16894202034576E+018,"11 : 0.45406827, 1 : 0.08952662, 11 : 0.08323192",11
2.16847583059503E+018,"12 : 0.87072414, 2 : 0.01974366, 12 : 0.011083785",11
2.16832880743863E+018,"1 : 0.96453965, 1 : 0.017215485, 11 : 0.006782424",11
2.16795330792717E+018,"7 : 0.45361805, 4 : 0.05437836, 2 : 0.02826974",11
2.16761512740333E+018,"1 : 0.83009607, 1 : 0.02918777, 4 : 0.016784327",11
2.16715224457585E+018,"9 : 0.33675885, 9 : 0.08215531, 1 : 0.076610915",11
2.16670842208352E+018,"11 : 0.5106648, 1 : 0.14217712, 11 : 0.09220844",11
2.16616592207859E+018,"1 : 0.66525316, 1 : 0.012676528, 11 : 0.008010442",11
2.16550668581945E+018,"1 : 0.38197425, 11 : 0.24661663, 1 : 0.16067405",11
2.1648032033638E+018,"7 : 0.343309, 11 : 0.21197693, 7 : 0.057257302",11
2.1641738337125E+018,"11 : 0.7852635, 11 : 0.13448721, 11 : 0.008123382",11
2.16401190812681E+018,"2 : 0.75644517, 1 : 0.036037523, 4 : 0.02372281",11
2.16382059469572E+018,"13 : 0.24620725, 3 : 0.20688033, 11 : 0.04702023",11
2.16326198750992E+018,"11 : 0.8290957, 11 : 0.06621045, 1 : 0.01689912",11
2.16301403683326E+018,"1 : 0.5381772, 11 : 0.22917683, 1 : 0.043668516",11
2.16247973699613E+018,"5 : 0.34808356, 9 : 0.08980297, 9 : 0.07184604",11
2.16186561356362E+018,"9 : 0.28313434, 11 : 0.2464918, 1 : 0.24045943",11
2.16116951660313E+018,"7 : 0.3048793, 7 : 0.23532066, 7 : 0.06604998",11
2.16044138511167E+018,"1 : 0.9677362, 9 : 0.0034455268, 1 : 0.0018881307",11
2.15975150266788E+018,"1 : 0.39399984, 1 : 0.26177594, 11 : 0.13319471",11
2.15900688116792E+018,"1 : 0.8980502, 1 : 0.01002307, 11 : 0.00752515",11
2.15829704608285E+018,"1 : 0.75941896, 1 : 0.12178702, 11 : 0.017176164",11
2.1576670901197E+018,"7 : 0.88358116, 7 : 0.03867365, 7 : 0.012382703",11
2.1569051890102E+018,"9 : 0.8047868, 7 : 0.01607058, 4 : 0.012595822",11
2.15667377315219E+018,"1 : 0.906834, 11 : 0.006120855, 1 : 0.0058221365",11
2.15552341426896E+018,"9 : 0.7608053, 9 : 0.11181392, 9 : 0.034188326",11
2.15474511822833E+018,"1 : 0.75185776, 11 : 0.05274517, 11 : 0.02339592",11
2.1543903417012E+018,"2 : 0.7886949, 2 : 0.1964172, 8 : 0.0010381024",11
2.15396991330698E+018,"2 : 0.4520291, 2 : 0.21720946, 7 : 0.06233104",11
2.15385737056754E+018,"3 : 0.87341213, 3 : 0.020442719, 3 : 0.013101762",11
2.09059043500031E+018,"1 : 0.88766265, 12 : 0.011190782, 9 : 0.010266674",11
2.1536594186455E+018,"1 : 0.42340067, 1 : 0.1384799, 11 : 0.103363544",11
2.15316170131969E+018,"9 : 0.9999354, 7 : 9.0676485e-06, 12 : 3.0556057e-06",11
2.15292227006936E+018,"1 : 0.71119285, 11 : 0.106591366, 1 : 0.026618784",11
2.15229962157405E+018,"7 : 0.27822572, 7 : 0.18977028, 7 : 0.15659752",11
2.1511396167395E+018,"4 : 0.5930178, 1 : 0.21724494, 9 : 0.06886219",11
2.15009411732833E+018,"1 : 0.9570977, 11 : 0.0018655898, 1 : 0.0015645728",11
2.1493692683917E+018,"4 : 0.7671397, 12 : 0.13764776, 5 : 0.0075359833",11
2.14880484210216E+018,"10 : 0.46846202, 7 : 0.24686497, 7 : 0.11330674",11
2.14859471357043E+018,"8 : 0.11848933, 9 : 0.09185734, 1 : 0.08272661",11
2.14812541412045E+018,"3 : 0.36419544, 7 : 0.0394655, 7 : 0.022373157",11
2.14798318946399E+018,"11 : 0.47031736, 11 : 0.14266531, 9 : 0.07144679",11
2.14720749449847E+018,"6 : 0.25521702, 1 : 0.117299326, 7 : 0.09110976",11
2.14661165574073E+018,"7 : 0.1752269, 7 : 0.11843308, 7 : 0.09516764",11
2.1457802802716E+018,"2 : 0.2252995, 2 : 0.098395, 1 : 0.06918986",11
2.14471245847983E+018,"13 : 0.30994913, 7 : 0.095436186, 13 : 0.058886986",11
2.14406722884766E+018,"13 : 0.36934748, 3 : 0.10625198, 13 : 0.03326019",11
2.14369145439974E+018,"1 : 0.8888889, 1 : 0.023574391, 1 : 0.007777557",11
2.14310150922799E+018,"1 : 0.9496625, 11 : 0.009318673, 1 : 0.003733722",11
2.14281940029051E+018,"9 : 0.64121306, 1 : 0.1228243, 5 : 0.050614487",11
2.14216963227073E+018,"13 : 0.24573542, 13 : 0.17154476, 2 : 0.063542366",11
2.14096061025963E+018,"9 : 0.16850089, 1 : 0.08305552, 1 : 0.07456804",11
2.14066118606779E+018,"1 : 0.73402256, 8 : 0.06790092, 11 : 0.011990899",11
2.13953173106197E+018,"13 : 0.12230093, 7 : 0.055738963, 14 : 0.050113093",11
2.13870747331709E+018,"7 : 0.987568, 10 : 0.0022307609, 7 : 0.0010641944",11
2.18155912677001E+018,"11 : 0.46377468, 11 : 0.22265716, 2 : 0.09911803",11
2.17587701864255E+018,"11 : 0.28882095, 1 : 0.26664728, 1 : 0.09220169",11
2.17220831440966E+018,"1 : 0.5183981, 1 : 0.07153191, 1 : 0.05607618",11
2.16853050695321E+018,"11 : 0.50906605, 11 : 0.19126332, 11 : 0.039300825",11
2.1641363906977E+018,"1 : 0.23904589, 11 : 0.19815928, 1 : 0.1783579",11
2.16405649979453E+018,"11 : 0.36571276, 13 : 0.17880647, 1 : 0.07834425",11
2.1633358291209E+018,"11 : 0.8982342, 1 : 0.013987173, 2 : 0.013891771",11
2.16024923038904E+018,"13 : 0.1816257, 1 : 0.15489408, 13 : 0.03933434",11
2.15674073420895E+018,"11 : 0.26153946, 2 : 0.19870885, 11 : 0.17585398",11
2.14844848858155E+018,"1 : 0.33477443, 11 : 0.14929728, 2 : 0.1256693",11
2.12859953344618E+018,"1 : 0.60171807, 11 : 0.13356996, 1 : 0.042812064",11
2.12141801619729E+018,"11 : 0.7269492, 2 : 0.034519814, 11 : 0.024788622",11
2.11309496735156E+018,"11 : 0.39308217, 1 : 0.31711745, 11 : 0.08884763",11
2.11176442045593E+018,"11 : 0.67334396, 11 : 0.04251318, 1 : 0.039917313",11
2.09214859000572E+018,"11 : 0.44505662, 1 : 0.37228242, 1 : 0.021204315",11
2.08190571083433E+018,"11 : 0.40099123, 1 : 0.14546192, 11 : 0.1220107",11
2.07118875312222E+018,"13 : 0.9076312, 11 : 0.006039488, 11 : 0.004743741",11
2.06034938761753E+018,"1 : 0.63641775, 11 : 0.15934512, 1 : 0.06273788",11
2.05105280474056E+018,"11 : 0.9243833, 11 : 0.03117099, 2 : 0.017547341",11
2.05004764897239E+018,"1 : 0.37576556, 11 : 0.08216771, 1 : 0.06711557",11
2.0499131149505E+018,"7 : 0.5362642, 7 : 0.111102, 7 : 0.024695843",11
2.04792496953937E+018,"2 : 0.27925962, 11 : 0.24881096, 11 : 0.16524202",11
2.04010901172625E+018,"7 : 0.076795906, 12 : 0.07561337, 12 : 0.040698573",11
2.03356109487561E+018,"13 : 0.8091224, 1 : 0.019343901, 13 : 0.01191174",11
2.03186864223231E+018,"9 : 0.84157693, 13 : 0.047324482, 4 : 0.010453845",11
2.03085821877133E+018,"11 : 0.5809894, 11 : 0.19196948, 2 : 0.08474846",11
2.0307023308121E+018,"11 : 0.6390507, 1 : 0.15683785, 1 : 0.04987014",11
2.02908366672377E+018,"2 : 0.9814455, 1 : 0.0047886577, 1 : 0.0035806727",11
2.01193813030725E+018,"11 : 0.8064196, 2 : 0.07942955, 11 : 0.039761066",11
2.01091999795858E+018,"1 : 0.26236787, 11 : 0.16518795, 1 : 0.060997732",11
2.00125662117443E+018,"1 : 0.23886478, 2 : 0.18643862, 11 : 0.0803977",11
1.99639072142834E+018,"1 : 0.7460702, 11 : 0.05813147, 1 : 0.018202154",11
1.94962945009446E+018,"1 : 0.5318121, 1 : 0.066773966, 11 : 0.059645075",11
1.94235459487861E+018,"11 : 0.6104456, 11 : 0.06554458, 2 : 0.06004914",11
1.93729961757487E+018,"1 : 0.50303626, 2 : 0.12654866, 11 : 0.07115633",11
1.92755075083404E+018,"11 : 0.65736353, 2 : 0.11256497, 11 : 0.09956814",11
1.9173646597387E+018,"2 : 0.96542734, 10 : 0.00705271, 9 : 0.0019083903",11
1.88505270960699E+018,"1 : 0.6776336, 1 : 0.022105938, 1 : 0.021810185",11
1.86442925767434E+018,"11 : 0.6541636, 11 : 0.11049812, 11 : 0.02828807",11
1.83431382483051E+018,"13 : 0.17740358, 13 : 0.10664689, 12 : 0.069694914",11
1.82680853862783E+018,"11 : 0.74898726, 1 : 0.052089944, 1 : 0.038172875",11
1.80609032947479E+018,"2 : 0.3787896, 1 : 0.17100713, 11 : 0.062001456",11
1.80609001240213E+018,"14 : 0.09251246, 4 : 0.08959696, 2 : 0.08785172",11
1.79888508254775E+018,"11 : 0.44949082, 1 : 0.12725848, 11 : 0.08677707",11
1.78510263206758E+018,"1 : 0.77940977, 5 : 0.09698454, 5 : 0.009810006",11
1.78510223694755E+018,"11 : 0.6161925, 9 : 0.19689204, 1 : 0.02856534",11
1.78415627314531E+018,"1 : 0.58284384, 11 : 0.118835464, 1 : 0.10308345",11
1.77527129798899E+018,"11 : 0.086451754, 11 : 0.08172078, 1 : 0.027185014",11
1.77356155061183E+018,"11 : 0.595772, 1 : 0.17757748, 2 : 0.062372155",11
1.7604368211809E+018,"11 : 0.5103774, 11 : 0.24572887, 11 : 0.09333672",11
1.74355328631086E+018,"11 : 0.57290196, 11 : 0.3503282, 2 : 0.013200831",11
1.73724038310624E+018,"11 : 0.49981952, 11 : 0.17509101, 2 : 0.066803366",11
1.71778805582781E+018,"9 : 0.29103, 7 : 0.15223756, 7 : 0.120349355",11
1.71599828072878E+018,"11 : 0.59845155, 11 : 0.07165383, 12 : 0.045363165",11
1.71099342214686E+018,"11 : 0.42598382, 1 : 0.17173919, 11 : 0.07527592",11
1.68352721675041E+018,"11 : 0.8696837, 2 : 0.023201264, 7 : 0.009984822",11
1.65674818472181E+018,"11 : 0.5395123, 1 : 0.23521762, 1 : 0.063416824",11
1.63873463709227E+018,"11 : 0.20937212, 13 : 0.096439295, 1 : 0.07694631",11
1.63872038822787E+018,"13 : 0.8767786, 11 : 0.007641654, 2 : 0.004651254",11
1.63331722894157E+018,"5 : 0.19331492, 5 : 0.12995562, 4 : 0.05406275",11
1.62635025400911E+018,"1 : 0.28336042, 11 : 0.17620873, 11 : 0.12345076",11
1.61548338354929E+018,"11 : 0.4271803, 11 : 0.15066639, 11 : 0.14490625",11
1.59651543062045E+018,"11 : 0.24129264, 12 : 0.12875502, 1 : 0.10208422",11
1.54381784113085E+018,"11 : 0.5981312, 1 : 0.18406904, 2 : 0.06023991",11
1.51239247605967E+018,"11 : 0.4193824, 2 : 0.2662371, 11 : 0.124187395",11
1.50887894835915E+018,"11 : 0.39241868, 1 : 0.19783303, 1 : 0.044372965",11
1.49150429685631E+018,"11 : 0.65799654, 11 : 0.09971788, 1 : 0.06952215",11
1.47848567798977E+018,"11 : 0.7284065, 11 : 0.10921607, 2 : 0.043842085",11
1.50390653518391E+018,"5 : 0.5863106, 5 : 0.10650387, 10 : 0.021598546",11
1.50603650095253E+018,"13 : 0.99318403, 13 : 0.0020188615, 6 : 0.00048324818",11
1.50358581922971E+018,"5 : 0.46440923, 5 : 0.11782374, 5 : 0.02392525",11
1.55364509745082E+018,"5 : 0.19587402, 13 : 0.042418923, 7 : 0.024808707",11
1.50649234996532E+018,"5 : 0.20472227, 9 : 0.16428411, 1 : 0.095690824",11
1.4945006965511E+018,"1 : 0.40304488, 2 : 0.11959508, 5 : 0.06644532",11
1.88412064389815E+018,"11 : 0.56330806, 11 : 0.1587786, 11 : 0.048545744",11
2.14239260749464E+018,"11 : 0.7123509, 11 : 0.25555226, 11 : 0.0027147715",11
1.49999304119526E+018,"1 : 0.9348757, 9 : 0.00095281913, 7 : 0.0006870957",11
2.09303516740374E+018,"13 : 0.18736501, 13 : 0.17099954, 2 : 0.039264478",11
2.13214421984126E+018,"1 : 0.623122, 1 : 0.13845186, 11 : 0.030520272",11
1.50711695617167E+018,"1 : 0.78499544, 5 : 0.044836767, 8 : 0.018113472",11
1.50218278689509E+018,"9 : 0.1531067, 8 : 0.101595856, 12 : 0.077492274",11
1.58833050913682E+018,"9 : 0.36015013, 5 : 0.12318137, 9 : 0.08441884",11
1.47548337772014E+018,"9 : 0.4068155, 2 : 0.060379244, 5 : 0.056269526",11
1.42537952159956E+018,"3 : 0.20323987, 3 : 0.08848056, 3 : 0.087464705",11
1.58113282934113E+018,"7 : 0.5526535, 3 : 0.052693214, 7 : 0.028430846",12
1.57836227747062E+018,"3 : 0.60283315, 3 : 0.10648764, 3 : 0.040960237",12
1.56945133186509E+018,"3 : 0.39986393, 3 : 0.14077036, 7 : 0.06398576",12
1.56784780611032E+018,"3 : 0.42566738, 3 : 0.24286547, 10 : 0.06517274",12
1.56109405698403E+018,"3 : 0.41582084, 3 : 0.108253695, 3 : 0.051856104",12
1.56087108597278E+018,"2 : 0.2491452, 2 : 0.11821159, 7 : 0.040414464",12
1.55941288897563E+018,"3 : 0.3414653, 3 : 0.18477519, 3 : 0.054803234",12
1.55519954918518E+018,"3 : 0.13727029, 3 : 0.091494374, 3 : 0.062147792",12
1.55468998758829E+018,"2 : 0.20031172, 7 : 0.1571614, 3 : 0.12789738",12
1.54941965495435E+018,"3 : 0.0699302, 7 : 0.0657496, 2 : 0.048965022",12
1.54737708499193E+018,"3 : 0.82287955, 3 : 0.026659416, 7 : 0.02250063",12
1.54630947639841E+018,"3 : 0.11089032, 3 : 0.0636242, 6 : 0.060171552",12
1.5390879079257E+018,"2 : 0.6814698, 2 : 0.25236422, 6 : 0.019409759",12
1.53641652055334E+018,"3 : 0.2559495, 3 : 0.13137485, 3 : 0.09095723",12
1.53539806868147E+018,"7 : 0.14663036, 13 : 0.120372266, 12 : 0.07267388",12
1.53493669572676E+018,"2 : 0.8353621, 2 : 0.14068425, 3 : 0.0027267798",12
1.53124121403665E+018,"2 : 0.6647718, 2 : 0.3327898, 3 : 0.0007282022",12
1.52754647903884E+018,"2 : 0.66267025, 4 : 0.1308522, 2 : 0.016789332",12
1.52315051045423E+018,"2 : 0.2230704, 11 : 0.21787035, 9 : 0.04504586",12
1.51984849130255E+018,"3 : 0.96958375, 3 : 0.0011644029, 3 : 0.00050030294",12
1.51876864128087E+018,"3 : 0.49196568, 3 : 0.10628339, 7 : 0.09104534",12
1.51592693659202E+018,"6 : 0.4580954, 6 : 0.1427689, 6 : 0.12337004",12
1.51466270065528E+018,"7 : 0.6183867, 3 : 0.14730631, 3 : 0.04839458",12
1.5130805529566E+018,"3 : 0.33726725, 3 : 0.14968927, 3 : 0.13770907",12
1.512567270366E+018,"3 : 0.27835846, 3 : 0.13689671, 3 : 0.03949533",12
1.51174744020595E+018,"3 : 0.55685544, 3 : 0.10471449, 3 : 0.045241706",12
1.51007293936109E+018,"3 : 0.48846883, 3 : 0.25894198, 3 : 0.010687673",12
1.50945251644462E+018,"3 : 0.8808603, 3 : 0.009703265, 3 : 0.0034764702",12
1.50815958700579E+018,"3 : 0.5130118, 3 : 0.21845606, 3 : 0.10784404",12
1.50727990398456E+018,"3 : 0.6464253, 3 : 0.03547859, 3 : 0.022417363",12
1.50511579963428E+018,"3 : 0.8431143, 7 : 0.03115322, 3 : 0.009975236",12
1.50442373242825E+018,"3 : 0.4540731, 3 : 0.03579013, 3 : 0.031716436",12
1.50307163587846E+018,"8 : 0.15758745, 3 : 0.08075844, 2 : 0.07185347",12
1.50285298239894E+018,"7 : 0.19640884, 4 : 0.12724483, 3 : 0.080706015",12
1.49939138354563E+018,"3 : 0.2619885, 3 : 0.23831005, 3 : 0.19251098",12
1.49890811416086E+018,"3 : 0.84398717, 3 : 0.00228666, 3 : 0.0019604245",12
1.49890662510754E+018,"3 : 0.45380017, 3 : 0.1322914, 3 : 0.045399606",12
1.49775230456388E+018,"3 : 0.40255064, 3 : 0.12796022, 3 : 0.063771896",12
1.49445509721897E+018,"3 : 0.31952426, 3 : 0.084962994, 3 : 0.0672888",12
1.49277326523477E+018,"3 : 0.7661158, 3 : 0.06470646, 3 : 0.026043352",12
1.49134913684963E+018,"3 : 0.9689567, 2 : 0.012534735, 3 : 0.009426521",12
1.49080675921911E+018,"3 : 0.25216758, 3 : 0.24096525, 3 : 0.18403094",12
1.48831786262321E+018,"3 : 0.3096064, 3 : 0.16824943, 3 : 0.120945655",12
1.48544687473039E+018,"3 : 0.1891536, 12 : 0.18027203, 3 : 0.119940616",12
1.48492814108748E+018,"7 : 0.26533616, 8 : 0.100300156, 7 : 0.09035791",12
1.48429623442797E+018,"2 : 0.896142, 2 : 0.0067856205, 4 : 0.0023280657",12
1.48210383645274E+018,"3 : 0.14875185, 7 : 0.07136937, 12 : 0.043234363",12
1.48198816871357E+018,"3 : 0.89301026, 3 : 0.026064664, 3 : 0.013431611",12
1.4791285142679E+018,"8 : 0.21801643, 8 : 0.15235393, 7 : 0.04223347",12
1.47334238552124E+018,"3 : 0.14315963, 3 : 0.1320939, 3 : 0.07237306",12
1.47158914277666E+018,"3 : 0.4498798, 6 : 0.108251795, 3 : 0.0433546",12
1.46751303509486E+018,"2 : 0.24073988, 2 : 0.14786276, 3 : 0.123296246",12
1.46750969689036E+018,"2 : 0.57046723, 2 : 0.41812328, 8 : 0.00036619566",12
1.46685620981349E+018,"3 : 0.71815836, 3 : 0.09090063, 7 : 0.05978974",12
1.46539845678414E+018,"3 : 0.10244981, 3 : 0.08761484, 3 : 0.042948272",12
1.46391996128604E+018,"2 : 0.6027586, 2 : 0.0877083, 2 : 0.061822828",12
1.46335088722087E+018,"3 : 0.12863632, 3 : 0.12566352, 3 : 0.042513024",12
1.46306690358069E+018,"2 : 0.54389036, 2 : 0.21658927, 3 : 0.13223067",12
1.46119381735642E+018,"3 : 0.9327752, 3 : 0.04537959, 3 : 0.0009832353",12
1.46119324603336E+018,"3 : 0.66376626, 3 : 0.1804129, 3 : 0.021427045",12
1.45721897976766E+018,"3 : 0.83322436, 3 : 0.068141334, 2 : 0.01341615",12
1.45592445383419E+018,"7 : 0.27346095, 3 : 0.14183795, 3 : 0.0611682",12
1.44795485929385E+018,"3 : 0.89972174, 3 : 0.027406551, 3 : 0.009027372",12
1.44716234702095E+018,"3 : 0.27612633, 3 : 0.088871375, 3 : 0.08198689",12
1.44581981018855E+018,"3 : 0.36478063, 3 : 0.0639186, 3 : 0.04165854",12
1.44499087278602E+018,"3 : 0.95592916, 3 : 0.0016932286, 3 : 0.0013664542",12
1.4435836250558E+018,"3 : 0.44617304, 3 : 0.12120932, 3 : 0.07795883",12
1.44351036768715E+018,"3 : 0.3475642, 7 : 0.15962768, 3 : 0.116826326",12
1.44347125143978E+018,"3 : 0.24920443, 3 : 0.15788464, 3 : 0.14832878",12
1.43997610661036E+018,"3 : 0.3435556, 3 : 0.13942188, 7 : 0.10976011",12
1.43581910628026E+018,"3 : 0.16727898, 3 : 0.07734864, 3 : 0.045731764",12
1.4348789618631E+018,"1 : 0.58911103, 11 : 0.16015752, 9 : 0.08894505",12
1.43269657719371E+018,"10 : 0.46231705, 7 : 0.13438843, 13 : 0.052471887",12
1.42774375871602E+018,"3 : 0.39895225, 3 : 0.14833473, 6 : 0.056263212",12
1.42556342348394E+018,"7 : 0.26779312, 10 : 0.20495768, 7 : 0.09070234",12
1.4233143616869E+018,"3 : 0.2548323, 3 : 0.15295815, 3 : 0.083908364",12
1.42328036869753E+018,"3 : 0.5319011, 3 : 0.12665668, 3 : 0.12422178",12
1.42309469661586E+018,"7 : 0.57492447, 3 : 0.09868697, 3 : 0.0847714",12
1.42271513023131E+018,"3 : 0.12984884, 7 : 0.12572977, 3 : 0.1129053",12
1.42271379749944E+018,"7 : 0.49696806, 3 : 0.33597276, 3 : 0.014257974",12
1.42270664695784E+018,"7 : 0.21513735, 7 : 0.079470664, 3 : 0.064736955",12
1.42196134317876E+018,"7 : 0.18451743, 3 : 0.04301392, 7 : 0.036739845",12
1.42196021123672E+018,"3 : 0.3207211, 3 : 0.23435104, 3 : 0.23113059",12
2.20609929488129E+018,"3 : 0.12038647, 7 : 0.08590625, 7 : 0.026153132",12
2.20301865108761E+018,"2 : 0.5063074, 7 : 0.35588744, 7 : 0.018482056",12
2.19940715184425E+018,"2 : 0.5685735, 2 : 0.08904976, 7 : 0.036308866",12
2.19357788493374E+018,"7 : 0.13508832, 7 : 0.05028049, 3 : 0.045033604",12
2.1892295890002E+018,"12 : 0.5143053, 2 : 0.057068404, 2 : 0.04325005",12
2.18776243074712E+018,"3 : 0.3143709, 7 : 0.13559406, 7 : 0.08512",12
2.18698826628101E+018,"2 : 0.977775, 2 : 0.014525713, 2 : 0.0021589773",12
2.18638423301105E+018,"2 : 0.26176497, 3 : 0.24690379, 7 : 0.1972417",12
2.18490183911634E+018,"3 : 0.13174264, 7 : 0.09998719, 7 : 0.04029468",12
2.18282696080004E+018,"3 : 0.39560777, 3 : 0.14857648, 3 : 0.053876046",12
2.182101439783E+018,"4 : 0.5431689, 8 : 0.07641945, 2 : 0.04514511",12
2.18125519070607E+018,"4 : 0.5464103, 2 : 0.36737856, 7 : 0.00606233",12
2.18125502612985E+018,"7 : 0.28678015, 2 : 0.15242091, 7 : 0.11216627",12
2.18125487370062E+018,"2 : 0.88278407, 4 : 0.00799611, 3 : 0.0063204756",12
2.18125470175929E+018,"7 : 0.74641424, 3 : 0.04976261, 7 : 0.016294738",12
2.18125451601013E+018,"7 : 0.6047407, 2 : 0.10677657, 2 : 0.034018576",12
2.18125435595564E+018,"3 : 0.29573628, 3 : 0.19513942, 3 : 0.057537477",12
2.1812541947266E+018,"2 : 0.4690411, 7 : 0.17482056, 2 : 0.034614373",12
2.18125399709103E+018,"2 : 0.6969195, 7 : 0.08204618, 7 : 0.022030285",12
2.18125383432689E+018,"2 : 0.35546026, 2 : 0.17816474, 3 : 0.06934557",12
2.18125363612069E+018,"3 : 0.5325167, 3 : 0.08723621, 7 : 0.052968767",12
2.18125347027802E+018,"7 : 0.3982921, 7 : 0.048763223, 4 : 0.04484732",12
2.18125326789451E+018,"7 : 0.22765367, 7 : 0.1656488, 4 : 0.08263175",12
2.18125292634387E+018,"7 : 0.51183784, 7 : 0.23223293, 7 : 0.10800962",12
2.17628845052176E+018,"3 : 0.67360616, 3 : 0.099603534, 3 : 0.024632791",12
2.17336392810137E+018,"2 : 0.07944608, 3 : 0.07072674, 3 : 0.022931619",12
2.17115021194718E+018,"7 : 0.7371918, 2 : 0.10461832, 7 : 0.01614257",12
2.16901222147713E+018,"2 : 0.11163729, 2 : 0.04251909, 2 : 0.036858756",12
2.16613433130353E+018,"11 : 0.37214604, 7 : 0.19812395, 3 : 0.10837134",12
2.16317772813694E+018,"2 : 0.105086476, 12 : 0.08227333, 12 : 0.04094421",12
2.16095637841663E+018,"3 : 0.46007094, 3 : 0.17291822, 3 : 0.11678159",12
2.16013345745654E+018,"7 : 0.40824664, 13 : 0.33599615, 2 : 0.021422695",12
2.15596018544174E+018,"7 : 0.43541256, 7 : 0.27188605, 7 : 0.121935315",12
2.15296170885174E+018,"3 : 0.21471098, 3 : 0.16364418, 3 : 0.096696176",12
2.1478921981344E+018,"3 : 0.09723918, 3 : 0.064316854, 3 : 0.030738901",12
2.14717743256269E+018,"12 : 0.16383874, 2 : 0.14204392, 3 : 0.066302285",12
2.14574491249943E+018,"3 : 0.18136905, 3 : 0.15223248, 6 : 0.15215208",12
2.13776930314401E+018,"7 : 0.5576409, 3 : 0.12719911, 3 : 0.026964156",12
2.13562358728607E+018,"3 : 0.22082373, 3 : 0.05667189, 3 : 0.04901834",12
2.13416017265923E+018,"1 : 0.21513183, 2 : 0.07354393, 12 : 0.058887072",12
2.13133418427128E+018,"3 : 0.18749894, 3 : 0.17759849, 7 : 0.08828563",12
2.13056327514699E+018,"2 : 0.25768074, 13 : 0.05566857, 3 : 0.017213663",12
2.11895806551784E+018,"3 : 0.19778508, 3 : 0.18954168, 3 : 0.15142496",12
2.10737597207969E+018,"12 : 0.24891503, 2 : 0.11926178, 3 : 0.058125764",12
2.10521240015529E+018,"3 : 0.52550465, 6 : 0.053683244, 2 : 0.034752075",12
2.1015069450716E+018,"3 : 0.33107454, 3 : 0.18192038, 3 : 0.07441054",12
2.1009155812607E+018,"3 : 0.5226391, 3 : 0.034838133, 7 : 0.025877014",12
2.09941114961015E+018,"2 : 0.396632, 12 : 0.04479147, 3 : 0.044735245",12
2.09653178849615E+018,"3 : 0.08200992, 3 : 0.08048819, 3 : 0.060952764",12
2.09503029712179E+018,"3 : 0.18538105, 3 : 0.09553093, 3 : 0.063712835",12
2.09209662347679E+018,"3 : 0.32880864, 3 : 0.13341913, 3 : 0.088368356",12
2.0906709548345E+018,"3 : 0.8451969, 3 : 0.106854156, 3 : 0.002323177",12
2.0892168505809E+018,"3 : 0.5423468, 3 : 0.040323954, 3 : 0.038121086",12
2.08704255767991E+018,"3 : 0.4936561, 3 : 0.07839336, 3 : 0.044531703",12
2.08556249936686E+018,"3 : 0.49815717, 3 : 0.021974077, 3 : 0.021094145",12
2.08415141345522E+018,"3 : 0.44150615, 3 : 0.054089565, 3 : 0.048124082",12
2.08341262241542E+018,"7 : 0.5633486, 7 : 0.09295917, 3 : 0.06382383",12
2.08191765637976E+018,"7 : 0.1375741, 7 : 0.08087398, 12 : 0.07316829",12
2.08124055786424E+018,"3 : 0.16004065, 3 : 0.074198715, 3 : 0.05551032",12
2.07979233368083E+018,"7 : 0.93505955, 7 : 0.033911422, 2 : 0.014287322",12
2.07835905934767E+018,"6 : 0.29355213, 3 : 0.044114947, 3 : 0.039456896",12
2.07618470853175E+018,"3 : 0.20917799, 3 : 0.10702005, 3 : 0.058256745",12
2.0747027233637E+018,"8 : 0.5559888, 8 : 0.04919715, 3 : 0.021102382",12
2.07320445944768E+018,"3 : 0.83339226, 3 : 0.049755722, 3 : 0.010641717",12
2.07112594081925E+018,"3 : 0.4445611, 3 : 0.2775841, 3 : 0.04851258",12
2.07041721655523E+018,"3 : 0.7226096, 3 : 0.17947285, 3 : 0.047070656",12
2.06973241446222E+018,"3 : 0.1706368, 3 : 0.117874205, 3 : 0.041390628",12
2.06892129705393E+018,"3 : 0.10028027, 3 : 0.09678683, 2 : 0.050538838",12
2.0667695444852E+018,"7 : 0.8251067, 7 : 0.04425707, 11 : 0.010439615",12
2.06602855177952E+018,"7 : 0.4553522, 7 : 0.05070303, 3 : 0.0311241",12
2.06532226875153E+018,"3 : 0.15744926, 3 : 0.15229654, 3 : 0.13282856",12
2.0645764905797E+018,"3 : 0.47441193, 3 : 0.4342771, 3 : 0.0073895073",12
2.0632668273935E+018,"3 : 0.29578048, 3 : 0.111056075, 3 : 0.084206395",12
2.06168524787298E+018,"3 : 0.04111956, 3 : 0.032326926, 2 : 0.025933528",12
2.06104883993634E+018,"3 : 0.11583805, 3 : 0.113091774, 3 : 0.0815071",12
2.06029522465732E+018,"3 : 0.3894009, 3 : 0.11655019, 2 : 0.049076416",12
2.05948889589405E+018,"2 : 0.12095876, 3 : 0.081676565, 3 : 0.06175327",12
2.05886097498047E+018,"3 : 0.8834746, 2 : 0.009618901, 2 : 0.00759989",12
2.05815657847496E+018,"3 : 0.79968596, 3 : 0.062095188, 3 : 0.060275596",12
2.05520764925704E+018,"2 : 0.59904164, 3 : 0.09038825, 3 : 0.02370815",12
2.04221370488508E+018,"7 : 0.43246943, 7 : 0.08639022, 3 : 0.06725216",12
2.03947009396179E+018,"12 : 0.5275443, 7 : 0.20557736, 7 : 0.0839917",12
2.03575020735997E+018,"2 : 0.15256494, 2 : 0.099586554, 3 : 0.08390304",12
2.02842486342656E+018,"7 : 0.15133747, 7 : 0.11532846, 7 : 0.09721707",12
2.02633333214641E+018,"11 : 0.5428511, 7 : 0.11447944, 2 : 0.04244261",12
2.02562839423984E+018,"7 : 0.5758754, 3 : 0.058724273, 2 : 0.042367574",12
2.01596139301536E+018,"2 : 0.19739713, 3 : 0.17036466, 3 : 0.088301204",12
2.00283702119932E+018,"3 : 0.09478894, 3 : 0.057590213, 3 : 0.032143336",12
1.99450800396628E+018,"3 : 0.438942, 3 : 0.18690516, 3 : 0.12355826",12
1.99067824274791E+018,"3 : 0.27535626, 3 : 0.15381467, 3 : 0.083524406",12
1.98581361875598E+018,"7 : 0.52158695, 2 : 0.104453474, 2 : 0.011888904",12
1.98051231644658E+018,"2 : 0.37084898, 11 : 0.0698722, 3 : 0.022820536",12
1.97792310098227E+018,"7 : 0.30101812, 7 : 0.069586255, 7 : 0.052798316",12
1.97254673172923E+018,"3 : 0.37840956, 3 : 0.14872928, 3 : 0.0529503",12
1.96106253945575E+018,"3 : 0.6101826, 7 : 0.065101005, 3 : 0.058604933",12
1.95598754897233E+018,"7 : 0.13540095, 2 : 0.10753798, 7 : 0.09579186",12
1.95075119524232E+018,"7 : 0.86104405, 3 : 0.008458789, 3 : 0.0046710377",12
1.9502280155703E+018,"7 : 0.07935151, 4 : 0.06974873, 2 : 0.055095993",12
1.94644975836666E+018,"3 : 0.5201259, 12 : 0.32228372, 3 : 0.006699891",12
1.94155617300755E+018,"3 : 0.42029184, 7 : 0.108498216, 3 : 0.04694972",12
1.94074087299719E+018,"7 : 0.51765597, 2 : 0.04244509, 9 : 0.031966567",12
1.93854093888153E+018,"3 : 0.25639868, 3 : 0.06128888, 7 : 0.047301378",12
1.93507052446544E+018,"3 : 0.93382645, 3 : 0.02658692, 3 : 0.023608342",12
1.92977053597134E+018,"7 : 0.2380793, 2 : 0.17219543, 7 : 0.14280698",12
1.92924316429394E+018,"5 : 0.20428598, 4 : 0.07805355, 14 : 0.052957136",12
1.92564541754428E+018,"7 : 0.28413975, 9 : 0.045666765, 7 : 0.034820054",12
1.92472730330661E+018,"7 : 0.85590416, 7 : 0.05690176, 3 : 0.005782231",12
1.91990264063838E+018,"2 : 0.6004597, 3 : 0.1350398, 3 : 0.026715389",12
1.91887622052091E+018,"7 : 0.5693132, 7 : 0.21735097, 7 : 0.057255972",12
1.91829985085817E+018,"2 : 0.5106496, 2 : 0.08420907, 2 : 0.06600663",12
1.91829490466657E+018,"12 : 0.6698525, 7 : 0.09862852, 4 : 0.05470105",12
1.91553686459055E+018,"11 : 0.8017082, 7 : 0.060837843, 7 : 0.031226799",12
1.91450781567627E+018,"2 : 0.58125573, 8 : 0.05387343, 8 : 0.017369714",12
1.90956582570847E+018,"7 : 0.10322676, 7 : 0.06973989, 3 : 0.055977993",12
1.90728303998745E+018,"2 : 0.8745135, 7 : 0.0036064154, 3 : 0.0032345646",12
1.90176176773191E+018,"7 : 0.11557777, 7 : 0.075914085, 7 : 0.054268148",12
1.89775799375811E+018,"3 : 0.05426185, 7 : 0.051448658, 12 : 0.039372075",12
1.89512682442412E+018,"3 : 0.5889917, 3 : 0.14708218, 3 : 0.12589078",12
1.89500933652496E+018,"3 : 0.46577024, 7 : 0.16305034, 7 : 0.0983002",12
1.88788931047443E+018,"3 : 0.2225879, 3 : 0.15482005, 7 : 0.11021249",12
1.88718451144073E+018,"3 : 0.11857277, 3 : 0.11750152, 2 : 0.077725664",12
1.88409763843577E+018,"3 : 0.28018814, 3 : 0.2718286, 3 : 0.13269635",12
1.86802612171686E+018,"7 : 0.33870795, 2 : 0.16137223, 7 : 0.105067015",12
1.86385475491476E+018,"3 : 0.13695982, 3 : 0.048881773, 3 : 0.039785728",12
1.85355853599904E+018,"8 : 0.39561573, 13 : 0.1613554, 5 : 0.08378368",12
1.84374228711948E+018,"11 : 0.4148688, 2 : 0.2806562, 3 : 0.034864977",12
1.83285934791327E+018,"2 : 0.15803833, 3 : 0.14276443, 2 : 0.061090603",12
1.83211128509581E+018,"3 : 0.060168684, 7 : 0.04975965, 3 : 0.04359191",12
1.83003265190414E+018,"7 : 0.61100876, 7 : 0.09160552, 3 : 0.06993852",12
1.82703245141348E+018,"8 : 0.09886787, 3 : 0.07995294, 3 : 0.06467267",12
1.82310662265666E+018,"7 : 0.19547442, 2 : 0.10229564, 11 : 0.0652433",12
1.82197374779851E+018,"3 : 0.570913, 3 : 0.15114984, 3 : 0.08287325",12
1.82124943381824E+018,"3 : 0.21039385, 7 : 0.13981622, 12 : 0.12313748",12
1.81824929480766E+018,"12 : 0.06641613, 12 : 0.04642881, 2 : 0.034014918",12
1.81691103890828E+018,"3 : 0.12196902, 3 : 0.07243582, 3 : 0.04547572",12
1.81303042470664E+018,"7 : 0.21373765, 7 : 0.13171223, 3 : 0.06984764",12
1.81040203603685E+018,"7 : 0.1765963, 3 : 0.17620349, 7 : 0.07753297",12
1.80681799913327E+018,"11 : 0.27640313, 3 : 0.15780127, 7 : 0.13288313",12
1.80229337402192E+018,"2 : 0.32526112, 2 : 0.21190836, 1 : 0.03585708",12
1.79779106641626E+018,"7 : 0.40964392, 3 : 0.21470112, 2 : 0.03391855",12
1.79280418836139E+018,"3 : 0.6809378, 3 : 0.1840246, 3 : 0.016567497",12
1.78643485793535E+018,"3 : 0.19321631, 7 : 0.07051176, 7 : 0.06789821",12
1.78347651900613E+018,"3 : 0.6434183, 3 : 0.31019107, 3 : 0.015991338",12
1.78262140178019E+018,"3 : 0.7329408, 3 : 0.16378702, 3 : 0.056068227",12
1.77833924169926E+018,"14 : 0.29833844, 13 : 0.101315185, 9 : 0.07596625",12
1.77763811911612E+018,"3 : 0.04261936, 2 : 0.037043985, 3 : 0.024767753",12
1.77703797269091E+018,"7 : 0.22615086, 3 : 0.19167282, 7 : 0.17949802",12
1.77635422015529E+018,"2 : 0.81643695, 2 : 0.033222016, 3 : 0.018168375",12
1.77341421655897E+018,"3 : 0.3876667, 3 : 0.060453467, 3 : 0.043760594",12
1.77335659130981E+018,"2 : 0.29151148, 3 : 0.25024024, 3 : 0.06979818",12
1.77195381792167E+018,"7 : 0.20477064, 2 : 0.0785899, 2 : 0.03513543",12
1.76756384833155E+018,"9 : 0.9983814, 5 : 0.0005386318, 3 : 0.00016338457",12
1.76245078625122E+018,"3 : 0.19806808, 3 : 0.1334468, 7 : 0.09709628",12
1.76117087271783E+018,"3 : 0.30229986, 12 : 0.19383757, 2 : 0.04339398",12
1.75813182102687E+018,"7 : 0.41454172, 3 : 0.068455085, 7 : 0.024782695",12
1.75321041120704E+018,"11 : 0.19648169, 2 : 0.16545433, 1 : 0.1644968",12
1.75174775322412E+018,"12 : 0.16237015, 2 : 0.09631037, 7 : 0.081909604",12
1.74704988463417E+018,"3 : 0.4184017, 3 : 0.0799443, 3 : 0.07813359",12
1.74296177436327E+018,"3 : 0.28655815, 3 : 0.23746924, 3 : 0.17425026",12
1.74161338095686E+018,"3 : 0.5531864, 3 : 0.15461506, 3 : 0.11456699",12
1.73997904662192E+018,"3 : 0.9075987, 3 : 0.030757226, 3 : 0.024774546",12
1.73799309251632E+018,"10 : 0.9147652, 7 : 0.04100127, 12 : 0.0057971096",12
1.73700294244121E+018,"2 : 0.76586705, 7 : 0.02542211, 11 : 0.019512871",12
1.73553814906389E+018,"2 : 0.08201196, 5 : 0.07991295, 7 : 0.050365422",12
1.73358757811406E+018,"12 : 0.18039775, 11 : 0.13432136, 7 : 0.11503636",12
1.73207164003843E+018,"7 : 0.764306, 4 : 0.0564583, 2 : 0.05520562",12
1.71478564429276E+018,"7 : 0.97812265, 7 : 0.0046166372, 4 : 0.0012324343",12
1.71254533802964E+018,"3 : 0.1876554, 7 : 0.10011066, 3 : 0.07044051",12
1.71161692460291E+018,"7 : 0.91362435, 7 : 0.017234165, 7 : 0.0049785716",12
1.70742776373405E+018,"7 : 0.4258417, 3 : 0.11925811, 7 : 0.06881256",12
1.69420442113268E+018,"2 : 0.25592968, 3 : 0.080239266, 3 : 0.05903422",12
1.68579878441771E+018,"9 : 0.3910299, 3 : 0.073479205, 12 : 0.06624882",12
1.68190882477847E+018,"3 : 0.20033321, 2 : 0.13007456, 3 : 0.048535757",12
1.67701779761764E+018,"7 : 0.5178043, 3 : 0.05310425, 3 : 0.045760807",12
1.67632815995355E+018,"3 : 0.8644435, 3 : 0.03019982, 3 : 0.017244278",12
1.67116098168809E+018,"14 : 0.10492204, 2 : 0.07485436, 9 : 0.074277155",12
1.66760149918787E+018,"2 : 0.48544398, 9 : 0.13510615, 14 : 0.050065115",12
1.66479272918985E+018,"7 : 0.44557974, 7 : 0.3541964, 7 : 0.052031755",12
1.66185649195248E+018,"3 : 0.33584332, 7 : 0.23997864, 3 : 0.038501468",12
1.66029610098207E+018,"7 : 0.9482906, 7 : 0.0072360253, 3 : 0.0037125058",12
1.6581796817757E+018,"2 : 0.4386082, 3 : 0.04212203, 3 : 0.039787926",12
1.65671379040379E+018,"7 : 0.69776046, 11 : 0.028428037, 14 : 0.014359059",12
1.65498316349721E+018,"3 : 0.066399775, 3 : 0.062357098, 7 : 0.046942655",12
1.65311340706447E+018,"3 : 0.57180214, 3 : 0.13338014, 3 : 0.015860392",12
1.64937286437955E+018,"2 : 0.1120647, 3 : 0.08305008, 7 : 0.06325228",12
1.64658238777099E+018,"3 : 0.9613609, 3 : 0.03396211, 3 : 0.0017145555",12
1.64407454768479E+018,"2 : 0.91008544, 3 : 0.020156419, 7 : 0.006542031",12
1.64199052143187E+018,"7 : 0.19975905, 7 : 0.12109842, 7 : 0.08981107",12
1.63860045033495E+018,"3 : 0.13313223, 7 : 0.08224398, 7 : 0.0635006",12
1.63646435240197E+018,"3 : 0.43958148, 13 : 0.2815474, 3 : 0.02004409",12
1.63053322881534E+018,"3 : 0.3612495, 3 : 0.29735163, 3 : 0.0708753",12
1.62114116032627E+018,"12 : 0.21679471, 2 : 0.09207762, 7 : 0.0807362",12
1.61547563427066E+018,"7 : 0.48009172, 3 : 0.1581605, 12 : 0.039311018",12
1.61469614695601E+018,"6 : 0.8412554, 3 : 0.028188055, 3 : 0.025867688",12
1.60962818227766E+018,"2 : 0.48733735, 2 : 0.14522485, 7 : 0.01804774",12
1.60873070475378E+018,"3 : 0.80786747, 3 : 0.011543816, 3 : 0.009022921",12
1.60362854332415E+018,"3 : 0.45912236, 3 : 0.18738319, 3 : 0.08431713",12
1.59937323121779E+018,"3 : 0.17689258, 3 : 0.12720892, 3 : 0.11042836",12
1.59784407062398E+018,"2 : 0.049437, 7 : 0.044297, 3 : 0.03882683",12
1.58978401311819E+018,"3 : 0.13156173, 3 : 0.08572772, 3 : 0.078231186",12
1.57768840159803E+018,"3 : 0.5786891, 3 : 0.05113697, 3 : 0.026701199",12
1.57468851732431E+018,"2 : 0.59963226, 4 : 0.11042401, 12 : 0.044613868",12
1.56971502279016E+018,"7 : 0.69813454, 3 : 0.044180617, 3 : 0.02938509",12
1.56463801748058E+018,"3 : 0.3253063, 3 : 0.24593268, 3 : 0.07325757",12
1.55427266446449E+018,"3 : 0.65963835, 3 : 0.020406852, 3 : 0.01363742",12
1.55231994382615E+018,"2 : 0.5735489, 4 : 0.25521785, 3 : 0.0952719",12
1.54933905082397E+018,"7 : 0.50337666, 7 : 0.18996403, 2 : 0.09866771",12
1.54426196216514E+018,"3 : 0.2911342, 7 : 0.11265243, 7 : 0.08753823",12
1.53352434532496E+018,"11 : 0.5764401, 7 : 0.093728095, 2 : 0.035215642",12
1.52832748686421E+018,"3 : 0.8913578, 3 : 0.019283077, 3 : 0.019062858",12
1.52701436771385E+018,"3 : 0.19262314, 2 : 0.060192347, 3 : 0.056834884",12
1.51371880842512E+018,"3 : 0.7792874, 3 : 0.024787286, 3 : 0.014680246",12
1.51307891292465E+018,"3 : 0.83507663, 3 : 0.044683788, 3 : 0.031418875",12
1.50872336536672E+018,"7 : 0.90444434, 2 : 0.057743207, 3 : 0.004865564",12
1.50808247862617E+018,"3 : 0.29711738, 7 : 0.24288538, 2 : 0.08508051",12
1.50667139217784E+018,"2 : 0.41813534, 3 : 0.08221728, 2 : 0.079502515",12
1.50291274308537E+018,"2 : 0.11794831, 2 : 0.11540871, 2 : 0.07669292",12
1.50231555803148E+018,"9 : 0.09905335, 7 : 0.055551898, 3 : 0.052526355",12
1.48354938899998E+018,"11 : 0.66492945, 3 : 0.02518002, 12 : 0.021766152",12
1.46150763654048E+018,"7 : 0.2614054, 7 : 0.24705505, 3 : 0.08385871",12
1.42101424853189E+018,"3 : 0.46982738, 2 : 0.15382761, 3 : 0.10472559",12
1.42051597918492E+018,"3 : 0.25995696, 2 : 0.1269268, 7 : 0.080429405",12
1.42050892849156E+018,"3 : 0.31723133, 7 : 0.11434642, 7 : 0.08298638",12
2.20898033892603E+018,"2 : 0.48124164, 2 : 0.41845745, 4 : 0.027938507",12
2.20509162786432E+018,"7 : 0.9812827, 7 : 0.016716521, 7 : 7.573557e-05",12
2.19149771937062E+018,"7 : 0.8150165, 2 : 0.013846106, 7 : 0.0123526035",12
2.1891428079605E+018,"7 : 0.36016345, 7 : 0.10961327, 7 : 0.056689717",12
2.18860153519433E+018,"7 : 0.5123578, 7 : 0.1104467, 13 : 0.093454495",12
2.1879351322211E+018,"7 : 0.9185177, 7 : 0.021002633, 7 : 0.006399671",12
2.1709969890713E+018,"7 : 0.74849707, 7 : 0.20261574, 7 : 0.0060262876",12
2.16464286073233E+018,"7 : 0.9166327, 7 : 0.07997937, 7 : 0.00045224384",12
2.15950815366281E+018,"7 : 0.68921965, 13 : 0.08093722, 13 : 0.019198488",12
2.15826374131244E+018,"7 : 0.99843913, 7 : 0.0013924325, 3 : 6.6379807e-06",12
2.15646744565638E+018,"7 : 0.8792352, 7 : 0.12072485, 7 : 2.6150652e-05",12
2.15515258712965E+018,"7 : 0.3363272, 7 : 0.21058401, 7 : 0.16492306",12
2.15224380349124E+018,"7 : 0.4695705, 2 : 0.20842688, 7 : 0.03872926",12
2.15166624460926E+018,"7 : 0.9965018, 7 : 0.0021852215, 7 : 0.00037311285",12
2.14995469311067E+018,"2 : 0.34379536, 2 : 0.048227645, 13 : 0.04405323",12
2.14863065325939E+018,"7 : 0.99668473, 7 : 0.0030564165, 7 : 2.194045e-05",12
2.14559534745923E+018,"13 : 0.457869, 13 : 0.093018, 13 : 0.068807796",12
2.14217789345589E+018,"7 : 0.09996782, 4 : 0.09965679, 3 : 0.08882817",12
2.14212225052718E+018,"3 : 0.09882696, 13 : 0.09069412, 13 : 0.08785372",12
2.13862048919992E+018,"4 : 0.12690797, 13 : 0.07605882, 12 : 0.03329474",12
2.1370282321461E+018,"7 : 0.9992718, 7 : 0.00067644584, 3 : 3.7452788e-05",12
2.134159455851E+018,"13 : 0.4149814, 9 : 0.18606168, 13 : 0.046651162",12
2.12541386912075E+018,"7 : 0.49519703, 7 : 0.013170874, 7 : 0.0126668615",12
2.12418299742657E+018,"7 : 0.9951101, 7 : 0.0048857005, 7 : 5.322834e-07",12
2.12393896968412E+018,"7 : 0.98567283, 7 : 0.0019864393, 7 : 0.0015788635",12
2.12385210053803E+018,"7 : 0.99525756, 7 : 0.0021314495, 2 : 0.00030055863",12
2.12330914597431E+018,"7 : 0.34235096, 7 : 0.102438875, 7 : 0.08725675",12
2.12251161841289E+018,"7 : 0.99040514, 7 : 0.008748967, 7 : 0.00039947446",12
2.12063280299481E+018,"2 : 0.07704825, 7 : 0.076215416, 7 : 0.03909701",12
2.11372109976153E+018,"14 : 0.09791385, 13 : 0.08098086, 13 : 0.066163994",12
2.10888658993303E+018,"7 : 0.99412185, 7 : 0.0025546418, 3 : 0.00012696725",12
2.10221208464215E+018,"3 : 0.27913842, 7 : 0.06091762, 2 : 0.02120037",12
2.10085080184466E+018,"7 : 0.9981371, 7 : 0.0017986002, 3 : 4.1892832e-05",12
2.09646689833356E+018,"2 : 0.35638177, 7 : 0.25927833, 7 : 0.122698635",12
2.08414705753482E+018,"7 : 0.92105013, 7 : 0.009881751, 7 : 0.009419013",12
2.07620600359044E+018,"7 : 0.99930346, 7 : 0.00068516156, 2 : 1.8220243e-06",12
2.07616618962941E+018,"12 : 0.0947289, 13 : 0.0484725, 13 : 0.037147865",12
2.07616601487108E+018,"7 : 0.70323575, 7 : 0.08643577, 7 : 0.06937366",12
2.07479236480739E+018,"7 : 0.78606457, 13 : 0.014915866, 2 : 0.014438889",12
2.06889042819125E+018,"7 : 0.95124745, 7 : 0.023945576, 7 : 0.015268012",12
2.06833596126796E+018,"7 : 0.9978352, 7 : 0.0005803327, 13 : 8.0800215e-05",12
2.05862266090045E+018,"7 : 0.079090565, 7 : 0.07378167, 9 : 0.033273783",12
2.05738044369253E+018,"7 : 0.23710029, 7 : 0.113611154, 2 : 0.07338575",12
2.05301162949223E+018,"7 : 0.9871105, 7 : 0.012342753, 7 : 7.2118884e-05",12
2.05153993225424E+018,"7 : 0.71393174, 7 : 0.021151515, 7 : 0.011535677",12
2.04937540600139E+018,"7 : 0.994447, 7 : 0.0046995496, 7 : 0.00010840123",12
2.04716520987501E+018,"7 : 0.9817023, 7 : 0.017630544, 7 : 0.00030871446",12
2.04593216230177E+018,"7 : 0.9121706, 7 : 0.024346165, 3 : 0.023733247",12
2.04500995130273E+018,"12 : 0.19914767, 7 : 0.15447608, 14 : 0.034717135",12
2.0442814891741E+018,"5 : 0.07946675, 14 : 0.06391879, 7 : 0.050075766",12
2.04207196368142E+018,"7 : 0.9415141, 7 : 0.029602231, 2 : 0.0035909356",12
2.04139626168431E+018,"7 : 0.99319553, 7 : 0.0039358605, 7 : 0.00022944834",12
2.0406622814452E+018,"7 : 0.99047977, 7 : 0.009197266, 7 : 5.9307364e-05",12
2.03859066312551E+018,"7 : 0.25204185, 7 : 0.07666033, 12 : 0.056759223",12
2.03568007563415E+018,"7 : 0.8979192, 2 : 0.0044127842, 2 : 0.0025961827",12
2.03485066629678E+018,"7 : 0.9342636, 2 : 0.004616585, 3 : 0.0017823115",12
2.03352174531467E+018,"7 : 0.9978265, 7 : 0.0021389842, 7 : 6.5144623e-06",12
2.03059399713044E+018,"7 : 0.85775524, 7 : 0.08428225, 10 : 0.01577057",12
2.02624133264484E+018,"7 : 0.8632531, 7 : 0.13654298, 7 : 9.866372e-05",12
2.02559784228185E+018,"7 : 0.99220407, 7 : 0.0009854581, 7 : 0.00083787664",12
2.02475282413582E+018,"7 : 0.93099433, 10 : 0.017649518, 7 : 0.004868406",12
2.02383222528462E+018,"7 : 0.8352571, 7 : 0.16259758, 12 : 9.195033e-05",12
2.02336430334566E+018,"2 : 0.14086947, 7 : 0.10672006, 2 : 0.10160754",12
2.02197020954757E+018,"7 : 0.98230135, 7 : 0.013202145, 3 : 0.00021728847",12
2.02033192087274E+018,"7 : 0.2935214, 7 : 0.074086934, 10 : 0.05023322",12
2.01986626263242E+018,"13 : 0.19123979, 8 : 0.10297376, 5 : 0.039422166",12
2.01963843489468E+018,"7 : 0.71460617, 7 : 0.2519883, 7 : 0.012315434",12
2.01914135709602E+018,"7 : 0.7186745, 7 : 0.09906349, 3 : 0.071328945",12
2.01842765041822E+018,"2 : 0.35886693, 13 : 0.15800802, 12 : 0.085782416",12
2.01829442580275E+018,"7 : 0.2592199, 13 : 0.032078005, 3 : 0.021327913",12
2.01673609414374E+018,"7 : 0.5595319, 7 : 0.11151577, 12 : 0.011739901",12
2.01469716833546E+018,"7 : 0.9014996, 7 : 0.06533824, 13 : 0.0059133233",12
2.01248292459593E+018,"3 : 0.19504006, 13 : 0.15839082, 13 : 0.1222106",12
2.01243599109811E+018,"7 : 0.97886467, 7 : 0.0023388467, 2 : 0.0018791099",12
2.01165823194403E+018,"7 : 0.068478, 3 : 0.04261968, 7 : 0.038274802",12
2.01164824121427E+018,"7 : 0.085069105, 3 : 0.048228953, 13 : 0.03975714",12
2.01110091847235E+018,"7 : 0.8212652, 7 : 0.14086215, 7 : 0.0029256372",12
2.01109973952253E+018,"7 : 0.61911803, 7 : 0.06753016, 7 : 0.013865609",12
2.01032627968269E+018,"7 : 0.6020941, 10 : 0.15280916, 13 : 0.06734375",12
2.00883105992517E+018,"7 : 0.7143351, 13 : 0.06421007, 7 : 0.045814924",12
2.00881837784126E+018,"7 : 0.33874512, 14 : 0.14493622, 2 : 0.08254823",12
2.00864389439349E+018,"7 : 0.9436357, 7 : 0.05591467, 3 : 0.00016720113",12
2.00810091712731E+018,"2 : 0.10505546, 7 : 0.089730546, 7 : 0.056393",12
2.00805250473587E+018,"7 : 0.58100414, 7 : 0.21100189, 7 : 0.06373941",12
2.00670077315018E+018,"7 : 0.90251946, 7 : 0.009007777, 7 : 0.0032651818",12
2.00597955293701E+018,"7 : 0.8937615, 9 : 0.007670061, 7 : 0.0045442525",12
2.00525966827782E+018,"4 : 0.10740717, 7 : 0.08422714, 2 : 0.057328634",12
2.0045981169632E+018,"2 : 0.093112946, 7 : 0.037467822, 7 : 0.02849779",12
2.00298418233853E+018,"7 : 0.9939605, 7 : 0.0060056066, 7 : 1.4054011e-05",12
2.00284396616145E+018,"7 : 0.84782124, 7 : 0.14030221, 7 : 0.0034940639",12
2.00166580929402E+018,"7 : 0.190297, 7 : 0.11334919, 14 : 0.06475628",12
2.00078257876555E+018,"7 : 0.45758423, 7 : 0.085107245, 7 : 0.032563534",12
2.00024619778016E+018,"7 : 0.9964104, 7 : 0.002344814, 7 : 0.0003482017",12
1.99864273597355E+018,"7 : 0.90241975, 13 : 0.014976913, 3 : 0.013917434",12
1.9935712453415E+018,"7 : 0.5510748, 7 : 0.05440267, 7 : 0.037834562",12
1.98992774668949E+018,"13 : 0.18451314, 13 : 0.024076706, 3 : 0.022477165",12
1.98954492676495E+018,"7 : 0.32021898, 12 : 0.22371565, 2 : 0.10214707",12
1.98921901499306E+018,"3 : 0.15444966, 7 : 0.036871094, 13 : 0.034463163",12
1.98850799476714E+018,"13 : 0.470884, 13 : 0.32582578, 7 : 0.06752909",12
1.98834842298258E+018,"13 : 0.46201065, 13 : 0.22889362, 7 : 0.11904405",12
1.98774462967578E+018,"7 : 0.2525423, 2 : 0.075379886, 13 : 0.026790043",12
1.9856934439358E+018,"7 : 0.97199684, 3 : 0.0031383203, 7 : 0.0020038385",12
1.98498836777687E+018,"7 : 0.60184705, 7 : 0.37567386, 7 : 0.002524241",12
1.98436679355828E+018,"2 : 0.38317165, 2 : 0.11267058, 7 : 0.042914007",12
1.98265157087064E+018,"7 : 0.65946144, 12 : 0.030175937, 7 : 0.017240888",12
1.98151410641216E+018,"7 : 0.79345834, 7 : 0.01216132, 7 : 0.009328868",12
1.98040428463929E+018,"7 : 0.8874841, 7 : 0.11241571, 7 : 4.1997486e-05",12
1.9763740152223E+018,"7 : 0.92323273, 2 : 0.004545897, 2 : 0.003361828",12
1.9756587807103E+018,"7 : 0.37306145, 2 : 0.21346883, 2 : 0.1887078",12
1.97550279983802E+018,"7 : 0.9946849, 7 : 0.004997489, 10 : 9.3221424e-05",12
1.97550276802622E+018,"7 : 0.9946849, 7 : 0.004997489, 10 : 9.3221424e-05",12
1.97407344071937E+018,"7 : 0.9561282, 7 : 0.039097715, 7 : 0.0012389459",12
1.9733174005707E+018,"7 : 0.99738353, 7 : 0.0019106109, 14 : 0.00010728769",12
1.97115816394608E+018,"7 : 0.6773898, 7 : 0.2995494, 7 : 0.00526838",12
1.96896167235551E+018,"7 : 0.9014128, 7 : 0.036401756, 7 : 0.01901687",12
1.96839077096648E+018,"7 : 0.986147, 7 : 0.006008904, 2 : 0.0016455111",12
1.96535929053892E+018,"7 : 0.89538455, 7 : 0.072460435, 7 : 0.00672944",12
1.96464416341811E+018,"2 : 0.6729013, 10 : 0.09389617, 2 : 0.08226957",12
1.96320494839079E+018,"7 : 0.9884928, 7 : 0.0035053184, 7 : 0.0031776458",12
1.96118295237094E+018,"7 : 0.22890075, 2 : 0.090041764, 3 : 0.05781559",12
1.95667337331863E+018,"7 : 0.9823278, 7 : 0.004327045, 7 : 0.0038368357",12
1.9545789189685E+018,"7 : 0.9864101, 7 : 0.013580042, 7 : 1.3765721e-06",12
1.95456154148954E+018,"7 : 0.9941049, 7 : 0.002393776, 2 : 0.0003615752",12
1.9530786129469E+018,"7 : 0.9923874, 7 : 0.0041377028, 7 : 0.0010179782",12
1.95298827257125E+018,"7 : 0.95498115, 7 : 0.0097313635, 2 : 0.0056608794",12
1.9509715843761E+018,"7 : 0.879243, 5 : 0.03652142, 7 : 0.014122307",12
1.94662354369096E+018,"7 : 0.51262504, 8 : 0.033001382, 7 : 0.026993843",12
1.94639415046074E+018,"7 : 0.99708766, 7 : 0.0022806057, 7 : 8.96293e-05",12
1.94156557918789E+018,"7 : 0.9848555, 7 : 0.004134757, 7 : 0.0015358605",12
1.93850855846938E+018,"13 : 0.17919886, 12 : 0.16768673, 7 : 0.06917975",12
1.93711596772732E+018,"7 : 0.91753304, 7 : 0.009218298, 13 : 0.004917471",12
1.93339025979236E+018,"7 : 0.094345815, 14 : 0.079445325, 13 : 0.04087666",12
1.93268489476205E+018,"7 : 0.7906704, 7 : 0.014803835, 13 : 0.010083196",12
1.93192646125957E+018,"7 : 0.98260814, 7 : 0.016428242, 7 : 0.00013826448",12
1.92979288462328E+018,"7 : 0.99444133, 7 : 0.0044279997, 7 : 0.00032354638",12
1.92485328830432E+018,"7 : 0.98568195, 7 : 0.0040544826, 7 : 0.0015660033",12
1.92124173706848E+018,"7 : 0.9642415, 7 : 0.03566015, 7 : 2.3146516e-05",12
1.92109201882029E+018,"7 : 0.26460207, 7 : 0.18403538, 4 : 0.12112378",12
1.91895585448304E+018,"7 : 0.41093695, 12 : 0.028176952, 7 : 0.02386205",12
1.91742562628773E+018,"14 : 0.07900891, 7 : 0.07137336, 3 : 0.063752696",12
1.91601518546033E+018,"7 : 0.7722555, 10 : 0.047436465, 7 : 0.023223985",12
1.91386714840736E+018,"7 : 0.80985653, 10 : 0.028965065, 7 : 0.028243473",12
1.91177744487058E+018,"12 : 0.09903949, 8 : 0.09707653, 12 : 0.0433283",12
1.91176086609555E+018,"7 : 0.6815395, 2 : 0.07423176, 2 : 0.017855532",12
1.9111999046784E+018,"7 : 0.67888635, 7 : 0.042448893, 7 : 0.015282389",12
1.90953115320879E+018,"7 : 0.27595443, 7 : 0.18707542, 8 : 0.050060682",12
1.90879728059474E+018,"7 : 0.9189868, 7 : 0.07540238, 7 : 0.001651013",12
1.90593182881492E+018,"13 : 0.20164958, 7 : 0.03722908, 13 : 0.029361127",12
1.90382191459569E+018,"7 : 0.42989728, 7 : 0.366247, 13 : 0.042190727",12
1.90366097943696E+018,"7 : 0.5261403, 7 : 0.38645414, 13 : 0.011544582",12
1.89879485392457E+018,"7 : 0.84906375, 2 : 0.060868155, 7 : 0.016174996",12
1.89783478710244E+018,"12 : 0.5996559, 2 : 0.30949023, 1 : 0.0020261966",12
1.89508390119023E+018,"13 : 0.4493701, 7 : 0.21089882, 13 : 0.015154493",12
1.89279793570925E+018,"7 : 0.20147927, 12 : 0.121938795, 7 : 0.04281228",12
1.88908943778359E+018,"7 : 0.96800125, 7 : 0.0036958521, 7 : 0.0012644816",12
1.88769294810884E+018,"7 : 0.670728, 7 : 0.025481125, 7 : 0.01609447",12
1.88704761421506E+018,"7 : 0.33171806, 7 : 0.08964048, 7 : 0.08885425",12
1.88549692740454E+018,"7 : 0.2405067, 7 : 0.14708273, 7 : 0.13136819",12
1.88540044049537E+018,"7 : 0.55566585, 7 : 0.15028447, 7 : 0.12600143",12
1.88495422518532E+018,"7 : 0.5006272, 7 : 0.47058332, 1 : 0.0016003387",12
1.88286320640695E+018,"7 : 0.5863916, 7 : 0.40897712, 7 : 0.00054359296",12
1.88066740436854E+018,"7 : 0.28159726, 7 : 0.14043735, 2 : 0.05283069",12
1.87765523281554E+018,"7 : 0.77905625, 7 : 0.21828565, 7 : 6.657186e-05",12
1.87631018193392E+018,"7 : 0.839654, 7 : 0.14834166, 1 : 0.001236415",12
1.87531401992678E+018,"7 : 0.36521223, 7 : 0.24973297, 10 : 0.07622329",12
1.87482901137391E+018,"7 : 0.42963016, 7 : 0.18644243, 7 : 0.18643996",12
1.87400512677251E+018,"7 : 0.8819251, 7 : 0.117396615, 2 : 0.00034101435",12
1.87235168027744E+018,"3 : 0.22815958, 3 : 0.12365678, 3 : 0.120200865",12
1.86894679883361E+018,"7 : 0.9915242, 7 : 0.0027385296, 13 : 0.0009022439",12
1.86602128099663E+018,"10 : 0.93033826, 7 : 0.015367463, 2 : 0.0042876666",12
1.86598498541014E+018,"7 : 0.5854105, 7 : 0.413757, 7 : 0.00023354072",12
1.86392788940756E+018,"7 : 0.93846077, 7 : 0.05829595, 7 : 0.0008500153",12
1.86098807635889E+018,"7 : 0.562784, 2 : 0.09720735, 7 : 0.040947527",12
1.86098523135424E+018,"7 : 0.88283515, 7 : 0.011249702, 6 : 0.003071227",12
1.86028804022664E+018,"7 : 0.5144316, 7 : 0.086323045, 2 : 0.04768912",12
1.86003078515585E+018,"8 : 0.7576757, 8 : 0.13909824, 7 : 0.068314746",12
1.85873091397627E+018,"7 : 0.18325928, 8 : 0.07046934, 2 : 0.05267066",12
1.8586428743865E+018,"7 : 0.33731288, 7 : 0.28721306, 7 : 0.090033606",12
1.85660463758538E+018,"7 : 0.07239073, 7 : 0.06960195, 7 : 0.057432454",12
1.84418827825826E+018,"7 : 0.6162113, 7 : 0.062872194, 7 : 0.019710638",12
1.84062386164612E+018,"2 : 0.53357047, 7 : 0.13371313, 2 : 0.05781894",12
1.83611332635085E+018,"2 : 0.90908, 7 : 0.05960792, 2 : 0.005804752",12
1.83395150773797E+018,"7 : 0.70890045, 7 : 0.13800721, 10 : 0.024895012",12
1.83342313791708E+018,"7 : 0.37718412, 3 : 0.20591472, 7 : 0.08256348",12
1.83323906141499E+018,"8 : 0.88398004, 8 : 0.05570172, 7 : 0.026321294",12
1.82622284761891E+018,"7 : 0.34448954, 7 : 0.33501953, 7 : 0.1954034",12
1.82399726902659E+018,"7 : 0.8956152, 2 : 0.010142974, 7 : 0.0059782914",12
1.82187402207881E+018,"7 : 0.24841942, 7 : 0.23414345, 7 : 0.023068381",12
1.82161754137054E+018,"7 : 0.37087998, 7 : 0.35307562, 3 : 0.13723484",12
1.8210839780382E+018,"7 : 0.94348156, 4 : 0.038930625, 4 : 0.008984195",12
1.81944410309238E+018,"7 : 0.47642967, 2 : 0.09406254, 3 : 0.082579695",12
1.81920429085918E+018,"7 : 0.7223485, 7 : 0.2756171, 7 : 0.0016174561",12
1.81530720376507E+018,"7 : 0.053653847, 13 : 0.051229827, 6 : 0.04899072",12
1.81379821993643E+018,"7 : 0.26228997, 2 : 0.09753636, 2 : 0.08394155",12
1.81318964654158E+018,"7 : 0.09164193, 7 : 0.06599336, 7 : 0.039951447",12
1.81259493952604E+018,"7 : 0.9931891, 7 : 0.006580625, 7 : 0.00014726067",12
1.81217798366461E+018,"3 : 0.48125827, 7 : 0.15963627, 2 : 0.076540984",12
1.80834713286678E+018,"7 : 0.3992335, 12 : 0.1815461, 12 : 0.09874633",12
1.80741971650993E+018,"7 : 0.97555166, 7 : 0.0131531535, 12 : 0.0017173262",12
1.80280111131458E+018,"7 : 0.9149767, 7 : 0.014940524, 7 : 0.0047183144",12
1.80224456823545E+018,"7 : 0.7986511, 7 : 0.18200094, 12 : 0.0016049345",12
1.80147114552468E+018,"7 : 0.22023924, 7 : 0.08260342, 7 : 0.06088605",12
1.80085397009932E+018,"13 : 0.14683579, 14 : 0.030162282, 3 : 0.026737839",12
1.79914941819026E+018,"7 : 0.76395726, 7 : 0.22725707, 3 : 0.0012287088",12
1.79795578253102E+018,"7 : 0.93643945, 14 : 0.015498625, 7 : 0.00826695",12
1.79340164534881E+018,"7 : 0.24763611, 4 : 0.022858182, 3 : 0.017776147",12
1.79145553149416E+018,"7 : 0.8991866, 7 : 0.052661628, 7 : 0.0046077664",12
1.78283504316741E+018,"14 : 0.19596918, 7 : 0.15289009, 2 : 0.08266007",12
1.78052972200466E+018,"7 : 0.34987283, 7 : 0.04598522, 7 : 0.033473853",12
1.7804405373193E+018,"3 : 0.2655168, 2 : 0.111689664, 13 : 0.10931974",12
1.77767614939755E+018,"7 : 0.1746211, 2 : 0.09787238, 7 : 0.09176279",12
1.77767532788431E+018,"7 : 0.928635, 7 : 0.0708315, 1 : 1.8270322e-05",12
1.77757258547295E+018,"2 : 0.5534162, 2 : 0.37287968, 3 : 0.0076473025",12
1.77693156054748E+018,"7 : 0.7113245, 7 : 0.021614645, 7 : 0.018438848",12
1.76755776460945E+018,"7 : 0.13779141, 7 : 0.05964181, 3 : 0.04185424",12
1.76363534831314E+018,"7 : 0.41033146, 3 : 0.10549974, 7 : 0.09199073",12
1.76244186916784E+018,"2 : 0.17035034, 2 : 0.14955075, 10 : 0.09541301",12
1.76228622810269E+018,"7 : 0.2898399, 7 : 0.21437417, 3 : 0.11772738",12
1.76163416649477E+018,"7 : 0.84437114, 7 : 0.051823217, 14 : 0.018831763",12
1.76001132076764E+018,"7 : 0.43468893, 7 : 0.09034807, 7 : 0.0425109",12
1.75734661305893E+018,"7 : 0.94242626, 7 : 0.011519185, 7 : 0.011158258",12
1.7514157220543E+018,"4 : 0.03686744, 2 : 0.027915085, 13 : 0.024577849",12
1.74920383540411E+018,"4 : 0.3158433, 2 : 0.108369686, 14 : 0.06497894",12
1.74230775983008E+018,"2 : 0.14483306, 7 : 0.080044046, 13 : 0.06405417",12
1.74212220860179E+018,"7 : 0.8884652, 7 : 0.03402754, 14 : 0.011002598",12
1.7412652533656E+018,"3 : 0.38000786, 7 : 0.37291062, 7 : 0.08331393",12
1.73908973272524E+018,"13 : 0.12215738, 13 : 0.073636256, 13 : 0.04424595",12
1.73776454790443E+018,"7 : 0.98624474, 7 : 0.013751684, 7 : 1.3072972e-06",12
1.73766446664367E+018,"7 : 0.9984687, 7 : 0.0013156962, 6 : 1.2818139e-05",12
1.73048813420939E+018,"14 : 0.14273241, 10 : 0.06953831, 7 : 0.046451036",12
1.72251843295892E+018,"7 : 0.16936205, 7 : 0.054446045, 3 : 0.04531056",12
1.72199945811041E+018,"7 : 0.994068, 7 : 0.00394888, 3 : 0.0010871107",12
1.72130233982123E+018,"7 : 0.39666507, 10 : 0.19691694, 7 : 0.056070823",12
1.72120606135966E+018,"7 : 0.58471775, 2 : 0.11354009, 7 : 0.10644551",12
1.71891591382123E+018,"12 : 0.07037933, 4 : 0.06554937, 7 : 0.048197318",12
1.71889754326466E+018,"7 : 0.96914846, 7 : 0.02104223, 10 : 0.0007750685",12
1.71678877917463E+018,"7 : 0.70457256, 10 : 0.042284492, 13 : 0.034640905",12
1.71602045735718E+018,"7 : 0.33879536, 10 : 0.19905388, 13 : 0.10069768",12
1.71599272697547E+018,"12 : 0.12750325, 10 : 0.1183134, 1 : 0.10314411",12
1.71599024091087E+018,"6 : 0.25379023, 2 : 0.14034647, 2 : 0.12825698",12
1.71534349491334E+018,"6 : 0.16666108, 2 : 0.09389767, 2 : 0.0861612",12
1.71526430093409E+018,"7 : 0.15755817, 12 : 0.07942706, 12 : 0.052054454",12
1.71096914296498E+018,"7 : 0.8284685, 4 : 0.061403982, 14 : 0.016786458",12
1.71075700917739E+018,"7 : 0.9414423, 4 : 0.014168038, 14 : 0.010885147",12
1.70798011949765E+018,"8 : 0.112680465, 12 : 0.1043462, 7 : 0.07693614",12
1.70789268905415E+018,"3 : 0.14341715, 3 : 0.12845065, 13 : 0.037170798",12
1.70642912511774E+018,"8 : 0.20979483, 12 : 0.06700964, 12 : 0.06429372",12
1.70394442650929E+018,"10 : 0.69334394, 10 : 0.02586988, 6 : 0.014396984",12
1.70176025330428E+018,"12 : 0.38488007, 3 : 0.07748163, 7 : 0.046981066",12
1.69843579043266E+018,"3 : 0.15298209, 13 : 0.04812193, 3 : 0.0465606",12
1.69773807285351E+018,"7 : 0.78168327, 7 : 0.16436884, 7 : 0.038564734",12
1.69771175482007E+018,"7 : 0.83481246, 7 : 0.094767794, 7 : 0.035327643",12
1.6966449391933E+018,"10 : 0.309456, 7 : 0.25409654, 7 : 0.12288777",12
1.69433572326713E+018,"7 : 0.4628252, 14 : 0.12550293, 13 : 0.031997282",12
1.6926375223146E+018,"7 : 0.97049934, 7 : 0.014022724, 3 : 0.0025256553",12
1.69073291780085E+018,"12 : 0.065202996, 7 : 0.047045007, 4 : 0.042493917",12
1.69046338594494E+018,"7 : 0.84024864, 7 : 0.0715465, 3 : 0.023866728",12
1.68846241190308E+018,"2 : 0.38080657, 7 : 0.0805242, 12 : 0.07385874",12
1.68720841249942E+018,"7 : 0.9452793, 7 : 0.03455921, 7 : 0.009777638",12
1.68643814209226E+018,"8 : 0.3003884, 13 : 0.08580411, 8 : 0.058430098",12
1.68560327041106E+018,"7 : 0.8290153, 7 : 0.14242554, 3 : 0.013548677",12
1.68144376317901E+018,"7 : 0.59303576, 2 : 0.078121044, 2 : 0.023130724",12
1.68059591053778E+018,"3 : 0.036492582, 3 : 0.030871844, 2 : 0.03071091",12
1.67486430493435E+018,"7 : 0.37884888, 7 : 0.06311246, 6 : 0.032744482",12
1.67451835907537E+018,"7 : 0.9432809, 7 : 0.05668079, 7 : 6.719997e-06",12
1.67256002468818E+018,"12 : 0.61923015, 2 : 0.2701537, 2 : 0.009311636",12
1.67170490226179E+018,"7 : 0.48998708, 3 : 0.06856561, 3 : 0.059941307",12
1.66966281789133E+018,"7 : 0.22124961, 2 : 0.20272194, 7 : 0.17812814",12
1.66872031635897E+018,"7 : 0.90830094, 7 : 0.08899215, 7 : 0.0002472991",12
1.66811761607271E+018,"7 : 0.72419935, 7 : 0.275267, 7 : 0.00012358358",12
1.66803439086463E+018,"7 : 0.7262052, 7 : 0.2733803, 7 : 8.831795e-05",12
1.66726770330634E+018,"7 : 0.58126503, 7 : 0.12514602, 7 : 0.058541875",12
1.66588449081786E+018,"2 : 0.46092245, 12 : 0.14721209, 2 : 0.055222802",12
1.66510929103845E+018,"2 : 0.1075166, 7 : 0.09295988, 7 : 0.049003348",12
1.66488199735168E+018,"7 : 0.35038215, 14 : 0.11536391, 7 : 0.036521975",12
1.66472716834284E+018,"7 : 0.15375249, 2 : 0.11948117, 2 : 0.060275406",12
1.66369897912634E+018,"7 : 0.93760896, 7 : 0.0058355676, 2 : 0.0009899838",12
1.66149983204731E+018,"3 : 0.2980981, 3 : 0.27188203, 3 : 0.044395123",12
1.66119048026708E+018,"12 : 0.14144148, 3 : 0.05093943, 3 : 0.041342586",12
1.65929855400991E+018,"7 : 0.09401494, 7 : 0.08902599, 7 : 0.073689274",12
2.21021627954442E+018,"9 : 0.8101043, 9 : 0.018622512, 2 : 0.015710123",12
2.20915374389394E+018,"2 : 0.9731886, 7 : 0.0018682554, 7 : 0.0012788376",12
2.20761959478819E+018,"2 : 0.5783074, 7 : 0.21412951, 4 : 0.025798704",12
2.2066139984184E+018,"11 : 0.315277, 11 : 0.2086029, 1 : 0.083741695",12
2.20538066739576E+018,"8 : 0.17074692, 9 : 0.16076945, 8 : 0.14682166",12
2.20449544248242E+018,"4 : 0.74900174, 7 : 0.029014004, 3 : 0.027855141",12
2.20343873662955E+018,"11 : 0.24110898, 2 : 0.1597125, 13 : 0.10986288",12
2.20224880653643E+018,"8 : 0.16779001, 7 : 0.07072035, 7 : 0.066317126",12
2.20111143950306E+018,"8 : 0.13238934, 1 : 0.05842386, 2 : 0.05208019",12
2.20007940983104E+018,"4 : 0.1619026, 7 : 0.060746145, 7 : 0.058381654",12
2.19907881892533E+018,"12 : 0.6267328, 12 : 0.12659523, 3 : 0.014379827",12
2.19823094288825E+018,"2 : 0.5071955, 11 : 0.14240088, 11 : 0.08249339",12
2.1972375396004E+018,"7 : 0.23864442, 13 : 0.2368644, 9 : 0.1708019",12
2.19595582437244E+018,"8 : 0.6498744, 8 : 0.19142996, 8 : 0.006873959",12
2.19459633941399E+018,"2 : 0.38446, 9 : 0.1445902, 11 : 0.060272004",12
2.19363765062703E+018,"6 : 0.1434108, 7 : 0.09660848, 2 : 0.056583412",12
2.19225835640743E+018,"7 : 0.3052302, 7 : 0.29600394, 7 : 0.018112442",12
2.19068023322911E+018,"8 : 0.17448707, 7 : 0.07834871, 8 : 0.06867954",12
2.18940969740571E+018,"11 : 0.86592764, 1 : 0.06424705, 1 : 0.027998988",12
2.18867182438943E+018,"11 : 0.4602943, 1 : 0.36288103, 11 : 0.051539283",12
2.18795031999722E+018,"9 : 0.20124455, 8 : 0.14698856, 5 : 0.03245286",12
2.18662009326228E+018,"12 : 0.30258435, 12 : 0.086030185, 12 : 0.056797095",12
2.18522147393796E+018,"7 : 0.3424915, 2 : 0.07130672, 7 : 0.03801134",12
2.18426370294953E+018,"7 : 0.07101553, 7 : 0.070510104, 7 : 0.05052319",12
2.18358582702103E+018,"13 : 0.34547567, 13 : 0.083327115, 13 : 0.023614427",12
2.18226991689607E+018,"11 : 0.7301921, 1 : 0.093856215, 1 : 0.036603753",12
2.18145374588909E+018,"9 : 0.40801972, 11 : 0.24078353, 1 : 0.16644543",12
2.18000719201891E+018,"13 : 0.10353095, 2 : 0.09176459, 1 : 0.06281503",12
2.17921171482751E+018,"2 : 0.20810695, 7 : 0.08371799, 7 : 0.071932696",12
2.1784940035102E+018,"7 : 0.24162374, 2 : 0.121980935, 12 : 0.04561454",12
2.17697170417643E+018,"1 : 0.4347095, 11 : 0.35497656, 2 : 0.030019348",12
2.17556976472763E+018,"4 : 0.21656446, 2 : 0.21132796, 7 : 0.09088366",12
2.17433352149887E+018,"3 : 0.24529913, 7 : 0.096300654, 2 : 0.04590496",12
2.17403728196768E+018,"1 : 0.92962253, 12 : 0.009428326, 11 : 0.008088308",12
2.17331308320482E+018,"2 : 0.3579498, 11 : 0.14790523, 1 : 0.024443204",12
2.17191568065708E+018,"8 : 0.20163411, 8 : 0.063246325, 8 : 0.061413374",12
2.17066600900107E+018,"2 : 0.58530825, 11 : 0.016411595, 1 : 0.013511105",12
2.16982674475271E+018,"11 : 0.22807087, 11 : 0.10350952, 1 : 0.09769077",12
2.16895382998776E+018,"13 : 0.40376994, 6 : 0.3706173, 7 : 0.06489517",12
2.16757648295693E+018,"13 : 0.50087476, 11 : 0.08358803, 11 : 0.033695534",12
2.16620293546218E+018,"2 : 0.16903105, 12 : 0.045511425, 7 : 0.043170694",12
2.16476424697069E+018,"4 : 0.6250963, 2 : 0.07716293, 12 : 0.045384724",12
2.16384192364784E+018,"7 : 0.778214, 2 : 0.022063855, 4 : 0.019833395",12
2.16311070750274E+018,"1 : 0.24346398, 1 : 0.21063884, 1 : 0.08333358",12
2.16192093041946E+018,"12 : 0.681988, 11 : 0.052146833, 13 : 0.03489679",12
2.16092610276244E+018,"3 : 0.39347458, 3 : 0.05497813, 3 : 0.054402713",12
2.15972842395465E+018,"8 : 0.3250093, 8 : 0.16534661, 8 : 0.040597595",12
2.15909770129481E+018,"12 : 0.23074597, 13 : 0.20723613, 7 : 0.069983825",12
2.15835139510381E+018,"2 : 0.90352404, 11 : 0.031168202, 11 : 0.015849032",12
2.1576481094513E+018,"1 : 0.19470553, 2 : 0.11215038, 10 : 0.09634037",12
2.15660583983058E+018,"3 : 0.9023975, 2 : 0.013363861, 6 : 0.0019895427",12
2.1559276262997E+018,"3 : 0.42045698, 3 : 0.23502378, 3 : 0.043256458",12
2.15512145612319E+018,"8 : 0.34870327, 8 : 0.31304157, 4 : 0.05156565",12
2.15437326794799E+018,"2 : 0.91396314, 11 : 0.014457901, 11 : 0.012904307",12
2.15354214395262E+018,"7 : 0.35866654, 7 : 0.065482564, 2 : 0.035718236",12
2.15248497396642E+018,"11 : 0.2629507, 1 : 0.13796143, 1 : 0.105271846",12
2.15172473901032E+018,"13 : 0.12407778, 12 : 0.12131252, 8 : 0.09629476",12
2.1508762621476E+018,"1 : 0.3569132, 9 : 0.04156829, 1 : 0.031120013",12
2.14963451761116E+018,"7 : 0.6033259, 13 : 0.017969493, 7 : 0.016588615",12
2.14877261613112E+018,"2 : 0.59383905, 11 : 0.0451926, 1 : 0.022591656",12
2.14796111402017E+018,"7 : 0.49693832, 7 : 0.16516443, 7 : 0.04696431",12
2.14712159296152E+018,"8 : 0.50580585, 8 : 0.161979, 8 : 0.05082315",12
2.14595455359295E+018,"3 : 0.17552844, 13 : 0.1367286, 8 : 0.0672392",12
2.14502946109871E+018,"2 : 0.718039, 2 : 0.26844338, 12 : 0.0011042169",12
2.14377049324074E+018,"1 : 0.75516564, 11 : 0.04244968, 2 : 0.019350942",12
2.14280505226426E+018,"7 : 0.23847072, 7 : 0.09378842, 2 : 0.04756884",12
2.14151427685935E+018,"13 : 0.35568342, 13 : 0.084891565, 8 : 0.07590464",12
2.14072082791475E+018,"9 : 0.35593948, 11 : 0.31843832, 1 : 0.04782571",12
2.13944095988952E+018,"4 : 0.16252887, 3 : 0.07825868, 7 : 0.04391449",12
2.13870306783827E+018,"1 : 0.90551347, 2 : 0.0065154512, 11 : 0.006045813",12
2.13797289428964E+018,"13 : 0.6732289, 2 : 0.06762526, 2 : 0.062755935",12
2.1370095512209E+018,"7 : 0.29992554, 13 : 0.23597057, 13 : 0.03207856",12
2.13562786828469E+018,"7 : 0.23211268, 7 : 0.120176636, 4 : 0.10347886",12
2.13487000937011E+018,"8 : 0.85712975, 8 : 0.017163599, 8 : 0.011156469",12
2.13400504503309E+018,"3 : 0.997106, 3 : 0.0006839744, 3 : 5.2300173e-05",12
2.13286794946271E+018,"9 : 0.44594765, 5 : 0.24700306, 5 : 0.0036660477",12
2.13201360288122E+018,"2 : 0.7654267, 8 : 0.029066827, 7 : 0.013322874",12
2.1299772817882E+018,"3 : 0.4245763, 13 : 0.04183384, 13 : 0.023742517",12
2.12909576436281E+018,"2 : 0.66663975, 10 : 0.01430104, 13 : 0.012879163",12
2.12832848658301E+018,"9 : 0.33888626, 9 : 0.07703856, 1 : 0.033373654",12
2.12695256357731E+018,"4 : 0.34972504, 7 : 0.06985338, 7 : 0.05574564",12
2.12618243342772E+018,"3 : 0.58985025, 3 : 0.24343742, 3 : 0.01818763",12
2.12533673100483E+018,"7 : 0.55848604, 6 : 0.029048618, 2 : 0.021187866",12
2.12469963758473E+018,"9 : 0.12226578, 1 : 0.08925147, 1 : 0.08822104",12
2.12365081172835E+018,"13 : 0.14061223, 7 : 0.08557893, 2 : 0.06683993",12
2.12259221682937E+018,"13 : 0.06766848, 14 : 0.049580246, 12 : 0.030552322",12
2.12165983516338E+018,"2 : 0.6397696, 3 : 0.07036637, 7 : 0.06547999",12
2.12054808526959E+018,"13 : 0.9762429, 5 : 0.0060452577, 5 : 0.001762007",12
2.11962818873792E+018,"3 : 0.08172436, 2 : 0.04122532, 3 : 0.030462084",12
2.11840011771491E+018,"7 : 0.38642934, 4 : 0.33017012, 7 : 0.0468436",12
2.11684551969216E+018,"9 : 0.99096817, 12 : 0.0012234915, 6 : 0.0006165011",12
2.11595537007721E+018,"14 : 0.4826822, 7 : 0.11000169, 7 : 0.04468591",12
2.11468235116755E+018,"7 : 0.5181865, 7 : 0.32063615, 7 : 0.050210852",12
2.11120942862308E+018,"9 : 0.7096919, 8 : 0.08358124, 8 : 0.014844",12
2.10973829545352E+018,"3 : 0.23752369, 7 : 0.070991725, 7 : 0.059237823",12
2.10819665480116E+018,"2 : 0.5183093, 2 : 0.4681204, 14 : 0.0016471795",12
2.10654025737048E+018,"1 : 0.81434655, 4 : 0.01635626, 9 : 0.0041064024",12
2.10396650347791E+018,"9 : 0.11433986, 1 : 0.08465448, 9 : 0.04695941",12
2.10241913088704E+018,"7 : 0.22630964, 2 : 0.07786393, 7 : 0.04984841",12
2.10081659329572E+018,"2 : 0.93237484, 11 : 0.047409315, 11 : 0.003485371",12
2.09937076792534E+018,"2 : 0.6671149, 2 : 0.24150613, 8 : 0.07260878",12
2.0971889164206E+018,"8 : 0.57257, 8 : 0.22774914, 8 : 0.012088412",12
2.09514944936987E+018,"1 : 0.25066176, 4 : 0.18842855, 11 : 0.05023386",12
2.09319044483505E+018,"7 : 0.610657, 7 : 0.13547409, 13 : 0.053702615",12
2.09208200508581E+018,"11 : 0.08606839, 2 : 0.043888763, 2 : 0.033667587",12
2.08947568408214E+018,"2 : 0.7153276, 2 : 0.2830953, 7 : 0.00013637828",12
2.08836943423114E+018,"7 : 0.2533133, 7 : 0.18141785, 7 : 0.11268713",12
2.08655796078988E+018,"2 : 0.7379926, 13 : 0.018007975, 7 : 0.015772115",12
2.08569374000285E+018,"2 : 0.16109355, 3 : 0.12423315, 8 : 0.114986435",12
2.0844347715992E+018,"13 : 0.45268768, 8 : 0.24012525, 7 : 0.1512586",12
2.08274079336175E+018,"8 : 0.107818514, 3 : 0.053115703, 2 : 0.04145359",12
2.08185155200134E+018,"2 : 0.14363514, 7 : 0.109188356, 7 : 0.043540847",12
2.08007143385122E+018,"7 : 0.15328024, 2 : 0.11223717, 2 : 0.091962226",12
2.0783886867954E+018,"3 : 0.097011395, 3 : 0.052656878, 3 : 0.050782535",12
2.07696064490523E+018,"8 : 0.28923357, 8 : 0.10103049, 7 : 0.039269477",12
2.07549612289126E+018,"2 : 0.20774195, 6 : 0.054969046, 6 : 0.05277061",12
2.07388621753954E+018,"5 : 0.69427216, 9 : 0.02003819, 9 : 0.019171882",12
2.07288748831795E+018,"9 : 0.8070719, 8 : 0.07959978, 8 : 0.012486722",12
2.071727138646E+018,"2 : 0.40713587, 13 : 0.2510687, 7 : 0.035399962",12
2.07041275743953E+018,"1 : 0.6803096, 11 : 0.079971455, 2 : 0.02226511",12
2.06830597758944E+018,"8 : 0.35661504, 8 : 0.30900082, 8 : 0.026302481",12
2.06667869672455E+018,"2 : 0.33005738, 2 : 0.21112706, 2 : 0.096436396",12
2.06493864494858E+018,"1 : 0.17521809, 11 : 0.16920358, 11 : 0.096198656",12
2.06388801275743E+018,"2 : 0.47374743, 14 : 0.1393648, 2 : 0.10722986",12
2.06305893352607E+018,"8 : 0.22542939, 7 : 0.19554168, 7 : 0.08939715",12
2.06198666962574E+018,"13 : 0.1506323, 1 : 0.025263613, 13 : 0.02248298",12
2.06040744023909E+018,"3 : 0.2706891, 3 : 0.2537137, 3 : 0.08044118",12
2.05952131160623E+018,"2 : 0.04340454, 2 : 0.037099626, 8 : 0.03653819",12
2.05864409938077E+018,"7 : 0.09659607, 2 : 0.0893184, 7 : 0.053220693",12
2.05696979674396E+018,"2 : 0.8656641, 2 : 0.04732716, 8 : 0.019603884",12
2.05544448514368E+018,"7 : 0.17230633, 7 : 0.12452681, 7 : 0.074558035",12
2.05456230738376E+018,"2 : 0.39720285, 7 : 0.17848551, 8 : 0.043251596",12
2.05331099557327E+018,"1 : 0.17456196, 8 : 0.05489958, 2 : 0.05471904",12
2.05230080455998E+018,"7 : 0.23473166, 7 : 0.12795573, 8 : 0.07051765",12
2.05137366464301E+018,"8 : 0.12329689, 13 : 0.053494632, 1 : 0.042994764",12
2.05004164381963E+018,"6 : 0.04791073, 6 : 0.037654012, 6 : 0.035998765",12
2.04859240972357E+018,"8 : 0.9434247, 8 : 0.011709437, 8 : 0.0028781225",12
2.04672388946952E+018,"1 : 0.8310637, 1 : 0.04049246, 13 : 0.01060699",12
2.0457440670191E+018,"8 : 0.060416795, 2 : 0.033836868, 7 : 0.03177014",12
2.04431812819793E+018,"2 : 0.30433777, 11 : 0.2816247, 9 : 0.049248956",12
2.04343552875125E+018,"13 : 0.92761624, 7 : 0.033943545, 7 : 0.010104097",12
2.04297395625833E+018,"2 : 0.5365048, 3 : 0.07425364, 2 : 0.061420802",12
2.04122704838696E+018,"8 : 0.29250786, 4 : 0.12421137, 2 : 0.12159268",12
2.03934248271504E+018,"2 : 0.6477966, 2 : 0.15052316, 8 : 0.010117681",12
2.03833331959883E+018,"2 : 0.8330546, 2 : 0.13717018, 7 : 0.009395629",12
2.03710480116232E+018,"3 : 0.38905677, 7 : 0.034118548, 7 : 0.030351004",12
2.03631814529704E+018,"13 : 0.22184904, 2 : 0.038372125, 11 : 0.022500873",12
2.03523834204799E+018,"9 : 0.24176201, 1 : 0.12037024, 8 : 0.08058115",12
2.03407821073978E+018,"5 : 0.059968233, 7 : 0.05312911, 6 : 0.0400663",12
2.03269524611177E+018,"7 : 0.6653668, 2 : 0.13156353, 2 : 0.071532406",12
2.03149023766201E+018,"2 : 0.49489543, 11 : 0.241877, 2 : 0.031845007",12
2.03070173158883E+018,"1 : 0.39685923, 11 : 0.04222033, 8 : 0.030218044",12
2.02994098333373E+018,"2 : 0.13491713, 9 : 0.10661079, 2 : 0.044793412",12
2.0291028705442E+018,"7 : 0.22982176, 12 : 0.1181757, 7 : 0.041480623",12
2.02778721010095E+018,"7 : 0.37243527, 3 : 0.20281829, 4 : 0.088882",12
2.02638084368522E+018,"13 : 0.21285641, 7 : 0.13394721, 8 : 0.10190046",12
2.02561324643545E+018,"8 : 0.21036698, 2 : 0.15247235, 8 : 0.12975384",12
2.02485177399893E+018,"7 : 0.5642751, 7 : 0.0663634, 7 : 0.02251824",12
2.0241328726102E+018,"2 : 0.7569218, 9 : 0.07949796, 11 : 0.034109138",12
2.02326900752366E+018,"10 : 0.12286781, 7 : 0.09090671, 7 : 0.087708056",12
2.02269304512132E+018,"8 : 0.6639873, 8 : 0.05969324, 8 : 0.05254468",12
2.02176773638479E+018,"2 : 0.32207632, 2 : 0.25382584, 7 : 0.015975028",12
2.02103762730184E+018,"1 : 0.31555992, 7 : 0.10190494, 11 : 0.071088694",12
2.01990184445872E+018,"8 : 0.87352395, 4 : 0.020621192, 8 : 0.007963191",12
2.01949223413184E+018,"1 : 0.28736344, 8 : 0.18279253, 9 : 0.09875147",12
2.01830432609603E+018,"7 : 0.8333604, 7 : 0.06710491, 7 : 0.01684416",12
2.01758303270145E+018,"9 : 0.15285808, 5 : 0.0431737, 12 : 0.04291005",12
2.01693217853369E+018,"12 : 0.88690937, 12 : 0.0594804, 13 : 0.018265774",12
2.01622664801515E+018,"8 : 0.9528556, 8 : 0.0033314573, 4 : 0.0031230687",12
2.01540888034479E+018,"9 : 0.35791326, 9 : 0.28079084, 9 : 0.041755363",12
2.0145290405468E+018,"7 : 0.2971587, 4 : 0.14297372, 13 : 0.07177325",12
2.01393344808797E+018,"2 : 0.32362112, 2 : 0.19122632, 13 : 0.017124897",12
2.01236378935974E+018,"4 : 0.96181655, 7 : 0.01965576, 2 : 0.0023179068",12
2.01041625198144E+018,"7 : 0.08287596, 7 : 0.2335555",12
2.00966835514112E+018,"2 : 0.79379445, 2 : 0.19666988, 9 : 0.00052112446",12
2.00896909399019E+018,"2 : 0.5385906, 11 : 0.021014823, 11 : 0.013492112",12
2.00764718617182E+018,"7 : 0.5590053, 4 : 0.07555822, 7 : 0.07489915",12
2.00671403179643E+018,"8 : 0.16587839, 2 : 0.035445616, 3 : 0.026931524",12
2.00513564375613E+018,"2 : 0.4977888, 8 : 0.18671139, 2 : 0.088261425",12
2.0036262158519E+018,"2 : 0.2850698, 7 : 0.083858654, 2 : 0.07824594",12
2.00213012682667E+018,"8 : 0.86139435, 8 : 0.03906166, 8 : 0.037666917",12
2.00081850270198E+018,"8 : 0.16785602, 7 : 0.049952727, 13 : 0.045421056",12
2.00005138346585E+018,"8 : 0.8054665, 2 : 0.02584468, 2 : 0.0154419495",12
1.99894993849069E+018,"7 : 0.71643513, 7 : 0.12558074, 3 : 0.015333586",12
1.99806117116018E+018,"7 : 0.09396807, 2 : 0.07184921, 7 : 0.03491597",12
1.99721756945589E+018,"9 : 0.30914855, 9 : 0.1606025, 9 : 0.050567083",12
1.99641592724073E+018,"13 : 0.9148158, 8 : 0.027067548, 6 : 0.020283729",12
1.99513113238483E+018,"3 : 0.59618706, 12 : 0.058252886, 2 : 0.05235612",12
1.99373968276182E+018,"13 : 0.83149385, 12 : 0.015459236, 3 : 0.015352585",12
1.99127866270942E+018,"13 : 0.16602246, 7 : 0.031582296, 13 : 0.030730506",12
1.98998313191816E+018,"2 : 0.52846164, 3 : 0.20027119, 12 : 0.02567923",12
1.9884202876242E+018,"11 : 0.29331508, 1 : 0.103675224, 9 : 0.07512042",12
1.9865652762938E+018,"4 : 0.65118843, 2 : 0.041041456, 4 : 0.035804607",12
1.98561470451023E+018,"2 : 0.6738359, 6 : 0.061744347, 6 : 0.01162772",12
1.98406489702544E+018,"2 : 0.080879375, 8 : 0.044894543, 8 : 0.025995523",12
1.98281459549653E+018,"13 : 0.24055685, 7 : 0.21087368, 13 : 0.14456154",12
1.98147797877281E+018,"10 : 0.10440877, 9 : 0.07674499, 13 : 0.05108281",12
1.98058312926577E+018,"7 : 0.4842362, 7 : 0.12481334, 10 : 0.028349996",12
1.97893003771942E+018,"8 : 0.09175692, 8 : 0.05777579, 9 : 0.039018266",12
1.97787994101524E+018,"1 : 0.24375078, 11 : 0.19227268, 11 : 0.10895935",12
1.97696315328565E+018,"1 : 0.12856093, 2 : 0.07001285, 8 : 0.060784984",12
1.97603245051572E+018,"9 : 0.10882885, 14 : 0.09818075, 9 : 0.09096889",12
1.97494675094842E+018,"9 : 0.09739956, 4 : 0.0940383, 2 : 0.079852514",12
1.97332039951494E+018,"7 : 0.5245656, 2 : 0.04157665, 7 : 0.035998166",12
1.97203174597326E+018,"1 : 0.36439577, 8 : 0.112041645, 11 : 0.08182552",12
1.97105497713026E+018,"3 : 0.39569137, 9 : 0.09127011, 3 : 0.08432721",12
1.96985707428613E+018,"8 : 0.40417066, 8 : 0.1907389, 8 : 0.13194746",12
1.9682724727865E+018,"5 : 0.6109034, 5 : 0.061644267, 7 : 0.030344773",12
1.96698023186542E+018,"2 : 0.16891958, 1 : 0.08959303, 4 : 0.06129954",12
1.96560219537605E+018,"7 : 0.10721434, 10 : 0.059891783, 3 : 0.055856302",12
1.96488539690027E+018,"2 : 0.25792015, 4 : 0.14784, 7 : 0.048150774",12
1.963922444444E+018,"2 : 0.20402256, 9 : 0.17012277, 11 : 0.09601561",12
1.96323784957488E+018,"4 : 0.9426455, 13 : 0.02335826, 10 : 0.02140435",12
1.96183615660754E+018,"4 : 0.9198583, 13 : 0.006429817, 12 : 0.0017170887",12
1.96106694690652E+018,"4 : 0.21542965, 7 : 0.101162225, 7 : 0.07428858",12
2.20512272315058E+018,"3 : 0.69248295, 12 : 0.016338257, 7 : 0.015595092",12
2.20463274521382E+018,"7 : 0.13743116, 7 : 0.13310881, 7 : 0.07495816",12
2.20438669932112E+018,"7 : 0.5038416, 14 : 0.03734971, 7 : 0.017757138",12
2.20411993245159E+018,"7 : 0.2688735, 7 : 0.2382328, 7 : 0.05943907",12
2.20371092087879E+018,"7 : 0.8649688, 4 : 0.03084225, 7 : 0.007500319",12
2.19859354525888E+018,"2 : 0.9543519, 2 : 0.022618124, 7 : 0.0029365662",12
2.1924779882922E+018,"7 : 0.32916462, 4 : 0.14568147, 4 : 0.030554758",12
2.18594258141314E+018,"7 : 0.4130619, 7 : 0.067646824, 2 : 0.04348161",12
2.18138438196372E+018,"13 : 0.40070832, 13 : 0.045118354, 13 : 0.03240053",12
2.17983076336155E+018,"7 : 0.2564954, 12 : 0.123451576, 2 : 0.108874016",12
2.1771937475024E+018,"7 : 0.14338067, 12 : 0.068091236, 2 : 0.056526273",12
2.17502637510336E+018,"7 : 0.21873094, 3 : 0.13325042, 2 : 0.10185067",12
2.17351892037637E+018,"3 : 0.6352027, 3 : 0.16551316, 3 : 0.035374507",12
2.17000979470562E+018,"1 : 0.17012352, 7 : 0.053763043, 1 : 0.051533703",12
2.16831467689579E+018,"7 : 0.47447506, 7 : 0.120915584, 2 : 0.060435683",12
2.16636616008921E+018,"7 : 0.3853051, 7 : 0.0721669, 7 : 0.03551571",12
2.16451740952919E+018,"13 : 0.11616954, 14 : 0.066704, 8 : 0.037821073",12
2.16382132695603E+018,"10 : 0.38233748, 4 : 0.11195138, 7 : 0.06551589",12
2.15972349592224E+018,"10 : 0.67490864, 2 : 0.058204707, 13 : 0.02132188",12
2.15899622350016E+018,"12 : 0.27558953, 12 : 0.14361796, 12 : 0.11408563",12
2.1545350291754E+018,"7 : 0.79826665, 7 : 0.1599107, 7 : 0.0026898521",12
2.15239914462314E+018,"7 : 0.41063613, 2 : 0.04988739, 7 : 0.01570985",12
2.15151327051568E+018,"7 : 0.31322917, 4 : 0.28589582, 7 : 0.03564552",12
2.15029356654349E+018,"14 : 0.086920366, 6 : 0.04802332, 7 : 0.036016926",12
2.14732252503715E+018,"7 : 0.34921739, 7 : 0.13760029, 13 : 0.10125951",12
2.14443201549482E+018,"2 : 0.8279522, 7 : 0.081452385, 2 : 0.0051443735",12
2.14377658939403E+018,"10 : 0.8982806, 10 : 0.0027435645, 2 : 0.0018282164",12
2.14347203995724E+018,"7 : 0.06323115, 3 : 0.05942518, 7 : 0.05597614",12
2.14095673343865E+018,"13 : 0.7142921, 2 : 0.15544343, 7 : 0.02990825",12
2.13783058486778E+018,"10 : 0.32241178, 7 : 0.09765507, 10 : 0.050404236",12
2.1377062278067E+018,"7 : 0.528794, 7 : 0.08076136, 13 : 0.0738018",12
2.1372600793118E+018,"2 : 0.3114599, 2 : 0.055052273, 2 : 0.044710834",12
2.13296451968959E+018,"2 : 0.82643706, 2 : 0.048664276, 4 : 0.010629811",12
2.12923320920286E+018,"11 : 0.2271213, 13 : 0.068934985, 13 : 0.06414525",12
2.12128254646168E+018,"11 : 0.23732236, 1 : 0.17418012, 8 : 0.080892466",12
2.11888463420178E+018,"7 : 0.18044193, 14 : 0.14886644, 3 : 0.07147024",12
2.11821541274E+018,"7 : 0.051800393, 7 : 0.038393997, 7 : 0.03262343",12
2.1115604311357E+018,"12 : 0.46648732, 2 : 0.103935525, 12 : 0.05012789",12
2.09809832438048E+018,"7 : 0.3197385, 7 : 0.105821714, 7 : 0.08068897",12
2.09361628321726E+018,"12 : 0.7441651, 12 : 0.016430546, 2 : 0.012120048",12
2.08271467202659E+018,"7 : 0.47219387, 12 : 0.04011608, 2 : 0.039430965",12
2.08033650031467E+018,"1 : 0.7992588, 1 : 0.039078657, 8 : 0.032348502",12
2.07935459522594E+018,"7 : 0.3917161, 7 : 0.28452793, 7 : 0.091838896",12
2.07775907249023E+018,"14 : 0.52127695, 13 : 0.030644435, 4 : 0.02840678",12
2.0754129952253E+018,"2 : 0.4729454, 8 : 0.08073364, 7 : 0.038916357",12
2.07403227651789E+018,"7 : 0.11714881, 10 : 0.07974548, 7 : 0.056375436",12
2.07351575633525E+018,"10 : 0.11992076, 3 : 0.111934446, 12 : 0.058129866",12
2.07311363584457E+018,"2 : 0.9939177, 2 : 0.0011463069, 11 : 0.00067768304",12
2.07277319892909E+018,"14 : 0.2745125, 7 : 0.20343608, 7 : 0.14027803",12
2.07254452569189E+018,"12 : 0.90569425, 2 : 0.013399227, 3 : 0.010844921",12
2.07060900793256E+018,"7 : 0.19104955, 7 : 0.04710965, 12 : 0.04644149",12
2.05812505191169E+018,"3 : 0.36107716, 2 : 0.2041607, 6 : 0.09613268",12
2.05524157060672E+018,"7 : 0.57946604, 7 : 0.039262068, 7 : 0.025938172",12
2.05259311946529E+018,"13 : 0.7387065, 7 : 0.03663994, 13 : 0.026992068",12
2.04597797747283E+018,"2 : 0.27386495, 7 : 0.09547319, 14 : 0.034828868",12
2.0430970853179E+018,"7 : 0.07203912, 7 : 0.04614271, 7 : 0.038404286",12
2.03565878400704E+018,"1 : 0.9476123, 1 : 0.007680382, 11 : 0.0036202897",12
2.03293459745739E+018,"7 : 0.31872216, 7 : 0.266345, 10 : 0.021924911",12
2.02407151646111E+018,"7 : 0.5834387, 2 : 0.124661736, 2 : 0.063582055",12
2.0217118800419E+018,"7 : 0.9176649, 13 : 0.033304263, 7 : 0.0073106303",12
2.01980876088252E+018,"2 : 0.6438733, 2 : 0.109205395, 12 : 0.015334369",12
2.01964342717219E+018,"13 : 0.8715848, 13 : 0.1231757, 12 : 0.0029830576",12
2.01799408220248E+018,"12 : 0.95187265, 13 : 0.034810882, 13 : 0.0024272935",12
2.00984857557739E+018,"3 : 0.44283956, 3 : 0.111888655, 3 : 0.0315415",12
2.00984620713772E+018,"2 : 0.15549159, 2 : 0.081931, 3 : 0.07482475",12
2.00984352652462E+018,"3 : 0.118898384, 2 : 0.06536786, 3 : 0.062179618",12
2.00984014076506E+018,"2 : 0.19136949, 3 : 0.16199428, 2 : 0.088056535",12
2.00983779377501E+018,"3 : 0.52191776, 3 : 0.14173421, 3 : 0.032658678",12
2.00729956965509E+018,"3 : 0.32366723, 3 : 0.07142344, 7 : 0.06565428",12
2.00688721787353E+018,"7 : 0.40442416, 7 : 0.05916687, 14 : 0.04859761",12
2.00683200059779E+018,"7 : 0.08412527, 2 : 0.062488906, 3 : 0.062101733",12
2.00618548544531E+018,"8 : 0.36456913, 7 : 0.07651468, 6 : 0.071017295",12
1.9974665200047E+018,"7 : 0.6042674, 13 : 0.15015085, 12 : 0.015506769",12
1.99559965819519E+018,"3 : 0.0776864, 2 : 0.06667239, 7 : 0.050107624",12
1.99168575266921E+018,"12 : 0.61420125, 2 : 0.32710323, 2 : 0.0233764",12
1.987998778443E+018,"2 : 0.5542882, 3 : 0.1591872, 7 : 0.028314387",12
1.98699365724632E+018,"8 : 0.20097566, 8 : 0.10158783, 13 : 0.064717166",12
1.97695429252349E+018,"7 : 0.08817597, 7 : 0.054859594, 2 : 0.042741604",12
1.97419309603369E+018,"13 : 0.40839946, 4 : 0.042986326, 13 : 0.03166338",12
1.97191740395291E+018,"3 : 0.29355547, 12 : 0.03520264, 12 : 0.032013148",12
1.96959844543009E+018,"2 : 0.25763485, 7 : 0.13542037, 1 : 0.046708133",12
1.96606218028288E+018,"1 : 0.31124467, 4 : 0.04544153, 9 : 0.037372824",12
1.96179227797019E+018,"12 : 0.70217955, 2 : 0.072505526, 12 : 0.03457577",12
1.95360299179501E+018,"13 : 0.12179308, 7 : 0.100751996, 7 : 0.038813397",12
1.94692704191786E+018,"3 : 0.12568994, 8 : 0.0827888, 2 : 0.040277798",12
1.94525073262331E+018,"7 : 0.1545022, 1 : 0.1497946, 11 : 0.12054897",12
1.9423691181432E+018,"13 : 0.2016874, 4 : 0.1896594, 2 : 0.08345356",12
1.93639744045856E+018,"4 : 0.059996616, 7 : 0.035549242, 7 : 0.032295246",12
1.93550751857065E+018,"13 : 0.9903999, 13 : 0.0025780057, 13 : 0.00085975614",12
1.9349157180992E+018,"7 : 0.85785824, 7 : 0.042732738, 2 : 0.022398671",12
1.92762447332727E+018,"13 : 0.08173566, 12 : 0.06561572, 2 : 0.0523472",12
1.92397506736691E+018,"14 : 0.24834178, 3 : 0.11262327, 12 : 0.0896008",12
1.92355210156111E+018,"2 : 0.34661415, 2 : 0.11129113, 12 : 0.07100817",12
1.92030581899947E+018,"7 : 0.44933283, 7 : 0.15040433, 7 : 0.06377345",12
1.91198087118982E+018,"13 : 0.68142825, 7 : 0.02261242, 2 : 0.019035358",12
1.91125904606598E+018,"12 : 0.16316913, 13 : 0.06662521, 13 : 0.050103135",12
1.91108490892411E+018,"12 : 0.6786278, 13 : 0.13816656, 13 : 0.026495984",12
1.91044865568992E+018,"13 : 0.5821308, 14 : 0.026978182, 13 : 0.016596194",12
1.90666672161781E+018,"7 : 0.2237544, 7 : 0.067797184, 2 : 0.050198514",12
1.90248350339711E+018,"7 : 0.24415869, 3 : 0.11244123, 3 : 0.093634605",12
1.90110772517194E+018,"3 : 0.8544299, 7 : 0.028142136, 7 : 0.019483553",12
1.90043530085567E+018,"7 : 0.41508755, 7 : 0.23257427, 8 : 0.11299698",12
1.89749717836935E+018,"3 : 0.84179556, 8 : 0.03872924, 8 : 0.0044974354",12
1.89647858720707E+018,"10 : 0.084274955, 3 : 0.0465365, 7 : 0.03702617",12
1.8957405545891E+018,"8 : 0.18716337, 7 : 0.06651756, 4 : 0.05757332",12
1.89560630157739E+018,"7 : 0.45601085, 7 : 0.113027595, 14 : 0.03266357",12
1.89046772938806E+018,"7 : 0.9616001, 3 : 0.0046194717, 7 : 0.0039225537",12
1.88844069012014E+018,"7 : 0.33009195, 10 : 0.095383964, 2 : 0.08380275",12
1.88695501507258E+018,"2 : 0.22765127, 13 : 0.04501483, 2 : 0.023912612",12
1.8862193653986E+018,"7 : 0.861142, 7 : 0.032296088, 4 : 0.019249072",12
1.88574353468703E+018,"13 : 0.5413185, 13 : 0.22812092, 13 : 0.01957162",12
1.88229365451004E+018,"1 : 0.93640697, 1 : 0.038507547, 8 : 0.0010170282",12
1.88047136171025E+018,"7 : 0.46212798, 7 : 0.13175257, 14 : 0.09839817",12
1.8767408090691E+018,"12 : 0.19995841, 13 : 0.16800292, 7 : 0.097391136",12
1.87550031000598E+018,"13 : 0.22577389, 13 : 0.058047958, 12 : 0.04178676",12
1.87289454657819E+018,"8 : 0.75905097, 7 : 0.18230048, 7 : 0.01661149",12
1.86533653816885E+018,"3 : 0.5146502, 8 : 0.012819457, 7 : 0.010596514",12
1.86470058886992E+018,"13 : 0.24782468, 7 : 0.14412223, 7 : 0.11020608",12
1.86318461211363E+018,"3 : 0.9238725, 3 : 0.044884875, 13 : 0.0026279625",12
1.86027944556928E+018,"7 : 0.080982864, 7 : 0.07841501, 13 : 0.048255127",12
1.85544651841093E+018,"2 : 0.3336712, 3 : 0.21612638, 7 : 0.10716023",12
1.84290464770865E+018,"1 : 0.27360454, 1 : 0.17260589, 11 : 0.06812988",12
1.83565005813597E+018,"3 : 0.50131696, 3 : 0.36191213, 2 : 0.030928392",12
1.83470715939529E+018,"4 : 0.26682028, 2 : 0.027802953, 2 : 0.023839744",12
1.83414272364321E+018,"7 : 0.13385785, 7 : 0.09597582, 7 : 0.06903514",12
1.83224213465502E+018,"14 : 0.14777783, 8 : 0.0954931, 7 : 0.088470735",12
1.82818155355532E+018,"3 : 0.9443279, 3 : 0.0046993885, 3 : 0.004201047",12
1.80884277041431E+018,"7 : 0.47343874, 7 : 0.099350505, 14 : 0.08481787",12
1.80830121544512E+018,"7 : 0.8063396, 7 : 0.06353603, 7 : 0.010756409",12
1.79998460117291E+018,"2 : 0.93394166, 3 : 0.022199988, 2 : 0.00063268817",12
1.79484978826287E+018,"8 : 0.7812452, 9 : 0.027410269, 8 : 0.025586769",12
1.79343992510737E+018,"12 : 0.61002785, 12 : 0.34633067, 12 : 0.0037106208",12
1.79127370302181E+018,"7 : 0.67513233, 2 : 0.17279422, 2 : 0.0628464",12
1.78873898650648E+018,"3 : 0.5300494, 2 : 0.14569284, 2 : 0.05105779",12
1.78860794758276E+018,"7 : 0.9760947, 7 : 0.007459377, 7 : 0.00321495",12
1.78627401822003E+018,"7 : 0.30380693, 7 : 0.26934496, 2 : 0.13775942",12
1.78213573190314E+018,"14 : 0.33126217, 7 : 0.11028338, 7 : 0.085914135",12
1.77528456718885E+018,"14 : 0.18021798, 13 : 0.16637883, 7 : 0.122489624",12
1.77344281828774E+018,"7 : 0.6811983, 14 : 0.19287774, 7 : 0.04145016",12
1.77342188695113E+018,"7 : 0.26400054, 14 : 0.21685027, 7 : 0.12862107",12
1.77259382917644E+018,"13 : 0.3339033, 13 : 0.2548495, 14 : 0.050674923",12
1.77246649200201E+018,"12 : 0.78162104, 13 : 0.08403089, 13 : 0.072364725",12
1.76897557072008E+018,"13 : 0.3866378, 14 : 0.09959303, 3 : 0.07807755",12
1.76315394405133E+018,"7 : 0.4287999, 7 : 0.14079404, 14 : 0.035051238",12
1.76255760205437E+018,"14 : 0.24393836, 3 : 0.07216293, 7 : 0.04485609",12
1.76228466635241E+018,"7 : 0.19213767, 7 : 0.07901574, 7 : 0.07237534",12
1.74368896177081E+018,"7 : 0.30470994, 7 : 0.08779995, 7 : 0.03978867",12
1.74335871331266E+018,"13 : 0.980097, 13 : 0.0038645393, 2 : 0.002988872",12
1.74267988094776E+018,"3 : 0.53950256, 3 : 0.23913446, 3 : 0.039720412",12
1.74090940752423E+018,"12 : 0.51992184, 12 : 0.30253372, 12 : 0.043126386",12
1.73512889521869E+018,"7 : 0.09493116, 2 : 0.0876097, 7 : 0.084470816",12
1.72549040303225E+018,"7 : 0.69031084, 7 : 0.043396395",12
1.71840861776946E+018,"9 : 0.2246237, 9 : 0.029244, 9 : 0.026259204",12
1.71388365579527E+018,"14 : 0.8972862, 2 : 0.008447386, 2 : 0.0068105836",12
1.7052850861805E+018,"3 : 0.47577295, 3 : 0.39635423, 3 : 0.022085842",12
1.70228256198621E+018,"13 : 0.36304656, 3 : 0.09741338, 13 : 0.03562771",12
1.6950222919925E+018,"12 : 0.12250415, 12 : 0.051423285, 7 : 0.04089951",12
1.69225609113359E+018,"3 : 0.3031379, 2 : 0.049755827, 7 : 0.043282937",12
1.68259462159258E+018,"12 : 0.11156915, 12 : 0.0843564, 12 : 0.06754654",12
1.67674903153391E+018,"13 : 0.5437993, 13 : 0.025890134, 13 : 0.013549614",12
1.66989396477534E+018,"12 : 0.8146919, 12 : 0.10286778, 12 : 0.020190092",12
1.66180493336158E+018,"7 : 0.07999997, 9 : 0.06681883, 7 : 0.057474513",12
1.66167560091566E+018,"2 : 0.18209244, 13 : 0.11616173, 12 : 0.08447126",12
1.66135617935945E+018,"7 : 0.38354123, 7 : 0.18971553, 12 : 0.14757071",12
1.66110350799205E+018,"7 : 0.17396665, 13 : 0.07764851, 4 : 0.06633556",12
1.66085714961697E+018,"13 : 0.6711154, 3 : 0.18738142, 13 : 0.035816517",12
1.65934267582368E+018,"3 : 0.45083565, 3 : 0.16218255, 3 : 0.04602259",12
1.65602711757697E+018,"12 : 0.42960542, 13 : 0.17645563, 12 : 0.025097562",12
1.65495566518906E+018,"8 : 0.91430855, 7 : 0.014503911, 7 : 0.007523909",12
1.65278396542304E+018,"7 : 0.15406634, 8 : 0.121148996, 2 : 0.069001004",12
1.64014898262382E+018,"3 : 0.53458655, 3 : 0.36859024, 3 : 0.011458318",12
1.63317802454583E+018,"2 : 0.98141956, 13 : 0.0004361885, 2 : 0.0003798031",12
1.63191525143163E+018,"7 : 0.2411982, 7 : 0.112696566, 10 : 0.08613484",12
1.63141764177923E+018,"7 : 0.26632786, 7 : 0.20543219, 14 : 0.03977393",12
1.63131264238659E+018,"13 : 0.74328643, 7 : 0.07161783, 7 : 0.03334012",12
1.63113783190856E+018,"13 : 0.5175521, 7 : 0.16567852, 13 : 0.035523966",12
1.62638353422459E+018,"3 : 0.26203808, 3 : 0.11463126, 3 : 0.06658003",12
1.61548475279807E+018,"13 : 0.08356504, 3 : 0.06655597, 3 : 0.0653272",12
1.61477655928919E+018,"12 : 0.15906215, 12 : 0.13474599, 2 : 0.115022875",12
1.61178922022836E+018,"3 : 0.5170887, 3 : 0.23707847, 3 : 0.10093786",12
1.60953172914804E+018,"7 : 0.6294516, 7 : 0.056479715, 7 : 0.029581405",12
1.60316942904664E+018,"9 : 0.3538658, 8 : 0.16906765, 1 : 0.020478228",12
1.60149077011245E+018,"8 : 0.95583534, 2 : 0.034907095, 2 : 0.003389202",12
1.59774486075628E+018,"7 : 0.065402254, 7 : 0.041124113, 7 : 0.037851416",12
1.57135780163701E+018,"2 : 0.21183683, 7 : 0.07571525, 7 : 0.06742428",12
1.53293784510137E+018,"2 : 0.24386291, 2 : 0.08433989, 2 : 0.052030135",12
1.53030299033277E+018,"12 : 0.40638638, 13 : 0.21398042, 10 : 0.025177395",12
1.52910219290794E+018,"2 : 0.15703347, 13 : 0.0764573, 7 : 0.045149192",12
1.51438344041362E+018,"3 : 0.8578054, 3 : 0.04584634, 3 : 0.021521594",12
1.51188952160673E+018,"2 : 0.31315628, 2 : 0.11230044, 2 : 0.06234996",12
1.5104280343304E+018,"1 : 0.18365654, 1 : 0.1359231, 11 : 0.12826557",12
1.50864737394962E+018,"2 : 0.17211983, 4 : 0.11390761, 12 : 0.050400108",12
1.49235854700938E+018,"7 : 0.32861176, 2 : 0.18398823, 12 : 0.15155467",12
1.48256411601814E+018,"13 : 0.43984556, 3 : 0.050657738, 7 : 0.042350594",12
1.48140296027766E+018,"7 : 0.08591888, 7 : 0.053603314, 12 : 0.052529976",12
1.46984603847812E+018,"7 : 0.58639777, 3 : 0.25604925, 7 : 0.019861003",12
1.46898329093356E+018,"13 : 0.4861099, 3 : 0.10318778, 7 : 0.041038122",12
1.46538849579035E+018,"3 : 0.77242213, 14 : 0.02433228, 3 : 0.022906046",12
1.46466172026574E+018,"2 : 0.65624666, 3 : 0.0063015567, 2 : 0.005485434",12
1.46393279996677E+018,"11 : 0.8880279, 2 : 0.047499105, 10 : 0.009119441",12
1.46301064911356E+018,"7 : 0.18693127, 7 : 0.1396925, 7 : 0.12403624",12
1.45820607500538E+018,"7 : 0.24684829, 7 : 0.0564037, 12 : 0.052121405",12
1.45787387285862E+018,"7 : 0.22707923, 14 : 0.1266537, 7 : 0.080919504",12
1.4550839316018E+018,"7 : 0.089332, 13 : 0.0686021, 10 : 0.053597435",12
1.44930623619279E+018,"7 : 0.59232354, 7 : 0.15901197, 14 : 0.05679309",12
1.44369848996425E+018,"6 : 0.37517753, 6 : 0.04752101, 2 : 0.043915916",12
1.4429889979315E+018,"13 : 0.1837146, 13 : 0.0980342, 13 : 0.07984107",12
1.43469524544224E+018,"13 : 0.48869222, 3 : 0.066834256, 2 : 0.063699834",12
1.41797799070935E+018,"2 : 0.60479826, 12 : 0.04565174, 7 : 0.04394189",12
2.20290406294354E+018,"4 : 0.9441542, 9 : 0.007071199, 5 : 0.0010182968",12
2.20108891322029E+018,"13 : 0.3096371, 8 : 0.028774079, 5 : 0.021518916",12
2.19957254748652E+018,"2 : 0.077760875, 9 : 0.073444605, 9 : 0.052370142",12
2.19439213204796E+018,"9 : 0.13053478, 5 : 0.123780586, 9 : 0.053477522",12
2.19370804405181E+018,"11 : 0.104791574, 3 : 0.05415687, 12 : 0.029266834",12
2.19224885082268E+018,"9 : 0.21839514, 9 : 0.051445074, 6 : 0.040609486",12
2.18941822674039E+018,"4 : 0.10517532, 3 : 0.09603951, 5 : 0.08573712",12
2.18795981542328E+018,"7 : 0.27692637, 7 : 0.27519274, 7 : 0.030017573",12
2.18637641565048E+018,"13 : 0.71166945, 6 : 0.2565805, 2 : 0.027515085",12
2.18414753860563E+018,"6 : 0.34389493, 6 : 0.11935809, 2 : 0.061002888",12
2.1734939429754E+018,"4 : 0.18423955, 5 : 0.14149131, 13 : 0.13761346",12
2.17048548475833E+018,"4 : 0.12738068, 7 : 0.06567885, 7 : 0.05910429",12
2.16840961729043E+018,"13 : 0.14878584, 2 : 0.100428194, 2 : 0.061894976",12
2.16179390720637E+018,"2 : 0.8341953, 8 : 0.075633526, 4 : 0.034548234",12
2.15807752682481E+018,"4 : 0.18154153, 7 : 0.09157146, 8 : 0.07122434",12
2.15175541342269E+018,"12 : 0.056413647, 2 : 0.055065192, 6 : 0.046471916",12
2.1413174280393E+018,"9 : 0.81846946, 5 : 0.13290894, 5 : 0.0014406284",12
2.13633533065199E+018,"3 : 0.07649415, 7 : 0.044975773, 7 : 0.035446208",12
2.12507754580758E+018,"6 : 0.559266, 6 : 0.20915689, 9 : 0.031426895",12
2.11452778042858E+018,"3 : 0.13227269, 2 : 0.05132424, 2 : 0.04956197",12
2.1061002848292E+018,"5 : 0.8519638, 4 : 0.028556352, 1 : 0.0062046233",12
2.09918719276871E+018,"2 : 0.23603186, 7 : 0.15976845, 2 : 0.052737374",12
2.08847136185667E+018,"10 : 0.33255476, 8 : 0.11746101, 5 : 0.04696342",12
2.07695375415868E+018,"1 : 0.25145766, 4 : 0.20510833, 9 : 0.073819146",12
2.07323695224267E+018,"6 : 0.1183636, 7 : 0.118113495, 11 : 0.10541195",12
2.04360138584916E+018,"2 : 0.38324356, 9 : 0.3328611, 12 : 0.020662662",12
2.04290977603953E+018,"4 : 0.8881563, 5 : 0.014956618, 13 : 0.0069319815",12
2.04223663515346E+018,"3 : 0.6862738, 7 : 0.11054413, 13 : 0.020520527",12
2.03921023035436E+018,"5 : 0.8387055, 9 : 0.10709068, 2 : 0.0012726699",12
2.03588743770559E+018,"13 : 0.21033731, 4 : 0.17291005, 13 : 0.15828156",12
2.03267759122767E+018,"9 : 0.58362263, 5 : 0.13414337, 6 : 0.016869282",12
2.0260464175415E+018,"9 : 0.53930116, 9 : 0.24278645, 7 : 0.048264608",12
2.02328563169827E+018,"9 : 0.8519567, 5 : 0.1316072, 1 : 0.00048177643",12
2.01809886133529E+018,"8 : 0.27392083, 9 : 0.116824515, 8 : 0.06961306",12
2.01672144629824E+018,"7 : 0.1662498, 7 : 0.15173168, 7 : 0.09171021",12
2.01334147320001E+018,"5 : 0.1369069, 1 : 0.09699135, 5 : 0.080316156",12
2.00809668133324E+018,"6 : 0.16862671, 3 : 0.09929725, 5 : 0.083711095",12
2.00670961985013E+018,"10 : 0.28894067, 2 : 0.037849423, 8 : 0.034063928",12
2.00543869534763E+018,"4 : 0.6142645, 2 : 0.14248888, 2 : 0.09656242",12
2.00397910072485E+018,"1 : 0.38616762, 1 : 0.36258966, 11 : 0.029105306",12
2.00247250517792E+018,"13 : 0.086888656, 9 : 0.059890684, 11 : 0.042693764",12
2.00096280283286E+018,"3 : 0.22783907, 3 : 0.19964273, 3 : 0.087374456",12
1.99518325362331E+018,"1 : 0.22683723, 11 : 0.13623779, 2 : 0.057550184",12
1.98644429831308E+018,"5 : 0.3210628, 7 : 0.03682002, 5 : 0.022830717",12
1.98193950429008E+018,"7 : 0.40360045, 7 : 0.21194527, 4 : 0.14272054",12
1.97629228134692E+018,"7 : 0.21823533, 12 : 0.12199051, 4 : 0.058963727",12
1.9741410585019E+018,"2 : 0.80823404, 4 : 0.01843806, 7 : 0.005305125",12
1.96661446500054E+018,"9 : 0.77814186, 13 : 0.055557724, 2 : 0.048668433",12
1.96012978821292E+018,"12 : 0.6950456, 7 : 0.04169112, 4 : 0.023515094",12
1.93212711798862E+018,"1 : 0.4478475, 9 : 0.06330611, 10 : 0.06123737",12
1.9286998708789E+018,"1 : 0.45470324, 13 : 0.0871087, 11 : 0.04868085",12
1.92385955792933E+018,"4 : 0.39467254, 5 : 0.07265071, 5 : 0.055307288",12
1.91539231369848E+018,"13 : 0.5000909, 7 : 0.023662372, 5 : 0.014996761",12
1.91469852203736E+018,"3 : 0.14175898, 9 : 0.051114794, 6 : 0.024706682",12
1.90538109579365E+018,"3 : 0.7905206, 3 : 0.13531424, 3 : 0.016643405",12
1.89519292057347E+018,"13 : 0.115558244, 13 : 0.073323846, 9 : 0.06025976",12
1.89433813196092E+018,"2 : 0.086569965, 13 : 0.078214295, 7 : 0.03613372",12
1.88495989923128E+018,"9 : 0.9999913, 8 : 1.912889e-06, 8 : 7.491023e-07",12
1.84640530255213E+018,"9 : 0.3242922, 5 : 0.14208071, 4 : 0.075763375",12
1.8419384951178E+018,"2 : 0.26953512, 9 : 0.22540808, 7 : 0.086134635",12
1.832116837044E+018,"9 : 0.87908906, 5 : 0.022666555, 5 : 0.012225526",12
1.82451867599271E+018,"2 : 0.65008104, 2 : 0.030573238, 2 : 0.025924377",12
1.82164812918147E+018,"5 : 0.35823664, 13 : 0.06319647, 12 : 0.0512428",12
1.81307417916396E+018,"4 : 0.39940774, 13 : 0.20570496, 9 : 0.14629798",12
1.80818881502858E+018,"13 : 0.6892466, 2 : 0.17366295, 2 : 0.009619216",12
1.80444284735534E+018,"9 : 0.15658729, 4 : 0.1319518, 2 : 0.06113256",12
1.79966539056206E+018,"9 : 0.3087449, 1 : 0.26953027, 11 : 0.007660272",12
1.7906170649169E+018,"5 : 0.15062478, 13 : 0.1307422, 6 : 0.03297958",12
1.78254152720809E+018,"9 : 0.9908738, 13 : 0.001826908, 13 : 0.0005643581",12
1.77827090380176E+018,"4 : 0.32322255, 5 : 0.30220485, 1 : 0.057547256",12
1.77461153002789E+018,"12 : 0.7227627, 4 : 0.025467208, 2 : 0.021825438",12
1.77203767551382E+018,"7 : 0.04915604, 4 : 0.048311383, 7 : 0.045118682",12
1.76337488195187E+018,"4 : 0.98835653, 2 : 0.0023308147, 2 : 0.0008453228",12
1.76253158872934E+018,"4 : 0.7433109, 9 : 0.07162733, 1 : 0.015162269",12
1.76091055448073E+018,"1 : 0.8423845, 11 : 0.037679978, 1 : 0.0068768826",12
1.75681765365096E+018,"4 : 0.17828694, 9 : 0.08009801, 4 : 0.0675291",12
1.75450305354872E+018,"5 : 0.85824144, 3 : 0.01196967, 3 : 0.0078968555",12
1.7544950502631E+018,"12 : 0.93010783, 4 : 0.025377234, 3 : 0.016481617",12
1.75240340796648E+018,"7 : 0.2989438, 7 : 0.21242052, 4 : 0.16595995",12
1.74563500726488E+018,"1 : 0.31687963, 10 : 0.2914175, 4 : 0.09145736",12
1.7384838804186E+018,"4 : 0.8011242, 1 : 0.14697227, 9 : 0.014264315",12
1.73632226947275E+018,"13 : 0.06896042, 3 : 0.068377845, 5 : 0.056631055",12
1.7275568126617E+018,"13 : 0.3329345, 2 : 0.16658922, 9 : 0.10847478",12
1.72602464431708E+018,"9 : 0.35478526, 5 : 0.34223843, 4 : 0.05794439",12
1.72545833495217E+018,"5 : 0.7885031, 4 : 0.10151511, 5 : 0.06604398",12
1.72345196327579E+018,"2 : 0.28030366, 11 : 0.27926037, 1 : 0.073433146",12
1.71381103329257E+018,"4 : 0.4216949, 5 : 0.41581252, 12 : 0.020297082",12
1.70308322878386E+018,"9 : 0.195734, 9 : 0.18081714, 5 : 0.11457338",12
1.69946111979703E+018,"6 : 0.17224918, 6 : 0.13712376, 6 : 0.03529448",12
1.68833775574552E+018,"9 : 0.6628462, 9 : 0.044140738, 1 : 0.040482454",12
1.6702198284836E+018,"9 : 0.40252262, 4 : 0.08243721, 1 : 0.029913353",12
1.66825129262691E+018,"7 : 0.4536551, 4 : 0.15761928, 7 : 0.06176603",12
1.66768765969668E+018,"5 : 0.54820645, 4 : 0.14167273, 5 : 0.09401847",12
1.66756102961622E+018,"4 : 0.08797452, 8 : 0.08387737, 2 : 0.06195642",12
1.66530130078904E+018,"9 : 0.5702445, 5 : 0.13046524, 4 : 0.040536776",12
1.66381941327273E+018,"1 : 0.9613893, 1 : 0.016875748, 11 : 0.0067494297",12
1.66328920662448E+018,"13 : 0.67856723, 13 : 0.050203156, 13 : 0.016588876",12
1.65952314255485E+018,"4 : 0.29994437, 12 : 0.09438731, 5 : 0.08199186",12
1.65679408736776E+018,"4 : 0.55104405, 5 : 0.1351189, 5 : 0.07407792",12
1.65656489485171E+018,"4 : 0.3286598, 5 : 0.1819576, 12 : 0.06763911",12
1.65589343545323E+018,"12 : 0.61026716, 2 : 0.21126786, 12 : 0.090180755",12
1.65436647623964E+018,"4 : 0.8324278, 5 : 0.053964216, 12 : 0.012897622",12
1.6528844124532E+018,"4 : 0.27510247, 5 : 0.057844, 5 : 0.040216688",12
1.64650411932491E+018,"6 : 0.6806207, 13 : 0.13558961, 6 : 0.029167082",12
1.64438701455941E+018,"5 : 0.16639881, 5 : 0.119944096, 4 : 0.06831908",12
1.6426399971439E+018,"5 : 0.61248004, 5 : 0.05728458, 4 : 0.052069884",12
1.64139280989295E+018,"1 : 0.520451, 9 : 0.2334853, 11 : 0.045214955",12
1.63848893571264E+018,"4 : 0.70604503, 5 : 0.029242212, 9 : 0.025631012",12
1.62622679058435E+018,"3 : 0.08969261, 4 : 0.08435843, 13 : 0.082812116",12
1.62245922847864E+018,"9 : 0.67871803, 4 : 0.07741204, 5 : 0.06863735",12
1.62092449474698E+018,"9 : 0.44733515, 5 : 0.058294144, 4 : 0.048103057",12
1.61685103670476E+018,"9 : 0.8806078, 1 : 0.014963729, 1 : 0.0021451341",12
1.61040103468155E+018,"4 : 0.3555686, 1 : 0.33047903, 6 : 0.017484149",12
1.59597259613061E+018,"13 : 0.87031025, 9 : 0.047872566, 13 : 0.011201145",12
1.5906128558988E+018,"9 : 0.5168409, 10 : 0.096408464, 5 : 0.022630401",12
1.58551064726932E+018,"14 : 0.20684262, 7 : 0.13222986, 7 : 0.09717483",12
1.56737874451814E+018,"9 : 0.20362166, 4 : 0.14455292, 5 : 0.11559602",12
1.56182764834611E+018,"4 : 0.36804378, 3 : 0.063833, 5 : 0.05572274",12
1.55165378206759E+018,"1 : 0.15700173, 12 : 0.11567621, 12 : 0.110510245",12
1.5491847998504E+018,"9 : 0.76867133, 5 : 0.08715073, 5 : 0.027124234",12
1.53899891736934E+018,"9 : 0.8254409, 5 : 0.0460147, 5 : 0.0035647498",12
1.53621592417108E+018,"4 : 0.11009537, 9 : 0.105584, 5 : 0.06156632",12
1.53430147706847E+018,"4 : 0.62316906, 3 : 0.03771795, 2 : 0.02793874",12
1.53076103971138E+018,"4 : 0.8951323, 2 : 0.0052639022, 13 : 0.0015584793",12
1.52755159535182E+018,"8 : 0.16555919, 5 : 0.13752854, 12 : 0.11765471",12
1.52542744079281E+018,"13 : 0.8201333, 13 : 0.022823635, 2 : 0.0062360833",12
1.51967072237166E+018,"3 : 0.5027818, 13 : 0.15046595, 9 : 0.04748782",12
1.5191947118004E+018,"4 : 0.812099, 9 : 0.114564784, 9 : 0.017373197",12
1.51608483298718E+018,"9 : 0.73501754, 5 : 0.04834418, 1 : 0.014965227",12
1.50960896408486E+018,"1 : 0.96714985, 1 : 0.005246431, 9 : 0.004619101",12
1.50524300746347E+018,"12 : 0.5578099, 9 : 0.07400687, 4 : 0.017589945",12
1.50227682927192E+018,"9 : 0.4998364, 4 : 0.024773184, 5 : 0.020326111",12
1.49854229946499E+018,"4 : 0.82301825, 3 : 0.012511689, 9 : 0.011243399",12
1.4962517674349E+018,"4 : 0.95609957, 13 : 0.018851826, 11 : 0.0035325047",12
1.49433397502237E+018,"5 : 0.4008196, 12 : 0.29289317, 4 : 0.14891423",12
1.49361357494016E+018,"9 : 0.53424025, 9 : 0.13397595, 13 : 0.1270563",12
1.48994128699554E+018,"1 : 0.33654583, 11 : 0.21582265, 1 : 0.03658159",12
1.48855221999675E+018,"5 : 0.42189354, 4 : 0.093804605, 7 : 0.05690709",12
1.48642150680341E+018,"11 : 0.1535217, 5 : 0.1468731, 4 : 0.092410855",12
1.48196220944475E+018,"3 : 0.7231845, 3 : 0.056046795, 14 : 0.052848894",12
1.4783043732682E+018,"5 : 0.42789462, 4 : 0.07634771, 14 : 0.035037715",12
1.47605413466592E+018,"1 : 0.04977076, 1 : 0.042484272, 9 : 0.042393148",12
1.47326565198068E+018,"7 : 0.08145062, 6 : 0.06641336, 2 : 0.048212126",12
1.4725862769059E+018,"7 : 0.59985244, 2 : 0.19797227, 7 : 0.043094315",12
1.47107817943414E+018,"4 : 0.19728126, 5 : 0.154785, 5 : 0.10364561",12
1.46819775365409E+018,"11 : 0.43720475, 11 : 0.40044665, 1 : 0.052396093",12
1.46521568582667E+018,"11 : 0.25895858, 9 : 0.23037635, 12 : 0.06526131",12
1.46163686600069E+018,"13 : 0.5516654, 7 : 0.11688652, 2 : 0.109352484",12
1.45723983137379E+018,"6 : 0.28677765, 9 : 0.19756733, 4 : 0.09650965",12
1.45320028578225E+018,"5 : 0.85744995, 14 : 0.01573573, 2 : 0.013817374",12
1.4522675577922E+018,"13 : 0.35852805, 9 : 0.08881926, 10 : 0.059944913",12
1.4357445484407E+018,"9 : 0.57288915, 5 : 0.05009465, 11 : 0.037215255",12
1.42895868112242E+018,"4 : 0.28934547, 1 : 0.115790956, 12 : 0.08648321",12
1.42558159140543E+018,"9 : 0.31606615, 13 : 0.28125343, 7 : 0.030413078",12
1.42501593645253E+018,"2 : 0.16172506, 2 : 0.06719626, 9 : 0.05218682",12
1.42184983419283E+018,"9 : 0.18050009, 5 : 0.11815209, 13 : 0.09536696",12
1.41812542731432E+018,"9 : 0.89789844, 5 : 0.0031068337, 5 : 0.0017230944",12
2.21054801051464E+018,"1 : 0.69216216, 13 : 0.06619037, 11 : 0.04709558",7
2.21046292248116E+018,"1 : 0.64921033, 11 : 0.21497723, 2 : 0.03652066",7
2.21037877237758E+018,"8 : 0.44494492, 10 : 0.11777836, 8 : 0.063243434",7
2.20977005873248E+018,"13 : 0.46072337, 11 : 0.14243697, 13 : 0.07632504",7
2.20964966845031E+018,"11 : 0.36458376, 2 : 0.24703956, 1 : 0.091852315",7
2.20903992011372E+018,"8 : 0.6149312, 7 : 0.10118044, 4 : 0.023166893",7
2.20897847337715E+018,"11 : 0.40372276, 2 : 0.20348224, 11 : 0.12902167",7
2.20893915359752E+018,"1 : 0.544595, 9 : 0.087811776, 1 : 0.0807345",7
2.20883200996623E+018,"1 : 0.22743171, 1 : 0.17424388, 11 : 0.14743929",7
2.20818425690843E+018,"13 : 0.88207054, 13 : 0.0774233, 13 : 0.01808604",7
2.2081141748769E+018,"12 : 0.20895864, 12 : 0.10267679, 2 : 0.061484165",7
2.20805540286305E+018,"11 : 0.41204977, 1 : 0.13220811, 9 : 0.017185375",7
2.20770695273843E+018,"1 : 0.44559455, 1 : 0.20171225, 11 : 0.06883151",7
2.20755459603806E+018,"1 : 0.7488751, 1 : 0.09950983, 11 : 0.004839142",7
2.20515009729409E+018,"1 : 0.90443426, 11 : 0.010545468, 1 : 0.009898461",7
2.2039460591562E+018,"1 : 0.3817573, 1 : 0.060433544, 1 : 0.053352814",7
2.20162231339596E+018,"7 : 0.1312068, 4 : 0.12908766, 4 : 0.09272487",7
2.20153064648106E+018,"7 : 0.13449508, 12 : 0.07659529, 12 : 0.067400284",7
2.20110082208405E+018,"7 : 0.24268289, 7 : 0.040603902, 13 : 0.02442017",7
2.20015891968332E+018,"1 : 0.8633585, 1 : 0.015707063, 1 : 0.0070656743",7
2.19966199830887E+018,"8 : 0.18669142, 6 : 0.1335664, 5 : 0.059060644",7
2.19961607933654E+018,"2 : 0.48467827, 12 : 0.04966898, 10 : 0.03539554",7
2.19945021686681E+018,"1 : 0.60276705, 2 : 0.08718883, 13 : 0.07758464",7
2.19866567533412E+018,"3 : 0.21858998, 7 : 0.060580213, 7 : 0.03546115",7
2.19861610141075E+018,"11 : 0.4882, 2 : 0.33556697, 11 : 0.027552092",7
2.19825539573081E+018,"9 : 0.997615, 5 : 0.0002194239, 11 : 0.00014818898",7
2.19606249920431E+018,"7 : 0.19389044, 11 : 0.1158189, 8 : 0.040572014",7
2.19590915321888E+018,"7 : 0.308567, 7 : 0.20625348, 13 : 0.032394845",7
2.19534776972942E+018,"1 : 0.8960959, 1 : 0.012555956, 1 : 0.0045949765",7
2.19431418248517E+018,"4 : 0.12480216, 9 : 0.083732404, 9 : 0.058260772",7
2.19431383510445E+018,"1 : 0.3161568, 2 : 0.22571169, 11 : 0.06568494",7
2.19375134748929E+018,"1 : 0.8829468, 1 : 0.0040923036, 1 : 0.0034295805",7
2.19295792568168E+018,"13 : 0.28830108, 2 : 0.07374886, 1 : 0.06193036",7
2.1929478260326E+018,"13 : 0.17405063, 13 : 0.14618619, 13 : 0.079485014",7
2.19273092072176E+018,"13 : 0.30290473, 3 : 0.05247931, 7 : 0.049191803",7
2.19247704195854E+018,"1 : 0.07265024, 1 : 0.058737695, 9 : 0.04308773",7
2.19240483756867E+018,"13 : 0.2015053, 2 : 0.092613086, 2 : 0.066567175",7
2.19233872093438E+018,"7 : 0.046182897, 7 : 0.19262521",7
2.19217967193697E+018,"7 : 0.46569216, 7 : 0.055951983, 13 : 0.021591766",7
2.19216483818574E+018,"9 : 0.2626388, 7 : 0.22133222, 7 : 0.12740901",7
2.19211985886329E+018,"13 : 0.4043261, 2 : 0.2658345, 11 : 0.05957827",7
2.19205994572273E+018,"2 : 0.18969032, 9 : 0.110568225, 11 : 0.043083422",7
2.19205419633795E+018,"7 : 0.7188055, 7 : 0.06286459, 14 : 0.0156563",7
2.19200691676771E+018,"14 : 0.09170328, 13 : 0.026177416, 3 : 0.023779942",7
2.19180361092559E+018,"7 : 0.35998505, 14 : 0.17865229, 6 : 0.03936684",7
2.19179615485236E+018,"13 : 0.332969, 13 : 0.13043912, 7 : 0.109756455",7
2.19165823498986E+018,"13 : 0.21079531, 8 : 0.18868892, 13 : 0.03934918",7
2.1914797017206E+018,"13 : 0.27955914, 1 : 0.24963011, 13 : 0.1565816",7
2.1909170939801E+018,"11 : 0.29364002, 11 : 0.24104396, 1 : 0.11068613",7
2.1906129047358E+018,"2 : 0.27842855, 1 : 0.14157006, 11 : 0.1019127",7
2.19056601333939E+018,"2 : 0.097151846, 12 : 0.08818452, 1 : 0.02233573",7
2.19018973924875E+018,"1 : 0.79678684, 11 : 0.06209485, 2 : 0.018690469",7
2.18984241692044E+018,"11 : 0.29889226, 7 : 0.10344696, 2 : 0.06813433",7
2.18944379816838E+018,"1 : 0.10589037, 2 : 0.092308596, 3 : 0.0441229",7
2.18913193682771E+018,"13 : 0.35153437, 3 : 0.14639983, 9 : 0.096636556",7
2.18871471685188E+018,"13 : 0.53284585, 13 : 0.40054956, 11 : 0.0138706565",7
2.18864337760447E+018,"1 : 0.67050725, 1 : 0.013942462, 9 : 0.0073409136",7
2.18863414323189E+018,"11 : 0.39924356, 2 : 0.10276692, 12 : 0.09492117",7
2.18859291392832E+018,"11 : 0.6437885, 2 : 0.039436955, 11 : 0.018986447",7
2.18796794312868E+018,"3 : 0.85207146, 13 : 0.028851455, 2 : 0.023685155",7
2.18744219566863E+018,"11 : 0.4655114, 2 : 0.05462451, 3 : 0.043074943",7
2.18607110559247E+018,"8 : 0.4357588, 8 : 0.20801324, 8 : 0.17732197",7
2.18568670360446E+018,"7 : 0.8764002, 7 : 0.022380237, 13 : 0.0039670295",7
2.18428232017381E+018,"8 : 0.11983707, 10 : 0.06476295, 9 : 0.058637794",7
2.18428112084627E+018,"13 : 0.92293656, 13 : 0.07091787, 13 : 0.0021121844",7
2.18357808238121E+018,"1 : 0.39229074, 1 : 0.12549263, 11 : 0.12001555",7
2.182234468214E+018,"7 : 0.112693384, 13 : 0.10589118, 6 : 0.10072329",7
2.18212429250704E+018,"3 : 0.35332933, 3 : 0.1264526, 3 : 0.032189183",7
2.18195013882883E+018,"2 : 0.20319448, 2 : 0.120564595, 2 : 0.08506636",7
2.17861274279045E+018,"9 : 0.9987808, 7 : 0.00015953866, 10 : 6.9187474e-05",7
2.17643122080316E+018,"3 : 0.24641891, 2 : 0.10688795, 1 : 0.061154",7
2.17580961742696E+018,"1 : 0.6575344, 2 : 0.041824337, 1 : 0.03391963",7
2.17507870212426E+018,"1 : 0.2895943, 13 : 0.12130991, 13 : 0.064983994",7
2.17287200567471E+018,"11 : 0.31198397, 2 : 0.30675718, 11 : 0.16566491",7
2.16952880680494E+018,"11 : 0.41657394, 1 : 0.18710865, 12 : 0.10141681",7
2.16927139403981E+018,"9 : 0.65835965, 13 : 0.064703174, 12 : 0.03344392",7
2.16920955578777E+018,"9 : 0.22161795, 1 : 0.08951135, 13 : 0.027372833",7
2.16913928793204E+018,"10 : 0.8783023, 6 : 0.016657865, 6 : 0.00845635",7
2.1690174661861E+018,"3 : 0.20694818, 2 : 0.16370738, 7 : 0.043505907",7
2.1689274665456E+018,"4 : 0.09919359, 2 : 0.08645443, 9 : 0.052323863",7
2.16892239966028E+018,"1 : 0.25022864, 11 : 0.08472285, 11 : 0.06481709",7
2.16888713008345E+018,"2 : 0.48934063, 11 : 0.07071312, 1 : 0.059086062",7
2.16855427813063E+018,"9 : 0.910729, 1 : 0.010578972, 9 : 0.0039335424",7
2.1684131608398E+018,"4 : 0.6523674, 13 : 0.067345455, 9 : 0.047365174",7
2.16781677128598E+018,"7 : 0.11751007, 7 : 0.09926119, 2 : 0.08736251",7
2.16746737092322E+018,"1 : 0.9498161, 1 : 0.005762574, 12 : 0.002929312",7
2.16608747582762E+018,"3 : 0.34848943, 3 : 0.20792681, 7 : 0.051780324",7
2.1660017324684E+018,"1 : 0.25397444, 1 : 0.2061614, 2 : 0.121050544",7
2.16593491251621E+018,"1 : 0.82820183, 1 : 0.014389004, 1 : 0.012116485",7
2.16567698460517E+018,"13 : 0.28883502, 2 : 0.07506239, 2 : 0.033669047",7
2.16559836853408E+018,"2 : 0.49755523, 12 : 0.072421476, 12 : 0.024599431",7
2.16559772610907E+018,"12 : 0.46801242, 7 : 0.030922096, 7 : 0.021616088",7
2.16552654630415E+018,"2 : 0.5482425, 2 : 0.060735516, 3 : 0.02411623",7
2.1653315982586E+018,"3 : 0.5813307, 3 : 0.25685018, 3 : 0.026698695",7
2.16528023856149E+018,"7 : 0.6515057, 13 : 0.06309177, 2 : 0.033485856",7
2.16494516563086E+018,"3 : 0.286719, 3 : 0.27528358, 7 : 0.17225704",7
2.16491069300712E+018,"9 : 0.99947256, 4 : 2.7651788e-05, 13 : 2.2750144e-05",7
2.16490744159101E+018,"12 : 0.3970265, 4 : 0.27684107, 12 : 0.085974276",7
2.16482254121082E+018,"12 : 0.49546027, 2 : 0.04118793, 13 : 0.019035509",7
2.16480999309491E+018,"7 : 0.43833074, 11 : 0.14020771, 7 : 0.07121741",7
2.16390409119199E+018,"1 : 0.916709, 1 : 0.0045885965, 11 : 0.0044096718",7
2.16342736948701E+018,"2 : 0.2766382, 11 : 0.13485344, 11 : 0.06928498",7
2.16311237767663E+018,"3 : 0.3644077, 7 : 0.10397604, 2 : 0.016328229",7
2.16311149936429E+018,"3 : 0.5676665, 13 : 0.38438305, 7 : 0.0025798627",7
2.16309568207344E+018,"2 : 0.30795953, 9 : 0.16014713, 4 : 0.15064266",7
2.16285118052349E+018,"7 : 0.7602367, 7 : 0.038949292, 7 : 0.032269225",7
2.16099461424395E+018,"2 : 0.91541815, 13 : 0.011508939, 10 : 0.0017102131",7
2.16026194289643E+018,"1 : 0.68107533, 11 : 0.09933985, 1 : 0.0572962",7
2.15971384727034E+018,"3 : 0.22669211, 7 : 0.14567107, 7 : 0.0938777",7
2.1597027146747E+018,"8 : 0.45103228, 5 : 0.09238175, 2 : 0.04051708",7
2.15913419258757E+018,"1 : 0.50641525, 11 : 0.13854012, 2 : 0.058176413",7
2.15906659010365E+018,"1 : 0.838398, 2 : 0.030927546, 11 : 0.019007383",7
2.15739985272392E+018,"1 : 0.17502345, 1 : 0.074029595, 2 : 0.059607424",7
2.15606009266233E+018,"1 : 0.69795126, 1 : 0.04806045, 11 : 0.016206268",7
2.1560014992672E+018,"7 : 0.101408884, 8 : 0.09006904, 13 : 0.085574724",7
2.15452613609324E+018,"13 : 0.060612954, 13 : 0.052104417, 9 : 0.04317555",7
2.15383382851051E+018,"2 : 0.294874, 1 : 0.2540004, 11 : 0.060711082",7
2.15365604932066E+018,"2 : 0.098023936, 12 : 0.058911305, 3 : 0.049705114",7
2.15181406495168E+018,"1 : 0.9471891, 12 : 0.0048957444, 1 : 0.0019370338",7
2.15176535321818E+018,"11 : 0.18710929, 2 : 0.08780633, 11 : 0.055087492",7
2.15109726554436E+018,"5 : 0.4253826, 10 : 0.17264082, 13 : 0.020790553",7
2.15085042081269E+018,"2 : 0.4821918, 11 : 0.16725177, 11 : 0.16483246",7
2.14889693296223E+018,"1 : 0.6850405, 11 : 0.06312673, 1 : 0.044999845",7
2.14878578742083E+018,"9 : 0.22361836, 12 : 0.16695026, 2 : 0.064732224",7
2.14875648910027E+018,"11 : 0.73614687, 7 : 0.13465428, 2 : 0.019000165",7
2.14801662351286E+018,"1 : 0.8569399, 11 : 0.027813366, 11 : 0.016956838",7
2.14724690228316E+018,"1 : 0.37940052, 11 : 0.36234412, 11 : 0.02255485",7
2.14710014053942E+018,"6 : 0.08181395, 11 : 0.06594031, 12 : 0.044885445",7
2.14605519704305E+018,"2 : 0.39560217, 7 : 0.20024753, 2 : 0.1617894",7
2.14389931269918E+018,"1 : 0.28319132, 13 : 0.1120521, 11 : 0.09871396",7
2.14284369820243E+018,"7 : 0.6557222, 7 : 0.1420403, 7 : 0.0115855755",7
2.14284176403262E+018,"10 : 0.41546962, 4 : 0.055819772, 2 : 0.044875767",7
2.14248058213174E+018,"12 : 0.5199092, 7 : 0.063830435, 7 : 0.062061027",7
2.14241397223889E+018,"11 : 0.7666293, 2 : 0.15671372, 2 : 0.022775274",7
2.14125097093661E+018,"12 : 0.8748007, 12 : 0.06777425, 7 : 0.004790971",7
2.13946547638414E+018,"1 : 0.74543405, 11 : 0.10078342, 1 : 0.026184384",7
2.1394634646785E+018,"1 : 0.8707464, 1 : 0.035332453, 4 : 0.016178412",7
2.13849016874294E+018,"1 : 0.80672586, 12 : 0.10334913, 2 : 0.0035367147",7
2.13702979236861E+018,"11 : 0.11289364, 2 : 0.075047046, 3 : 0.05890558",7
2.13655481040159E+018,"9 : 0.13653094, 7 : 0.04189221, 7 : 0.039476536",7
2.13287647501617E+018,"2 : 0.92699206, 2 : 0.06996453, 8 : 0.00023626552",7
2.13261506641208E+018,"7 : 0.3694285, 7 : 0.22576143, 7 : 0.051974844",7
2.13194169846827E+018,"9 : 0.14579755, 2 : 0.10736426, 9 : 0.048474528",7
2.13007703861097E+018,"1 : 0.2849899, 2 : 0.16695976, 1 : 0.090449914",7
2.12936751008082E+018,"9 : 0.9332362, 9 : 0.013701889, 11 : 0.0017795248",7
2.12845374870714E+018,"11 : 0.18120526, 13 : 0.0778873, 13 : 0.070428185",7
2.12818584941923E+018,"1 : 0.5457638, 11 : 0.3130324, 12 : 0.025952335",7
2.12716053933082E+018,"1 : 0.4481367, 11 : 0.18936677, 2 : 0.09387626",7
2.12697525778019E+018,"2 : 0.2102223, 2 : 0.050372053, 7 : 0.048920073",7
2.12682653789334E+018,"13 : 0.14368784, 1 : 0.1248037, 13 : 0.10482319",7
2.12645118926812E+018,"12 : 0.16336253, 12 : 0.07519339, 13 : 0.06568246",7
2.11759096153774E+018,"2 : 0.36670145, 8 : 0.23201998, 2 : 0.07541024",7
2.11465698769808E+018,"7 : 0.12461314, 7 : 0.06560526, 8 : 0.058797747",7
2.11465614474364E+018,"2 : 0.4979879, 11 : 0.09725204, 1 : 0.09455847",7
2.11416159426678E+018,"13 : 0.3273905, 9 : 0.05336751, 7 : 0.046116475",7
2.11110916657273E+018,"12 : 0.06770492, 11 : 0.06756592, 2 : 0.0635196",7
2.11091227881267E+018,"6 : 0.35744652, 7 : 0.20918982, 6 : 0.057166494",7
2.11042391855797E+018,"1 : 0.96575594, 1 : 0.0060285274, 9 : 0.0024086358",7
2.11022963569564E+018,"7 : 0.6093826, 3 : 0.059707884, 11 : 0.038440812",7
2.11011074670572E+018,"2 : 0.45922783, 1 : 0.26168084, 11 : 0.13249539",7
2.10955113646686E+018,"11 : 0.3118809, 11 : 0.20104624, 2 : 0.12347586",7
2.10955078562181E+018,"14 : 0.6022198, 8 : 0.06629885, 9 : 0.0546698",7
2.10953452068124E+018,"4 : 0.36304352, 7 : 0.15612037, 1 : 0.068369575",7
2.10953411257556E+018,"6 : 0.7674073, 9 : 0.0549091, 2 : 0.036056414",7
2.10822329352066E+018,"3 : 0.929971, 13 : 0.017831575, 13 : 0.0040713935",7
2.10817480537007E+018,"1 : 0.96141994, 11 : 0.0037045383, 1 : 0.0015243283",7
2.10677763644649E+018,"7 : 0.38320988, 7 : 0.22393893, 3 : 0.020862924",7
2.1067135763801E+018,"1 : 0.92277575, 9 : 0.008718137, 3 : 0.00443226",7
2.10593135770163E+018,"5 : 0.98384494, 10 : 0.0070180115, 13 : 0.0021766322",7
2.10465063668039E+018,"14 : 0.6812352, 8 : 0.17749089, 9 : 0.009606012",7
2.1012468900866E+018,"11 : 0.105976544, 2 : 0.044149335, 6 : 0.0395488",7
2.10051567641971E+018,"3 : 0.37065166, 3 : 0.088521324, 2 : 0.0869494",7
2.09969073443242E+018,"1 : 0.6734684, 11 : 0.026045183, 1 : 0.015434394",7
2.09938421000906E+018,"1 : 0.831301, 1 : 0.0067597507, 1 : 0.0040913285",7
2.09908657786626E+018,"8 : 0.18221703, 7 : 0.1621553, 8 : 0.11081447",7
2.09881157316753E+018,"1 : 0.89958215, 1 : 0.0036838937, 1 : 0.0020361883",7
2.09864838684819E+018,"2 : 0.41275415, 1 : 0.16232063, 11 : 0.074444085",7
2.09861803919819E+018,"1 : 0.9009846, 11 : 0.017810477, 7 : 0.005840833",7
2.09801672064104E+018,"1 : 0.9074706, 1 : 0.0057922103, 11 : 0.0018518005",7
2.09789671652838E+018,"11 : 0.7305463, 2 : 0.043562237, 11 : 0.042388733",7
2.0974386774593E+018,"1 : 0.91952795, 11 : 0.0054516764, 1 : 0.0020459683",7
2.09649829482981E+018,"4 : 0.15935084, 1 : 0.12006777, 9 : 0.07857696",7
2.09536357606478E+018,"1 : 0.526942, 2 : 0.35305658, 2 : 0.05124412",7
2.09528818088188E+018,"9 : 0.46062005, 7 : 0.033996463, 14 : 0.03083995",7
2.09478767518283E+018,"12 : 0.359368, 12 : 0.12151043, 12 : 0.027768482",7
2.09316116522767E+018,"11 : 0.63239604, 1 : 0.08313969, 2 : 0.024933215",7
2.09135406233615E+018,"2 : 0.31806418, 11 : 0.28352684, 11 : 0.10278014",7
2.09049558387905E+018,"1 : 0.3408781, 1 : 0.28888234, 4 : 0.06795984",7
2.08992703258159E+018,"3 : 0.37651908, 14 : 0.06313719, 7 : 0.04994565",7
2.08803440798997E+018,"1 : 0.7630392, 11 : 0.019450048, 1 : 0.0065411194",7
2.08801082783933E+018,"13 : 0.8602745, 13 : 0.07527304, 1 : 0.018355032",7
2.08718735230975E+018,"11 : 0.401148, 13 : 0.15515448, 1 : 0.114562094",7
2.08629946159781E+018,"10 : 0.42366824, 7 : 0.102023885, 7 : 0.026312731",7
2.08577537984024E+018,"11 : 0.30598494, 12 : 0.12020645, 4 : 0.050596185",7
2.08559197980432E+018,"7 : 0.74672854, 2 : 0.079785526, 7 : 0.021066403",7
2.08484654215964E+018,"11 : 0.35870492, 1 : 0.06353027, 11 : 0.05023046",7
2.08336591263114E+018,"1 : 0.96202433, 1 : 0.0032181211, 1 : 0.00097318843",7
2.07914588145999E+018,"2 : 0.70331633, 11 : 0.15660098, 11 : 0.019932862",7
2.07850495121543E+018,"1 : 0.81611884, 1 : 0.06979083, 11 : 0.005100789",7
2.07714334173424E+018,"1 : 0.40059873, 2 : 0.3308262, 11 : 0.03469289",7
2.07702707640588E+018,"11 : 0.20827162, 11 : 0.20150334, 2 : 0.17177282",7
2.07033784264049E+018,"11 : 0.3063512, 2 : 0.30429783, 11 : 0.037643213",7
2.06976220494264E+018,"10 : 0.28036278, 7 : 0.101974264, 13 : 0.05654099",7
2.06923845658858E+018,"1 : 0.90087795, 11 : 0.013623746, 1 : 0.002319684",7
2.06890415070401E+018,"11 : 0.31575945, 1 : 0.14118202, 11 : 0.025331184",7
2.06883935409422E+018,"8 : 0.19285177, 8 : 0.12991624, 7 : 0.08278614",7
2.06632124748421E+018,"7 : 0.34576562, 6 : 0.17550234, 5 : 0.078576125",7
2.06617077962827E+018,"9 : 0.096774116, 2 : 0.0851767, 12 : 0.07401116",7
2.06514626257721E+018,"2 : 0.38270167, 3 : 0.13254485, 2 : 0.071837224",7
2.06388425399091E+018,"7 : 0.1577875, 7 : 0.04627771, 13 : 0.03315487",7
2.06271580238947E+018,"11 : 0.97503734, 13 : 0.011515095, 13 : 0.0029207647",7
2.06235812618732E+018,"1 : 0.24953455, 11 : 0.24389197, 3 : 0.09640339",7
2.06180584244296E+018,"1 : 0.96724766, 1 : 0.0074035027, 6 : 0.00075123884",7
2.06114463419894E+018,"1 : 0.72499734, 2 : 0.07663039, 11 : 0.04225905",7
2.06041911963287E+018,"10 : 0.22685331, 13 : 0.16427912, 11 : 0.046571586",7
2.05967303725653E+018,"12 : 0.13909824, 1 : 0.04608669, 1 : 0.036959264",7
2.05902914381275E+018,"2 : 0.51671743, 7 : 0.24404512, 10 : 0.022701714",7
2.05900755406061E+018,"2 : 0.570698, 7 : 0.121503234, 11 : 0.07552578",7
2.05808903873843E+018,"2 : 0.46219274, 11 : 0.1641498, 1 : 0.16314343",7
2.05793308305531E+018,"10 : 0.5180635, 7 : 0.123144954, 14 : 0.104060985",7
2.05763951889503E+018,"1 : 0.92926663, 11 : 0.0099430885, 12 : 0.008340469",7
2.05760938016982E+018,"2 : 0.31411302, 1 : 0.20740052, 11 : 0.17101774",7
2.05751560522279E+018,"9 : 0.99007225, 10 : 0.0011550322, 13 : 0.0009247327",7
2.05748246240311E+018,"3 : 0.18854216, 11 : 0.17968348, 1 : 0.15343492",7
2.05745192155183E+018,"2 : 0.736589, 2 : 0.01980064, 3 : 0.010460717",7
2.05737258105864E+018,"2 : 0.59328663, 7 : 0.15630135, 10 : 0.090582855",7
2.05669244410375E+018,"1 : 0.33174065, 11 : 0.08287065, 11 : 0.082520336",7
2.05643548965892E+018,"3 : 0.66923255, 7 : 0.056244478, 2 : 0.029813386",7
2.0558767365933E+018,"7 : 0.13753983, 2 : 0.074506186, 7 : 0.0543412",7
2.05585176931912E+018,"2 : 0.136455, 14 : 0.11745025, 13 : 0.08953402",7
2.05541157040977E+018,"13 : 0.22853021, 3 : 0.1503928, 11 : 0.12963587",7
2.05535883287762E+018,"3 : 0.8109342, 2 : 0.02464834, 13 : 0.023534553",7
2.05518855998128E+018,"2 : 0.9730445, 7 : 0.011128509, 7 : 0.00538689",7
2.05476902533618E+018,"1 : 0.40174678, 12 : 0.1710446, 2 : 0.0777902",7
2.05472226622834E+018,"11 : 0.1879164, 1 : 0.08027674, 11 : 0.07126009",7
2.05388327258495E+018,"13 : 0.18804005, 7 : 0.1528426, 14 : 0.09345425",7
2.05381613388415E+018,"7 : 0.07695354, 4 : 0.076071694, 6 : 0.052011523",7
2.05362834559112E+018,"13 : 0.6820412, 4 : 0.027938098, 13 : 0.019156149",7
2.05351312996452E+018,"10 : 0.79644895, 7 : 0.050385937, 14 : 0.03894055",7
2.05329920874834E+018,"8 : 0.41513628, 3 : 0.050302893, 5 : 0.02299921",7
2.05319060682773E+018,"7 : 0.25091523, 7 : 0.24315827, 2 : 0.06638379",7
2.05314081003566E+018,"3 : 0.20307408, 4 : 0.18111736, 3 : 0.08176256",7
2.05252219401948E+018,"7 : 0.12903841, 7 : 0.10905381, 7 : 0.081504166",7
2.05233432479314E+018,"1 : 0.84430724, 1 : 0.011174501, 11 : 0.006575499",7
2.05230010146198E+018,"6 : 0.3518255, 13 : 0.044036668, 13 : 0.03732425",7
2.05225125174391E+018,"7 : 0.82582873, 7 : 0.088855594, 7 : 0.02064424",7
2.05225006955555E+018,"3 : 0.33112997, 2 : 0.07349323, 3 : 0.05321436",7
2.0518909487253E+018,"1 : 0.7248036, 1 : 0.16465576, 1 : 0.004801639",7
2.05174350802647E+018,"9 : 0.22781739, 13 : 0.110753514, 2 : 0.061328705",7
2.05160240461872E+018,"1 : 0.98158157, 1 : 0.0033969667, 1 : 0.0008628136",7
2.05158217718497E+018,"2 : 0.96890074, 3 : 0.014522884, 3 : 0.0025288328",7
2.05158102172144E+018,"7 : 0.29095677, 7 : 0.21804106, 7 : 0.1080816",7
2.05145702258444E+018,"13 : 0.488073, 11 : 0.16027483, 1 : 0.11385755",7
2.05107802872959E+018,"1 : 0.41648123, 2 : 0.1499677, 11 : 0.111548245",7
2.05098030745274E+018,"13 : 0.2380947, 2 : 0.11355018, 11 : 0.07299405",7
2.05090363900816E+018,"3 : 0.30025464, 3 : 0.28544748, 7 : 0.085817985",7
2.04951534496822E+018,"1 : 0.95726085, 9 : 0.0015369653, 12 : 0.00091985636",7
2.04934997746943E+018,"1 : 0.8611693, 11 : 0.008149546, 1 : 0.008037283",7
2.0491508896898E+018,"10 : 0.44706595, 2 : 0.18146761, 7 : 0.11669577",7
2.0489036712464E+018,"1 : 0.8831672, 1 : 0.014616902, 11 : 0.009437354",7
2.04883205665819E+018,"1 : 0.62433064, 1 : 0.0602593, 8 : 0.02432643",7
2.04867679265086E+018,"1 : 0.6904858, 11 : 0.019418774, 1 : 0.014285805",7
2.04818652456676E+018,"2 : 0.3202397, 12 : 0.2764156, 7 : 0.01918105",7
2.04815455574248E+018,"2 : 0.26990595, 2 : 0.045885388, 2 : 0.033273533",7
2.04805779740903E+018,"3 : 0.6223433, 3 : 0.07976039, 2 : 0.031341664",7
2.04803261745997E+018,"12 : 0.35842735, 7 : 0.1561495, 12 : 0.053612854",7
2.04786757455722E+018,"7 : 0.3922545, 6 : 0.088622555, 5 : 0.08264789",7
2.04776621371712E+018,"3 : 0.06311721, 8 : 0.033066604, 10 : 0.025580188",7
2.04776614988808E+018,"3 : 0.06311721, 8 : 0.033066604, 10 : 0.025580188",7
2.04756646815923E+018,"3 : 0.31905746, 12 : 0.15424588, 10 : 0.08300282",7
2.04750865736268E+018,"13 : 0.956986, 13 : 0.018110713, 3 : 0.011459107",7
2.04743143115771E+018,"3 : 0.47707194, 3 : 0.4257807, 3 : 0.016680865",7
2.04735420216592E+018,"7 : 0.35214838, 3 : 0.13406941, 3 : 0.046948213",7
2.04715102441996E+018,"3 : 0.11924079, 3 : 0.10813561, 2 : 0.06735907",7
2.04713734016558E+018,"7 : 0.21187638, 13 : 0.10901081, 7 : 0.09188857",7
2.04670350952173E+018,"11 : 0.20194776, 11 : 0.062176414, 1 : 0.04790111",7
2.04663885278974E+018,"1 : 0.1757508, 3 : 0.15586978, 11 : 0.06844351",7
2.04649154865689E+018,"3 : 0.342062, 3 : 0.3168963, 3 : 0.03285822",7
2.04646669397664E+018,"3 : 0.045657024, 3 : 0.037973914, 7 : 0.037701637",7
2.04640708849414E+018,"7 : 0.57776743, 3 : 0.14019941, 12 : 0.01899067",7
2.04634985362718E+018,"2 : 0.81104106, 3 : 0.08840517, 2 : 0.00130397",7
2.04451934679505E+018,"1 : 0.92303646, 14 : 0.008281857, 11 : 0.007316332",7
2.04431141645608E+018,"2 : 0.9621433, 3 : 0.0011745866, 13 : 0.00054586795",7
2.04357994241923E+018,"2 : 0.40157354, 3 : 0.36016667, 3 : 0.033469375",7
2.04292583159377E+018,"11 : 0.25420552, 2 : 0.06083134, 3 : 0.05991806",7
2.04234663154731E+018,"11 : 0.7573787, 11 : 0.06403368, 2 : 0.040577427",7
2.04207421750752E+018,"11 : 0.32978642, 1 : 0.17730547, 2 : 0.080650866",7
2.04205350475261E+018,"1 : 0.8831169, 1 : 0.073043734, 1 : 0.0035079469",7
2.04162563362445E+018,"2 : 0.30488098, 7 : 0.034704063, 7 : 0.03469344",7
2.04148789059403E+018,"2 : 0.2606376, 7 : 0.050333712, 7 : 0.039378587",7
2.04088048366058E+018,"7 : 0.380854, 12 : 0.10880118, 14 : 0.090698786",7
2.04082736634705E+018,"2 : 0.2079698, 1 : 0.10869635, 11 : 0.054760985",7
2.04076217548927E+018,"1 : 0.5816013, 2 : 0.07529617, 11 : 0.061444312",7
2.04011663728346E+018,"9 : 0.40812534, 9 : 0.041636843, 12 : 0.037390515",7
2.03992698369864E+018,"3 : 0.3693709, 2 : 0.05204458, 7 : 0.043523192",7
2.0393481579946E+018,"2 : 0.27599707, 11 : 0.25048277, 1 : 0.067594334",7
2.03920625671281E+018,"2 : 0.23403703, 11 : 0.13078079, 1 : 0.12888633",7
2.03863810655879E+018,"9 : 0.95876116, 9 : 0.0048575997, 13 : 0.0027781234",7
2.03862277631879E+018,"7 : 0.11637771, 6 : 0.109599784, 13 : 0.067734785",7
2.0381078904976E+018,"1 : 0.63973826, 2 : 0.07174989, 1 : 0.036579825",7
2.03740317279169E+018,"1 : 0.37612653, 11 : 0.28896517, 1 : 0.0760372",7
2.03731415673581E+018,"1 : 0.35300586, 1 : 0.20754024, 11 : 0.20681433",7
2.03715491252522E+018,"9 : 0.2611066, 13 : 0.13031037, 3 : 0.11801022",7
2.03715171460325E+018,"13 : 0.26986477, 8 : 0.091328464, 11 : 0.09069223",7
2.0369969419084E+018,"2 : 0.6844426, 11 : 0.24350964, 9 : 0.004091657",7
2.03693832544648E+018,"1 : 0.5675806, 1 : 0.123188145, 11 : 0.023904068",7
2.03657013733492E+018,"13 : 0.44671077, 1 : 0.16561268, 13 : 0.13684785",7
2.03615332450171E+018,"2 : 0.9429072, 3 : 0.012430657, 12 : 0.0010833013",7
2.03578019546705E+018,"13 : 0.106921084, 9 : 0.09927897, 11 : 0.0624499",7
2.03572507096976E+018,"6 : 0.42751282, 9 : 0.07467266, 6 : 0.07029806",7
2.03520217266852E+018,"1 : 0.49575716, 11 : 0.036753375, 1 : 0.024668824",7
2.03506916583747E+018,"11 : 0.22388174, 2 : 0.17544523, 1 : 0.17096803",7
2.03420870912802E+018,"7 : 0.2818774, 2 : 0.04974592, 7 : 0.041469783",7
2.03420396198132E+018,"1 : 0.25982893, 1 : 0.094787076, 1 : 0.07572281",7
2.03417753687479E+018,"7 : 0.1336318, 2 : 0.05062935, 13 : 0.048166987",7
2.03280695235403E+018,"5 : 0.12972999, 9 : 0.09086607, 10 : 0.041431304",7
2.03265751855701E+018,"9 : 0.35111782, 13 : 0.28654942, 13 : 0.07286923",7
2.03216240894532E+018,"13 : 0.46894246, 2 : 0.1349613, 2 : 0.015187896",7
2.03208919032968E+018,"1 : 0.8690105, 11 : 0.028315755, 11 : 0.01066786",7
2.03132057755357E+018,"1 : 0.5788308, 1 : 0.09502755, 2 : 0.07908823",7
2.03129596463274E+018,"1 : 0.9375359, 11 : 0.00403484, 1 : 0.003776081",7
2.03122961948385E+018,"12 : 0.43193376, 3 : 0.14065233, 3 : 0.06340752",7
2.03070785065875E+018,"8 : 0.66635764, 3 : 0.026324283, 2 : 0.018477429",7
2.03070749181927E+018,"9 : 0.2884815, 2 : 0.06794989, 4 : 0.05961373",7
2.0307069630769E+018,"2 : 0.7166104, 1 : 0.041462537, 11 : 0.025087506",7
2.03070681501801E+018,"11 : 0.8363071, 2 : 0.038502257, 2 : 0.00939933",7
2.03070647607646E+018,"2 : 0.35381612, 13 : 0.2172584, 2 : 0.07764841",7
2.03070607904363E+018,"13 : 0.77329546, 13 : 0.12061489, 13 : 0.019340426",7
2.03070588115622E+018,"7 : 0.23183292, 7 : 0.10830796, 9 : 0.1051077",7
2.03070553380862E+018,"2 : 0.47850308, 11 : 0.18353178, 3 : 0.058112238",7
2.03070534332851E+018,"7 : 0.04330624, 13 : 0.040565077, 9 : 0.035564035",7
2.03070508913695E+018,"1 : 0.8396263, 1 : 0.01241395, 11 : 0.012213194",7
2.03058875191014E+018,"7 : 0.10623226, 10 : 0.10601674, 10 : 0.029834887",7
2.03049775471666E+018,"1 : 0.9565677, 12 : 0.02347274, 1 : 0.003964305",7
2.03003341384676E+018,"7 : 0.7462147, 2 : 0.056515615, 2 : 0.03041539",7
2.03002278822356E+018,"13 : 0.3873416, 2 : 0.025688464, 7 : 0.021783331",7
2.02991986363695E+018,"1 : 0.25016075, 11 : 0.16298349, 11 : 0.11139971",7
2.02988096398492E+018,"11 : 0.052229796, 2 : 0.048772912, 13 : 0.046064947",7
2.02968193478712E+018,"7 : 0.16100131, 10 : 0.13317025, 7 : 0.0994572",7
2.0293557098846E+018,"1 : 0.7371045, 11 : 0.069205046, 1 : 0.019046122",7
2.02907230161782E+018,"2 : 0.91735363, 3 : 0.01756327, 2 : 0.007445549",7
2.02905665875145E+018,"3 : 0.40718323, 7 : 0.22756396, 13 : 0.20136185",7
2.02849319029935E+018,"7 : 0.28547743, 7 : 0.17976484, 7 : 0.023182517",7
2.02794583635354E+018,"11 : 0.49672246, 1 : 0.20171021, 11 : 0.0768198",7
2.02793739061915E+018,"4 : 0.76866823, 1 : 0.15621834, 9 : 0.0353187",7
2.02769245598307E+018,"1 : 0.7050047, 1 : 0.09261483, 1 : 0.023943232",7
2.02619515346863E+018,"3 : 0.30277237, 3 : 0.252702, 3 : 0.118357174",7
2.02539197201896E+018,"11 : 0.3786945, 11 : 0.18093954, 1 : 0.07274867",7
2.02480611050336E+018,"1 : 0.98421484, 1 : 0.0017831755, 12 : 0.0009406874",7
2.02470077399755E+018,"1 : 0.70845246, 11 : 0.0868238, 12 : 0.023524182",7
2.02404234356639E+018,"11 : 0.7453743, 2 : 0.12455968, 11 : 0.03155212",7
2.02394886244365E+018,"1 : 0.25095776, 2 : 0.16210021, 11 : 0.14116077",7
2.02334241067056E+018,"11 : 0.37448353, 1 : 0.088265285, 2 : 0.0414541",7
2.02326862453376E+018,"13 : 0.09373329, 11 : 0.07083367, 1 : 0.03272415",7
2.02253651267087E+018,"11 : 0.3994195, 1 : 0.33902946, 11 : 0.099610336",7
2.02209701903586E+018,"11 : 0.3086136, 1 : 0.13049427, 2 : 0.10431182",7
2.02202154449827E+018,"4 : 0.45656106, 11 : 0.05128466, 9 : 0.031787965",7
2.02202079020297E+018,"7 : 0.16334115, 7 : 0.050131477, 4 : 0.025261726",7
2.02201837327721E+018,"4 : 0.31152165, 12 : 0.15723412, 7 : 0.11206488",7
2.02201724856641E+018,"3 : 0.39725646, 7 : 0.21423003, 13 : 0.19663155",7
2.02201652573674E+018,"13 : 0.39572564, 1 : 0.117035076, 11 : 0.11580944",7
2.02201603777975E+018,"4 : 0.9991492, 1 : 0.00015629358, 1 : 8.415549e-05",7
2.02201541984135E+018,"8 : 0.20201056, 6 : 0.106464975, 5 : 0.09843857",7
2.02201496740189E+018,"3 : 0.6938666, 2 : 0.021182673, 13 : 0.018510671",7
2.02201357550513E+018,"7 : 0.2544616, 7 : 0.12641796, 4 : 0.09670517",7
2.02201322332643E+018,"12 : 0.39909187, 12 : 0.043196835, 2 : 0.025613679",7
2.02201282706522E+018,"5 : 0.30025113, 5 : 0.07595817, 3 : 0.053232916",7
2.02201241300345E+018,"2 : 0.13867265, 7 : 0.04200731, 3 : 0.032852374",7
2.02201195174753E+018,"8 : 0.6040357, 8 : 0.04640832, 8 : 0.018272402",7
2.02201184757133E+018,"3 : 0.6559744, 13 : 0.029846761, 12 : 0.026487034",7
2.0219594269483E+018,"7 : 0.35892493, 13 : 0.09464153, 7 : 0.075668104",7
2.02176589554592E+018,"7 : 0.32105625, 7 : 0.23810436, 2 : 0.037377425",7
2.02127311135024E+018,"13 : 0.13778086, 7 : 0.123889595, 7 : 0.11097684",7
2.02126912692922E+018,"13 : 0.44693562, 7 : 0.04409145, 6 : 0.01458973",7
2.02106086491173E+018,"2 : 0.15086263, 2 : 0.080142945, 7 : 0.06691722",7
2.02102087281042E+018,"2 : 0.60261124, 7 : 0.06242867, 7 : 0.029635224",7
2.02070788942538E+018,"12 : 0.221787, 2 : 0.09491735, 14 : 0.05268026",7
2.02063461557175E+018,"13 : 0.14148442, 13 : 0.076721944, 8 : 0.072387435",7
2.02053389670253E+018,"2 : 0.67224956, 13 : 0.026112534, 7 : 0.015150742",7
2.02052331495988E+018,"2 : 0.3852869, 2 : 0.029936716, 7 : 0.016329132",7
2.02051575731129E+018,"13 : 0.52750534, 13 : 0.1665041, 13 : 0.15733208",7
2.02031929563319E+018,"13 : 0.89313674, 13 : 0.015545645, 13 : 0.01552315",7
2.01988759845492E+018,"13 : 0.8877483, 13 : 0.008649816, 2 : 0.0074233767",7
2.01987291205741E+018,"2 : 0.23273076, 7 : 0.16929981, 2 : 0.07263721",7
2.01972791607398E+018,"13 : 0.58628255, 1 : 0.12153022, 13 : 0.055376776",7
2.01969826196039E+018,"11 : 0.28871176, 2 : 0.06981776, 12 : 0.04539685",7
2.01958459820975E+018,"5 : 0.19043878, 8 : 0.16377458, 3 : 0.08215927",7
2.01958326456387E+018,"4 : 0.06845313, 9 : 0.06662937, 10 : 0.052992366",7
2.0195298450939E+018,"7 : 0.73980457, 7 : 0.14476888, 13 : 0.01775083",7
2.01916282579197E+018,"2 : 0.72140104, 1 : 0.026701108, 11 : 0.024279382",7
2.01904573123484E+018,"13 : 0.1819432, 12 : 0.042136304, 12 : 0.036009725",7
2.01902921578518E+018,"2 : 0.8666897, 2 : 0.1121191, 2 : 0.0067160884",7
2.01901043208972E+018,"3 : 0.77879477, 3 : 0.1245917, 3 : 0.022380048",7
2.01835388471594E+018,"7 : 0.77110416, 7 : 0.13853426, 7 : 0.0049834605",7
2.0169716249225E+018,"2 : 0.43984404, 11 : 0.1139405, 11 : 0.08590876",7
2.01692109126067E+018,"4 : 0.15493783, 7 : 0.115498655, 13 : 0.0922902",7
2.01689859743542E+018,"10 : 0.691375, 4 : 0.08480818, 7 : 0.019315897",7
2.01637128169308E+018,"3 : 0.35213655, 12 : 0.019347854, 11 : 0.018233793",7
2.01486524130907E+018,"1 : 0.40283868, 1 : 0.14822434, 2 : 0.08235506",7
2.01476041941282E+018,"1 : 0.6742145, 9 : 0.09406349, 11 : 0.08049223",7
2.01451251420062E+018,"2 : 0.14609881, 11 : 0.13275574, 11 : 0.08443326",7
2.01411520691062E+018,"3 : 0.5115035, 12 : 0.08012203, 3 : 0.039503485",7
2.01407305253625E+018,"3 : 0.39558822, 2 : 0.040983442, 3 : 0.035057638",7
2.0139983739251E+018,"1 : 0.905867, 1 : 0.043680903, 11 : 0.0034592175",7
2.01384281770165E+018,"8 : 0.42919397, 4 : 0.05363495, 2 : 0.04503943",7
2.0134693424456E+018,"14 : 0.7969168, 10 : 0.021275628, 7 : 0.018136928",7
2.01329856347316E+018,"3 : 0.35232428, 3 : 0.1694676, 3 : 0.07203695",7
2.01311984620922E+018,"3 : 0.9122681, 3 : 0.059908073, 3 : 0.0056209853",7
2.01304790135521E+018,"11 : 0.35131186, 1 : 0.12435438, 11 : 0.119185284",7
2.01302639405289E+018,"3 : 0.9215105, 3 : 0.012056399, 3 : 0.005338245",7
2.01262952481589E+018,"7 : 0.7126337, 7 : 0.015929025, 7 : 0.012019165",7
2.01258383829309E+018,"7 : 0.045099344, 3 : 0.034569122, 8 : 0.026900183",7
2.01256056032474E+018,"13 : 0.143162, 14 : 0.10483049, 2 : 0.08791717",7
2.01253315826377E+018,"12 : 0.40370464, 7 : 0.21968202, 7 : 0.047781903",7
2.01249320871128E+018,"3 : 0.6406968, 3 : 0.23891872, 3 : 0.017607708",7
2.01183873963968E+018,"4 : 0.49375376, 1 : 0.39342362, 1 : 0.008487421",7
2.01088403070295E+018,"11 : 0.3478388, 12 : 0.09532678, 8 : 0.054607093",7
2.00972949802807E+018,"11 : 0.30738878, 2 : 0.073332936, 12 : 0.05323001",7
2.00968254847446E+018,"2 : 0.6757387, 2 : 0.03089887, 9 : 0.026404882",7
2.0089963287634E+018,"1 : 0.6657116, 1 : 0.12081157, 11 : 0.012991061",7
2.00886761153992E+018,"1 : 0.45451072, 1 : 0.33255807, 1 : 0.017724702",7
2.00882276192077E+018,"7 : 0.17260978, 7 : 0.08669028, 7 : 0.08538649",7
2.00805095687841E+018,"7 : 0.93710124, 7 : 0.018116666, 3 : 0.0049309595",7
2.00743522022349E+018,"3 : 0.1820546, 13 : 0.12343478, 10 : 0.043863777",7
2.00679720798436E+018,"3 : 0.84128994, 7 : 0.10319665, 2 : 0.0042857076",7
2.0066703151453E+018,"1 : 0.22098637, 11 : 0.2186226, 2 : 0.18799548",7
2.00659361400963E+018,"2 : 0.64677966, 7 : 0.057233177, 2 : 0.03737402",7
2.00601914442361E+018,"1 : 0.9297368, 1 : 0.00853874, 11 : 0.006478784",7
2.00477018931802E+018,"11 : 0.91904855, 2 : 0.023651067, 2 : 0.013682837",7
2.0044576963209E+018,"3 : 0.24566777, 2 : 0.06175292, 6 : 0.054546494",7
2.00391196411252E+018,"11 : 0.26534623, 1 : 0.100165635, 7 : 0.033112306",7
2.0038567815506E+018,"6 : 0.32361996, 5 : 0.07685823, 3 : 0.034362294",7
2.00377499617941E+018,"11 : 0.26815996, 11 : 0.053248484, 13 : 0.021443661",7
2.00368751490974E+018,"14 : 0.21093075, 4 : 0.11619234, 7 : 0.050784305",7
2.00359591020323E+018,"7 : 0.5116008, 7 : 0.07243134, 4 : 0.03264224",7
2.00358830296898E+018,"10 : 0.12854291, 7 : 0.09402455, 2 : 0.089910075",7
2.00358727256265E+018,"3 : 0.12534408, 2 : 0.086935535, 2 : 0.07531135",7
2.00313847908048E+018,"13 : 0.36680713, 13 : 0.18647057, 13 : 0.10049355",7
2.00299281146469E+018,"7 : 0.1631467, 2 : 0.112206325, 7 : 0.056860335",7
2.00285012911973E+018,"1 : 0.22318949, 1 : 0.20343235, 11 : 0.116951466",7
2.00284784385297E+018,"7 : 0.71248126, 7 : 0.022389421, 7 : 0.016765935",7
2.0025452827697E+018,"2 : 0.5434086, 11 : 0.10290666, 1 : 0.09354093",7
2.00240483269827E+018,"10 : 0.371873, 10 : 0.07520223, 2 : 0.061023727",7
2.00237574278533E+018,"3 : 0.3575168, 13 : 0.20605618, 4 : 0.0652294",7
2.00237380785244E+018,"2 : 0.54415, 1 : 0.093573384, 11 : 0.08934686",7
2.00228261629189E+018,"11 : 0.9848482, 10 : 0.00077007996, 10 : 0.000697817",7
2.00228170272228E+018,"11 : 0.942783, 2 : 0.004238063, 2 : 0.0016173044",7
2.00219318058674E+018,"11 : 0.38408804, 1 : 0.30321398, 1 : 0.046872675",7
2.00183980054978E+018,"13 : 0.8619364, 13 : 0.039579708, 13 : 0.030757505",7
2.00183036644441E+018,"3 : 0.2881682, 2 : 0.17183366, 10 : 0.097802974",7
2.00181788637015E+018,"11 : 0.9832239, 10 : 0.001502872, 10 : 0.000854236",7
2.00179321119586E+018,"11 : 0.8758475, 11 : 0.015449215, 2 : 0.0090295635",7
2.00176770564009E+018,"3 : 0.27153638, 13 : 0.21736276, 12 : 0.09031687",7
2.00175525176133E+018,"11 : 0.29936752, 1 : 0.14662422, 2 : 0.07825963",7
2.0017429665292E+018,"11 : 0.99001735, 2 : 0.0013544377, 2 : 0.0013025445",7
2.00170015682858E+018,"2 : 0.23721443, 6 : 0.18967862, 9 : 0.10568347",7
2.00167836061572E+018,"2 : 0.18767811, 11 : 0.110406, 1 : 0.107280105",7
2.00164985480767E+018,"11 : 0.8599287, 2 : 0.007892858, 2 : 0.0036035029",7
2.00164498137887E+018,"13 : 0.6392878, 13 : 0.13572259, 1 : 0.11517265",7
2.00161056023733E+018,"13 : 0.43255535, 11 : 0.060696095, 1 : 0.047049943",7
2.00157203760204E+018,"11 : 0.292375, 11 : 0.17422831, 2 : 0.1098025",7
2.00156609982488E+018,"11 : 0.7491832, 13 : 0.05410721, 11 : 0.052542955",7
2.00156321745037E+018,"7 : 0.746311, 3 : 0.07959895, 2 : 0.029312601",7
2.0015404924765E+018,"2 : 0.090296514, 7 : 0.07780985, 1 : 0.06976423",7
2.00152808872833E+018,"13 : 0.47234952, 13 : 0.17580576, 1 : 0.05761017",7
2.00152652492388E+018,"11 : 0.7332585, 11 : 0.046741325, 13 : 0.020514889",7
2.00152597592325E+018,"13 : 0.36419138, 1 : 0.17502922, 11 : 0.07967144",7
2.00147047206922E+018,"14 : 0.14235935, 7 : 0.11782712, 7 : 0.036397584",7
2.00110557570779E+018,"11 : 0.89356685, 2 : 0.014481858, 2 : 0.0069831614",7
2.00110022236664E+018,"2 : 0.6049834, 7 : 0.10748431, 3 : 0.025423173",7
2.00109964833419E+018,"13 : 0.59218377, 13 : 0.22823447, 13 : 0.0658567",7
2.00109240810138E+018,"7 : 0.8766103, 8 : 0.041201804, 2 : 0.016594607",7
2.00109035098834E+018,"7 : 0.5609362, 7 : 0.18055046, 7 : 0.13488846",7
2.00097741236478E+018,"13 : 0.257301, 13 : 0.13012604, 2 : 0.11556499",7
2.00096210565492E+018,"1 : 0.8254474, 4 : 0.021842089, 1 : 0.018172853",7
2.00091630630353E+018,"13 : 0.24426548, 1 : 0.038740132, 11 : 0.030316211",7
2.00088311159351E+018,"2 : 0.3236883, 10 : 0.026186092, 4 : 0.024907267",7
2.00083439769644E+018,"1 : 0.29215613, 11 : 0.20678787, 1 : 0.18910019",7
2.00083323309781E+018,"11 : 0.8134262, 10 : 0.013413265, 2 : 0.009667735",7
2.0002992671445E+018,"7 : 0.04443161, 7 : 0.037093192, 2 : 0.025108874",7
2.00014641004675E+018,"1 : 0.80390644, 11 : 0.053931, 1 : 0.03065147",7
2.00007295035224E+018,"1 : 0.46968842, 11 : 0.15312327, 1 : 0.050141275",7
1.99972971699875E+018,"13 : 0.2702571, 13 : 0.21761957, 7 : 0.079119965",7
1.99964825909377E+018,"13 : 0.42344075, 7 : 0.14475672, 13 : 0.03806822",7
1.99960898338806E+018,"7 : 0.1288734, 5 : 0.048579082, 9 : 0.036646027",7
1.99959879837612E+018,"3 : 0.37875524, 3 : 0.20889011, 7 : 0.03160378",7
1.99958106128714E+018,"7 : 0.7166322, 14 : 0.18419105, 7 : 0.006128575",7
1.99951791510933E+018,"7 : 0.58378154, 13 : 0.04548091, 7 : 0.04031182",7
1.99946187207562E+018,"1 : 0.16245078, 7 : 0.06587239, 7 : 0.03827157",7
1.99940575450453E+018,"13 : 0.33148268, 13 : 0.17201556, 13 : 0.07858588",7
1.99940476733315E+018,"7 : 0.19323963, 7 : 0.11020221, 7 : 0.09289754",7
1.99935893402599E+018,"7 : 0.10056994, 7 : 0.08380645, 13 : 0.06278474",7
1.99935483452798E+018,"7 : 0.06435626, 13 : 0.053366292, 8 : 0.04747286",7
1.99933527372064E+018,"4 : 0.568483, 8 : 0.091073975, 8 : 0.08046714",7
1.99933270557499E+018,"7 : 0.3600549, 8 : 0.1674442, 5 : 0.03443705",7
1.99932967615315E+018,"13 : 0.7440027, 13 : 0.23604219, 13 : 0.004610384",7
1.9993093104099E+018,"9 : 0.9905653, 11 : 0.0018039843, 13 : 0.0006800242",7
1.99930062925773E+018,"2 : 0.14364949, 12 : 0.08851246, 11 : 0.061439943",7
1.99926691966145E+018,"11 : 0.27213636, 11 : 0.23299132, 2 : 0.21203078",7
1.99921572836423E+018,"2 : 0.29061812, 1 : 0.23483855, 11 : 0.11260941",7
1.99920699084213E+018,"7 : 0.2244093, 7 : 0.17395212, 2 : 0.097668685",7
1.99892328135818E+018,"8 : 0.2854347, 4 : 0.027763521, 5 : 0.022649912",7
1.9986575666213E+018,"2 : 0.3929327, 2 : 0.18628861, 3 : 0.08844705",7
1.99818413083227E+018,"7 : 0.111664206, 7 : 0.108821906, 2 : 0.034423348",7
1.99812492099204E+018,"12 : 0.17667946, 11 : 0.11148992, 7 : 0.036959667",7
1.99805232507102E+018,"2 : 0.37278205, 11 : 0.10963562, 1 : 0.06375479",7
1.99740888419245E+018,"4 : 0.08285118, 7 : 0.07145815, 7 : 0.062566884",7
1.99735129942706E+018,"7 : 0.16863109, 3 : 0.15702789, 2 : 0.14769007",7
1.9972001262334E+018,"1 : 0.7592992, 11 : 0.06676307, 11 : 0.030160954",7
1.99712240007596E+018,"2 : 0.13245752, 9 : 0.08929086, 11 : 0.05588433",7
1.99669066904904E+018,"11 : 0.26699904, 14 : 0.06131822, 7 : 0.041903436",7
1.99666683193869E+018,"11 : 0.64139336, 1 : 0.0999223, 12 : 0.009389952",7
1.99637325641191E+018,"11 : 0.4339957, 2 : 0.37634566, 1 : 0.028067952",7
2.210548888407E+018,"9 : 0.5750339, 9 : 0.075122, 9 : 0.07499848",7
2.21054820574194E+018,"11 : 0.1612508, 1 : 0.14859214, 11 : 0.1416505",7
2.21054573879506E+018,"5 : 0.24305709, 2 : 0.08795861, 13 : 0.07630678",7
2.21054499288006E+018,"12 : 0.18771864, 11 : 0.13089685, 10 : 0.03886252",7
2.21054445475917E+018,"1 : 0.39103383, 2 : 0.18202269, 11 : 0.09873918",7
2.21054401371145E+018,"2 : 0.16762204, 7 : 0.08612096, 11 : 0.051617708",7
2.21054365093769E+018,"9 : 0.1422644, 2 : 0.13690752, 9 : 0.055937137",7
2.21054329219891E+018,"12 : 0.27619, 11 : 0.06257829, 9 : 0.038775343",7
2.21049208041029E+018,"9 : 0.92914385, 1 : 0.015249797, 8 : 0.0049831425",7
2.21032616611714E+018,"13 : 0.22311813, 4 : 0.1656664, 2 : 0.09119633",7
2.21030548940415E+018,"2 : 0.94038284, 3 : 0.0053712903, 3 : 0.004596175",7
2.21025078049846E+018,"1 : 0.67107385, 11 : 0.099918455, 11 : 0.03210918",7
2.21018910492784E+018,"1 : 0.27492225, 11 : 0.20104995, 11 : 0.14049652",7
2.20986530213409E+018,"1 : 0.35149518, 12 : 0.071784995, 2 : 0.06760401",7
2.20982685218554E+018,"9 : 0.5960673, 9 : 0.068149574, 1 : 0.06613859",7
2.20973212311487E+018,"2 : 0.16434722, 9 : 0.11291607, 9 : 0.0927299",7
2.2097184280757E+018,"1 : 0.36908558, 2 : 0.1102708, 1 : 0.07756774",7
2.20963546927154E+018,"7 : 0.22928019, 13 : 0.16092671, 7 : 0.13591963",7
2.20956309814311E+018,"7 : 0.3954685, 3 : 0.22883016, 2 : 0.06986928",7
2.20947247966002E+018,"7 : 0.70502377, 9 : 0.018845258, 11 : 0.013228629",7
2.20945617673589E+018,"13 : 0.2427389, 13 : 0.098919004, 13 : 0.05432545",7
2.20940290290982E+018,"8 : 0.25360146, 8 : 0.10561056, 1 : 0.07026044",7
2.20908257412346E+018,"7 : 0.37678233, 4 : 0.17642288, 7 : 0.078197636",7
2.20902524646825E+018,"4 : 0.5227172, 2 : 0.08715202, 7 : 0.047054462",7
2.2089933236445E+018,"1 : 0.5462444, 9 : 0.012245995, 1 : 0.012207305",7
2.20892000708625E+018,"11 : 0.7330983, 2 : 0.021369513, 2 : 0.012782846",7
2.20890663626516E+018,"1 : 0.6396845, 1 : 0.08832993, 8 : 0.07570243",7
2.20887324812135E+018,"1 : 0.9871372, 9 : 0.0023456167, 12 : 0.0013062665",7
2.20846389471292E+018,"1 : 0.37933314, 9 : 0.14535509, 8 : 0.107036546",7
2.20846212901974E+018,"9 : 0.26828942, 12 : 0.21110013, 2 : 0.14121379",7
2.20838157830748E+018,"13 : 0.10753653, 13 : 0.1008887, 13 : 0.07138088",7
2.20836030136002E+018,"8 : 0.14146903, 8 : 0.08945126, 9 : 0.071629666",7
2.20828001306172E+018,"9 : 0.40772876, 9 : 0.07890204, 5 : 0.034540486",7
2.20820176525867E+018,"9 : 0.3008521, 8 : 0.16094448, 8 : 0.046108175",7
2.20778497480384E+018,"9 : 0.44428363, 1 : 0.24650033, 8 : 0.02962457",7
2.20771207629047E+018,"9 : 0.7741087, 9 : 0.006883975, 9 : 0.00536676",7
2.20759740391839E+018,"7 : 0.16515447, 4 : 0.12977113, 7 : 0.07665801",7
2.2075682020987E+018,"1 : 0.1132336, 11 : 0.09128465, 9 : 0.08832378",7
2.20754300029744E+018,"1 : 0.896133, 1 : 0.027367521, 3 : 0.0032113844",7
2.20753431532831E+018,"11 : 0.29395285, 1 : 0.25359613, 1 : 0.15054025",7
2.20749354523388E+018,"8 : 0.09982699, 1 : 0.09844376, 8 : 0.09526789",7
2.20745632071709E+018,"7 : 0.9940486, 7 : 0.0010272147, 4 : 0.0008769637",7
2.20732146848497E+018,"6 : 0.5147633, 7 : 0.073823996, 7 : 0.033192933",7
2.20691861201804E+018,"11 : 0.22902894, 2 : 0.15617709, 1 : 0.14576782",7
2.20672736562363E+018,"7 : 0.13137339, 13 : 0.068447076, 12 : 0.06091572",7
2.20667465585408E+018,"9 : 0.12253459, 8 : 0.082188785, 9 : 0.04530243",7
2.20604670010429E+018,"1 : 0.17577471, 10 : 0.13789105, 1 : 0.06949568",7
2.2060209072218E+018,"1 : 0.32878262, 1 : 0.1280285, 1 : 0.06453916",7
2.20601021952445E+018,"12 : 0.1616608, 6 : 0.106466874, 12 : 0.03254604",7
2.20587666556189E+018,"12 : 0.10342065, 7 : 0.08184708, 7 : 0.06599055",7
2.20558033989739E+018,"3 : 0.3824074, 3 : 0.11756319, 3 : 0.07866532",7
2.20557971461055E+018,"3 : 0.31529394, 3 : 0.30763966, 3 : 0.030638402",7
2.20557918075112E+018,"3 : 0.96313334, 3 : 0.023868807, 3 : 0.0013634326",7
2.20557860948699E+018,"3 : 0.18019722, 7 : 0.14624986, 3 : 0.11587618",7
2.20557801902957E+018,"7 : 0.118601285, 7 : 0.114862226, 7 : 0.05348632",7
2.20557753785058E+018,"6 : 0.09913156, 6 : 0.0482774, 11 : 0.04701558",7
2.20557696810476E+018,"7 : 0.32681757, 7 : 0.14410312, 7 : 0.04765334",7
2.2055308740691E+018,"7 : 0.3247801, 3 : 0.22311243, 14 : 0.020808833",7
2.20552054423616E+018,"9 : 0.54534197, 2 : 0.13219565, 9 : 0.022013161",7
2.20523114242949E+018,"13 : 0.19859302, 13 : 0.070708156, 2 : 0.056527723",7
2.204750603812E+018,"11 : 0.25390118, 11 : 0.21608073, 11 : 0.15337843",7
2.20467179659936E+018,"1 : 0.15565594, 9 : 0.13648537, 8 : 0.10228893",7
2.20462306064094E+018,"11 : 0.5320341, 1 : 0.32341808, 1 : 0.03360453",7
2.20460068662791E+018,"1 : 0.14321758, 1 : 0.13877484, 11 : 0.12819467",7
2.20458257918146E+018,"8 : 0.78362066, 8 : 0.017073957, 8 : 0.005773633",7
2.20386023555955E+018,"1 : 0.9197579, 12 : 0.013005923, 9 : 0.009562363",7
2.20383138342671E+018,"2 : 0.083331145, 7 : 0.07280777, 7 : 0.06146619",7
2.20376518968687E+018,"9 : 0.8191763, 1 : 0.023598926, 9 : 0.015964802",7
2.203250572577E+018,"9 : 0.88896084, 9 : 0.026948778, 1 : 0.01716585",7
2.20315878940249E+018,"1 : 0.9269001, 1 : 0.0028422617, 9 : 0.0012776596",7
2.20315466953126E+018,"8 : 0.70607805, 8 : 0.068871215, 8 : 0.021250194",7
2.20302147986866E+018,"2 : 0.39150703, 9 : 0.17935023, 3 : 0.02262579",7
2.20265185689421E+018,"1 : 0.34191555, 9 : 0.18282929, 8 : 0.026935989",7
2.20262516671075E+018,"1 : 0.66238403, 9 : 0.09978092, 11 : 0.024713485",7
2.20229202301539E+018,"9 : 0.6581049, 9 : 0.16235144, 9 : 0.0205257",7
2.20225476618113E+018,"1 : 0.45406926, 13 : 0.0693788, 3 : 0.040558267",7
2.20114194689763E+018,"2 : 0.29068333, 2 : 0.023142995, 6 : 0.02262453",7
2.20113559370139E+018,"1 : 0.91399723, 11 : 0.010649726, 11 : 0.006644847",7
2.20097628036367E+018,"1 : 0.94961613, 11 : 0.00696909, 1 : 0.004932076",7
2.20089333301707E+018,"6 : 0.2067733, 7 : 0.050607745, 13 : 0.04471443",7
2.20023932173114E+018,"1 : 0.5109226, 11 : 0.27568465, 1 : 0.03554985",7
2.20023785058584E+018,"7 : 0.11453749, 7 : 0.10485192, 3 : 0.08350495",7
2.19971791443811E+018,"7 : 0.18283552, 3 : 0.14515977, 2 : 0.10785506",7
2.19938401623883E+018,"11 : 0.44934356, 1 : 0.10102992, 11 : 0.079244256",7
2.19930513449281E+018,"9 : 0.419827, 12 : 0.08121893, 7 : 0.044579465",7
2.19904304581403E+018,"1 : 0.30305254, 7 : 0.0898872, 2 : 0.08769204",7
2.19902523119723E+018,"9 : 0.42722833, 7 : 0.03302646, 9 : 0.03242318",7
2.19886001716847E+018,"7 : 0.20613357, 10 : 0.19848605, 7 : 0.15922327",7
2.19885491154062E+018,"1 : 0.47031707, 4 : 0.12753229, 7 : 0.12195892",7
2.19878559306077E+018,"7 : 0.5278133, 1 : 0.133719, 4 : 0.088510655",7
2.19877322678288E+018,"2 : 0.4187914, 9 : 0.105849035, 7 : 0.026178807",7
2.19871662591041E+018,"1 : 0.2950159, 7 : 0.11404376, 11 : 0.05758698",7
2.1983060536532E+018,"3 : 0.3078823, 2 : 0.21625309, 3 : 0.07587076",7
2.19798420775303E+018,"2 : 0.2648608, 8 : 0.05537481, 3 : 0.042029656",7
2.19795221611026E+018,"8 : 0.57414854, 12 : 0.07795997, 12 : 0.02098092",7
2.19795128062275E+018,"1 : 0.37295943, 8 : 0.23264605, 1 : 0.021200387",7
2.19795079380675E+018,"9 : 0.3982217, 9 : 0.15904474, 12 : 0.13508995",7
2.19795022492487E+018,"1 : 0.72546196, 8 : 0.027457325, 2 : 0.017122976",7
2.1978911407542E+018,"11 : 0.27951667, 1 : 0.21332185, 2 : 0.05637605",7
2.19754115664298E+018,"6 : 0.058482107, 2 : 0.044866886, 6 : 0.03559079",7
2.19716651752783E+018,"8 : 0.091221325, 13 : 0.08513433, 2 : 0.08099523",7
2.19692659285387E+018,"9 : 0.30842057, 13 : 0.06396571, 4 : 0.03806133",7
2.19684054535668E+018,"9 : 0.9662108, 12 : 0.0098890485, 1 : 0.0072373846",7
2.19673905395354E+018,"9 : 0.50391173, 9 : 0.057692964, 9 : 0.046013206",7
2.19671804902169E+018,"1 : 0.8312256, 1 : 0.010407486, 11 : 0.008413142",7
2.19669607395582E+018,"1 : 0.8882608, 11 : 0.026553048, 1 : 0.009662244",7
2.19657617460079E+018,"11 : 0.42376262, 1 : 0.09186894, 1 : 0.032240205",7
2.19608561663994E+018,"8 : 0.6857305, 7 : 0.18379219, 8 : 0.0077005797",7
2.19606036977323E+018,"1 : 0.9368618, 11 : 0.008210061, 1 : 0.004680502",7
2.19598442859227E+018,"9 : 0.15703, 9 : 0.08397226, 12 : 0.07654586",7
2.19595575723761E+018,"1 : 0.3109328, 9 : 0.044022266, 9 : 0.043732643",7
2.19562335183415E+018,"1 : 0.82395643, 8 : 0.008829588, 1 : 0.0084356675",7
2.19539954329468E+018,"1 : 0.8814557, 1 : 0.009292504, 11 : 0.0048609623",7
2.1953543992126E+018,"8 : 0.3641947, 9 : 0.34033293, 8 : 0.065244965",7
2.19531285236622E+018,"7 : 0.2015639, 4 : 0.092997454, 6 : 0.061286405",7
2.19529544190248E+018,"11 : 0.47203693, 12 : 0.04462969, 13 : 0.03358641",7
2.19457998064508E+018,"2 : 0.5593224, 2 : 0.43403244, 7 : 0.0037747782",7
2.19456667402446E+018,"6 : 0.8417599, 6 : 0.058709335, 2 : 0.02361347",7
2.19453518240065E+018,"1 : 0.9288009, 1 : 0.003732831, 8 : 0.0015664818",7
2.19452277479463E+018,"1 : 0.4323422, 8 : 0.08290562, 9 : 0.020555308",7
2.19448982632951E+018,"1 : 0.37197107, 11 : 0.08346453, 1 : 0.04239653",7
2.19425190410882E+018,"11 : 0.17245437, 1 : 0.09759273, 9 : 0.09341765",7
2.19423341466893E+018,"1 : 0.51634806, 11 : 0.16806202, 11 : 0.051926825",7
2.19420851139975E+018,"1 : 0.35786605, 11 : 0.1512754, 13 : 0.021776322",7
2.19402897757943E+018,"13 : 0.13759078, 13 : 0.050647672, 13 : 0.03665873",7
2.19402812122016E+018,"13 : 0.048981685, 8 : 0.048178073, 13 : 0.03656362",7
2.19394885165229E+018,"1 : 0.9166076, 9 : 0.021213498, 1 : 0.009326034",7
2.19393328306732E+018,"11 : 0.30124596, 11 : 0.24588783, 11 : 0.19956625",7
2.19375991646763E+018,"1 : 0.14220037, 1 : 0.08365837, 8 : 0.041202128",7
2.19367866385621E+018,"8 : 0.37589532, 6 : 0.17338012, 7 : 0.060167626",7
2.19351644825356E+018,"1 : 0.9741347, 12 : 0.004314229, 1 : 0.0031802894",7
2.19305657927556E+018,"13 : 0.046871334, 8 : 0.044815328, 8 : 0.03317666",7
2.19282672359954E+018,"1 : 0.7842757, 1 : 0.022884227, 8 : 0.016738515",7
2.19281639271848E+018,"13 : 0.09424833, 11 : 0.08049368, 9 : 0.078024",7
2.19244483441809E+018,"6 : 0.20200789, 6 : 0.03188732, 6 : 0.03182264",7
2.19234414827784E+018,"13 : 0.26083112, 8 : 0.105584934, 9 : 0.08345787",7
2.19225843288621E+018,"1 : 0.35664284, 1 : 0.3443906, 8 : 0.028941551",7
2.19216302242116E+018,"8 : 0.46754456, 8 : 0.20605527, 7 : 0.069652036",7
2.19178809604412E+018,"11 : 0.72344637, 1 : 0.05898192, 11 : 0.039218668",7
2.19172730785376E+018,"9 : 0.80311394, 9 : 0.04467803, 9 : 0.0067463582",7
2.19171627748844E+018,"13 : 0.2250991, 3 : 0.21139954, 7 : 0.17222224",7
2.19171622858944E+018,"8 : 0.79051006, 8 : 0.03949368, 13 : 0.034765527",7
2.19168289238032E+018,"11 : 0.26199442, 9 : 0.06286733, 9 : 0.043804187",7
2.19104916176693E+018,"9 : 0.2690784, 9 : 0.11174043, 1 : 0.07348128",7
2.19072440570183E+018,"7 : 0.11390364, 9 : 0.10936971, 8 : 0.03425609",7
2.19060141579853E+018,"1 : 0.25443256, 2 : 0.06296086, 1 : 0.05223772",7
2.1902013278758E+018,"1 : 0.5770343, 1 : 0.2788395, 1 : 0.03777319",7
2.1895086754806E+018,"7 : 0.24810521, 13 : 0.06480008, 9 : 0.05515997",7
2.18939265551176E+018,"2 : 0.31198412, 3 : 0.23476236, 2 : 0.039619036",7
2.18935124680929E+018,"11 : 0.20498322, 9 : 0.12544721, 12 : 0.036658913",7
2.18933532434994E+018,"11 : 0.21174246, 11 : 0.16894506, 2 : 0.14931262",7
2.18930803358322E+018,"1 : 0.8525842, 1 : 0.046160623, 11 : 0.033286322",7
2.18926264861349E+018,"11 : 0.17174044, 11 : 0.16939782, 2 : 0.06534544",7
2.18918762009804E+018,"13 : 0.18945444, 2 : 0.0681393, 13 : 0.037204355",7
2.18886740197519E+018,"2 : 0.4992482, 7 : 0.07965746, 9 : 0.037513796",7
2.18879158196087E+018,"1 : 0.2576788, 11 : 0.25703958, 9 : 0.09204423",7
2.18871273094196E+018,"7 : 0.941986, 6 : 0.021199455, 13 : 0.0087953685",7
2.18868620850316E+018,"9 : 0.42546645, 9 : 0.06416116, 2 : 0.055532712",7
2.1886652406826E+018,"8 : 0.2971008, 8 : 0.202519, 9 : 0.10899812",7
2.18864472043472E+018,"7 : 0.27993712, 8 : 0.09968166, 2 : 0.04973879",7
2.18859959295324E+018,"4 : 0.497712, 6 : 0.12344986, 7 : 0.08763537",7
2.18858567174165E+018,"1 : 0.9129895, 1 : 0.010541135, 11 : 0.008162604",7
2.18810253149075E+018,"9 : 0.07967973, 1 : 0.06957104, 7 : 0.04081785",7
2.18809488497255E+018,"11 : 0.35832384, 12 : 0.11123753, 9 : 0.073717825",7
2.18805737299718E+018,"4 : 0.8086459, 13 : 0.025501946, 12 : 0.010695386",7
2.18768030034465E+018,"2 : 0.31161055, 10 : 0.15331829, 7 : 0.08935292",7
2.18725267852727E+018,"8 : 0.15831152, 2 : 0.05829723, 3 : 0.04440513",7
2.18724181508734E+018,"9 : 0.9763574, 13 : 0.000939483, 12 : 0.0008724939",7
2.18719601669146E+018,"1 : 0.442344, 9 : 0.13357072, 11 : 0.09994105",7
2.18665378483125E+018,"7 : 0.6922341, 9 : 0.07806782, 9 : 0.04629277",7
2.18658411742504E+018,"9 : 0.5505793, 12 : 0.101039425, 9 : 0.04745643",7
2.18647339523015E+018,"1 : 0.75738645, 9 : 0.06876482, 11 : 0.01615029",7
2.18599510306833E+018,"1 : 0.5657623, 13 : 0.049301386, 2 : 0.037816424",7
2.18582100667768E+018,"11 : 0.78547525, 2 : 0.0874952, 11 : 0.049759902",7
2.1856504367159E+018,"7 : 0.34309465, 7 : 0.2863028, 7 : 0.16388677",7
2.185635001199E+018,"3 : 0.093779184, 3 : 0.09161933, 3 : 0.05690762",7
2.18510106470602E+018,"1 : 0.6530867, 11 : 0.07225872, 1 : 0.027186034",7
2.18441589379146E+018,"1 : 0.9717723, 1 : 0.0031368968, 11 : 0.0023268238",7
2.18423402254529E+018,"8 : 0.4330721, 8 : 0.14444281, 8 : 0.116978034",7
2.18418651113095E+018,"2 : 0.99905807, 1 : 6.681476e-05, 8 : 5.502609e-05",7
2.18418314372516E+018,"2 : 0.26874825, 9 : 0.18360583, 7 : 0.043716934",7
2.18359681111259E+018,"9 : 0.06362951, 9 : 0.06135701, 8 : 0.055883702",7
2.18310708358413E+018,"1 : 0.79817647, 11 : 0.061387673, 9 : 0.052361738",7
2.18302924011975E+018,"1 : 0.23999311, 9 : 0.08485157, 2 : 0.04103326",7
2.18228296730391E+018,"1 : 0.52753055, 8 : 0.120101355, 2 : 0.04228358",7
2.18227970142742E+018,"1 : 0.45724812, 9 : 0.050349917, 1 : 0.045531757",7
2.18224553539056E+018,"4 : 0.38398203, 7 : 0.09723894, 10 : 0.025243638",7
2.18218815289939E+018,"1 : 0.24340871, 1 : 0.21003754, 11 : 0.20613176",7
2.18208896234977E+018,"1 : 0.6846836, 1 : 0.07291596, 1 : 0.06299494",7
2.18150360523273E+018,"1 : 0.7680936, 1 : 0.055307195, 9 : 0.040069096",7
2.18149387152827E+018,"2 : 0.975834, 7 : 0.00032066865, 12 : 0.00018153495",7
2.18127057794012E+018,"1 : 0.97489595, 1 : 0.0019700474, 11 : 0.0018038956",7
2.18084500580395E+018,"8 : 0.3741935, 7 : 0.29410458, 8 : 0.07244801",7
2.18076777073243E+018,"1 : 0.5397096, 8 : 0.041108895, 9 : 0.03113406",7
2.18076673042567E+018,"1 : 0.9148024, 11 : 0.009566082, 1 : 0.005116476",7
2.18041172141445E+018,"4 : 0.12535045, 10 : 0.036221057, 8 : 0.027583767",7
2.18013622731614E+018,"9 : 0.48916554, 8 : 0.14822498, 8 : 0.054578662",7
2.18001870665909E+018,"9 : 0.31854394, 9 : 0.17686449, 8 : 0.0521509",7
2.1799054328847E+018,"7 : 0.25881717, 3 : 0.0859192, 7 : 0.06386206",7
2.17977153801695E+018,"1 : 0.22472148, 11 : 0.10221292, 11 : 0.03011798",7
2.17944157379958E+018,"9 : 0.48870376, 2 : 0.09474035, 7 : 0.03819473",7
2.17940215289665E+018,"1 : 0.36351794, 9 : 0.113114886, 13 : 0.0793088",7
2.17935328899363E+018,"9 : 0.9960122, 2 : 0.00010676187, 8 : 8.550322e-05",7
2.17931570541455E+018,"7 : 0.9788437, 4 : 0.0030558, 6 : 0.0016571413",7
2.17925476073403E+018,"9 : 0.4368172, 3 : 0.09296544, 1 : 0.0464519",7
2.17924854311449E+018,"12 : 0.6634018, 12 : 0.037121236, 11 : 0.035221007",7
2.17924156213815E+018,"9 : 0.9907136, 8 : 0.0013458658, 2 : 0.00042008018",7
2.17862699166298E+018,"7 : 0.69273233, 7 : 0.0136425095, 13 : 0.013075206",7
2.1786205601589E+018,"1 : 0.9621443, 11 : 0.0143334335, 11 : 0.0012543361",7
2.17858929891286E+018,"9 : 0.999637, 9 : 2.4640034e-05, 10 : 2.4427147e-05",7
2.1785820154112E+018,"6 : 0.5656634, 4 : 0.16634503, 7 : 0.022881353",7
2.17856311857827E+018,"9 : 0.32559186, 1 : 0.0669722, 8 : 0.059620894",7
2.17855952451203E+018,"9 : 0.3253448, 1 : 0.123383544, 9 : 0.084147766",7
2.17855355916243E+018,"2 : 0.06725458, 7 : 0.05646731, 6 : 0.0503788",7
2.17843260402497E+018,"1 : 0.12521115, 3 : 0.11376792, 11 : 0.05000535",7
2.17785309497765E+018,"1 : 0.33253953, 1 : 0.15187253, 9 : 0.023015061",7
2.17781825086287E+018,"11 : 0.8671157, 2 : 0.021107676, 11 : 0.0132529205",7
2.17778833598945E+018,"1 : 0.48910338, 1 : 0.05099902, 8 : 0.023954835",7
2.17772804261786E+018,"7 : 0.59847856, 7 : 0.20798795, 7 : 0.019814814",7
2.17714255656828E+018,"9 : 0.5824397, 9 : 0.06966574, 8 : 0.019743906",7
2.17642172211538E+018,"9 : 0.4571454, 1 : 0.17781408, 9 : 0.03627926",7
2.1763382780648E+018,"11 : 0.30643716, 11 : 0.2874982, 11 : 0.2772125",7
2.17624265711077E+018,"1 : 0.7548538, 1 : 0.0082304105, 1 : 0.004219264",7
2.17605936171401E+018,"1 : 0.9463172, 11 : 0.010756302, 2 : 0.008603454",7
2.17581891574688E+018,"4 : 0.2152892, 1 : 0.083341144, 1 : 0.082391284",7
2.17556161069585E+018,"1 : 0.75553226, 2 : 0.11260361, 1 : 0.025879038",7
2.17550378017966E+018,"9 : 0.26002806, 9 : 0.08535156, 8 : 0.07961667",7
2.17534819737244E+018,"2 : 0.9221283, 1 : 0.007644993, 1 : 0.0031942797",7
2.17491888037642E+018,"1 : 0.3373182, 1 : 0.16318178, 11 : 0.08454246",7
2.17476945363035E+018,"11 : 0.84906787, 11 : 0.042877506, 1 : 0.015992174",7
2.1747516778952E+018,"12 : 0.60175437, 3 : 0.17391604, 11 : 0.096644714",7
2.17466645484511E+018,"7 : 0.18534136, 9 : 0.10406359, 7 : 0.07694001",7
2.17438469759392E+018,"3 : 0.2081893, 13 : 0.0655112, 11 : 0.064164564",7
2.17432798338185E+018,"3 : 0.22821867, 2 : 0.08349639, 3 : 0.05094078",7
2.17429458530503E+018,"11 : 0.85313696, 7 : 0.05183556, 12 : 0.014183323",7
2.17428720479602E+018,"2 : 0.06797585, 6 : 0.064648226, 9 : 0.062293462",7
2.17427743246264E+018,"2 : 0.31004706, 6 : 0.22550252, 7 : 0.046522386",7
2.1742770185109E+018,"9 : 0.41085374, 9 : 0.3280584, 9 : 0.041272834",7
2.17427528466939E+018,"3 : 0.69124264, 2 : 0.017884964, 5 : 0.017826267",7
2.1742594098669E+018,"8 : 0.3564552, 8 : 0.045743722, 7 : 0.037980407",7
2.17425881853704E+018,"9 : 0.30163598, 9 : 0.070194595, 13 : 0.06360699",7
2.17424363043339E+018,"9 : 0.6242547, 7 : 0.057213694, 1 : 0.045513097",7
2.17423386488551E+018,"11 : 0.22468476, 1 : 0.11574553, 9 : 0.07918752",7
2.17421860677942E+018,"11 : 0.6334062, 2 : 0.09211283, 11 : 0.055964094",7
2.17418307711549E+018,"2 : 0.42329317, 4 : 0.101714686, 2 : 0.07164211",7
2.1741461414368E+018,"12 : 0.091791354, 3 : 0.07799742, 2 : 0.03127747",7
2.17414005457943E+018,"1 : 0.82513815, 11 : 0.014734163, 2 : 0.004423555",7
2.17411429089897E+018,"9 : 0.99021727, 13 : 0.0017149622, 4 : 0.0008275176",7
2.17409335650488E+018,"1 : 0.15124214, 2 : 0.120920226, 12 : 0.11210425",7
2.17406102827125E+018,"4 : 0.16789994, 3 : 0.08736969, 8 : 0.07513487",7
2.17404895655947E+018,"2 : 0.88387245, 7 : 0.005151778, 9 : 0.0048869895",7
2.17404049540621E+018,"7 : 0.1776171, 7 : 0.15709913, 7 : 0.12180576",7
2.17372021594748E+018,"11 : 0.6338223, 12 : 0.13378045, 13 : 0.02418951",7
2.17368060002329E+018,"12 : 0.15727524, 3 : 0.10360757, 9 : 0.07444348",7
2.17360446968272E+018,"9 : 0.06929466, 2 : 0.063482106, 13 : 0.05106097",7
2.17348970017052E+018,"9 : 0.14850363, 7 : 0.05891898, 12 : 0.042896453",7
2.17348262125884E+018,"1 : 0.5518364, 1 : 0.0454542, 8 : 0.042037223",7
2.17339007011622E+018,"1 : 0.8610499, 8 : 0.015323619, 1 : 0.005212204",7
2.17336917193553E+018,"1 : 0.9548567, 11 : 0.0033996399, 7 : 0.0032945916",7
2.17329239359234E+018,"1 : 0.7161205, 9 : 0.078334734, 11 : 0.035959348",7
2.17294271427295E+018,"7 : 0.6007749, 6 : 0.05957714, 2 : 0.03195146",7
2.17286161821284E+018,"13 : 0.6917889, 9 : 0.11148425, 13 : 0.10021304",7
2.17280289054082E+018,"1 : 0.89597434, 12 : 0.013112033, 2 : 0.009928429",7
2.17279598059348E+018,"9 : 0.99797016, 2 : 6.3497486e-05, 9 : 5.7636695e-05",7
2.17278394498716E+018,"11 : 0.21584716, 4 : 0.08285681, 12 : 0.080220394",7
2.17275865324796E+018,"10 : 0.10480049, 3 : 0.078685686, 3 : 0.072183184",7
2.17263323048271E+018,"7 : 0.65851796, 6 : 0.039045952, 13 : 0.01929378",7
2.17221208860539E+018,"9 : 0.96865016, 1 : 0.004628402, 11 : 0.0043544904",7
2.17140481837201E+018,"1 : 0.2739877, 12 : 0.07328188, 9 : 0.043650594",7
2.17139618178891E+018,"1 : 0.5995364, 1 : 0.049021527, 1 : 0.04369441",7
2.17127641881462E+018,"11 : 0.65069634, 1 : 0.17379832, 11 : 0.030528164",7
2.17103413526352E+018,"9 : 0.76005965, 3 : 0.021729687, 11 : 0.02156437",7
2.17068107874302E+018,"1 : 0.9078646, 11 : 0.0069632623, 1 : 0.004598886",7
2.17062258810885E+018,"1 : 0.54199743, 11 : 0.044159446, 1 : 0.027541496",7
2.17061388473323E+018,"8 : 0.050635796, 2 : 0.041840144, 8 : 0.040217876",7
2.17060892058083E+018,"1 : 0.9199496, 1 : 0.009276844, 11 : 0.0081972545",7
2.17055874732904E+018,"3 : 0.6552801, 3 : 0.05716531, 3 : 0.029049704",7
2.17050188025913E+018,"1 : 0.8683221, 11 : 0.019909289, 11 : 0.007071837",7
2.17045725440571E+018,"8 : 0.53374577, 8 : 0.09948768, 8 : 0.023719769",7
2.17044080818098E+018,"1 : 0.83487475, 11 : 0.013673494, 11 : 0.007691835",7
2.17037360537272E+018,"11 : 0.819263, 12 : 0.084552996, 4 : 0.0056404397",7
2.16996825163589E+018,"1 : 0.5001403, 9 : 0.16119334, 9 : 0.08001413",7
2.16995826077011E+018,"13 : 0.19051734, 2 : 0.07947494, 7 : 0.060243122",7
2.16994890544212E+018,"11 : 0.61885864, 2 : 0.028478438, 2 : 0.014458068",7
2.16992724817863E+018,"13 : 0.7451439, 7 : 0.043174237, 10 : 0.039471075",7
2.16992245710919E+018,"2 : 0.99185455, 9 : 0.002899789, 8 : 0.0002037569",7
2.16932426208214E+018,"9 : 0.5409771, 13 : 0.06881348, 13 : 0.03401093",7
2.16928219173841E+018,"9 : 0.2131337, 3 : 0.056220308, 2 : 0.05196542",7
2.16925690435316E+018,"3 : 0.075387865, 8 : 0.06397606, 9 : 0.06316144",7
2.16924684234533E+018,"9 : 0.27566862, 8 : 0.18024424, 9 : 0.05853348",7
2.16924487877263E+018,"10 : 0.08442511, 7 : 0.04432186, 13 : 0.032211617",7
2.16923558516046E+018,"3 : 0.5074224, 9 : 0.023516465, 8 : 0.014285348",7
2.16923175911641E+018,"8 : 0.12715775, 7 : 0.05185844, 4 : 0.039933927",7
2.1692212305913E+018,"1 : 0.92629755, 12 : 0.0059404713, 11 : 0.005530025",7
2.16920326100194E+018,"1 : 0.12990423, 1 : 0.1016082, 11 : 0.07828984",7
2.16919726138549E+018,"1 : 0.30430928, 4 : 0.28488445, 7 : 0.12821561",7
2.16919620476477E+018,"1 : 0.80121887, 11 : 0.0486685, 1 : 0.0102347545",7
2.16918526366316E+018,"6 : 0.14383583, 2 : 0.110007174, 7 : 0.0802134",7
2.16917328845516E+018,"9 : 0.33786264, 6 : 0.09725314, 13 : 0.04441737",7
2.16915262318636E+018,"1 : 0.6215839, 11 : 0.09533643, 2 : 0.03297021",7
2.16913878826641E+018,"1 : 0.4041073, 1 : 0.055044875, 8 : 0.031352483",7
2.16913864200248E+018,"11 : 0.24517441, 11 : 0.21786152, 11 : 0.13517393",7
2.16913782005161E+018,"3 : 0.313878, 13 : 0.055040147, 7 : 0.038534306",7
2.16913765481435E+018,"8 : 0.54273504, 8 : 0.091754444, 8 : 0.0448099",7
2.16911350409498E+018,"8 : 0.60884696, 8 : 0.14320914, 12 : 0.023487091",7
2.16909684637551E+018,"1 : 0.6221522, 11 : 0.11481822, 11 : 0.10339998",7
2.16898214382122E+018,"7 : 0.14178537, 11 : 0.13258854, 1 : 0.08252851",7
2.16897691178777E+018,"1 : 0.84186924, 1 : 0.00997192, 11 : 0.0049577006",7
2.1689432218027E+018,"7 : 0.5064531, 7 : 0.08339367, 7 : 0.051899187",7
2.16865255229236E+018,"7 : 0.2981514, 2 : 0.05638089, 8 : 0.044763844",7
2.16859137887863E+018,"1 : 0.47125953, 1 : 0.073809475, 9 : 0.061105967",7
2.1685365280358E+018,"2 : 0.229427, 12 : 0.10328356, 12 : 0.08741973",7
2.16852868223116E+018,"3 : 0.15040423, 9 : 0.08757478, 1 : 0.06300383",7
2.16852436040363E+018,"2 : 0.24238737, 2 : 0.073297925, 2 : 0.027022593",7
2.16849048693439E+018,"1 : 0.2643236, 7 : 0.2617836, 7 : 0.0887322",7
2.16848688595813E+018,"2 : 0.6637951, 12 : 0.10029156, 4 : 0.013393846",7
2.16846463865684E+018,"2 : 0.77215195, 7 : 0.010350079, 3 : 0.010045183",7
2.16846391263116E+018,"1 : 0.43773913, 11 : 0.10002247, 11 : 0.097483665",7
2.16845769694933E+018,"2 : 0.36844194, 3 : 0.06920261, 12 : 0.052117024",7
2.168449312477E+018,"11 : 0.93127173, 2 : 0.017254507, 9 : 0.010144737",7
2.16843770692924E+018,"12 : 0.27150014, 1 : 0.14246097, 12 : 0.08128917",7
2.1684016699314E+018,"1 : 0.79437816, 1 : 0.0061579123, 2 : 0.005223639",7
2.16836470354028E+018,"1 : 0.78658026, 11 : 0.0674169, 1 : 0.012819652",7
2.16830515314117E+018,"7 : 0.9949249, 7 : 0.0006790501, 7 : 0.00026834855",7
2.16828454673536E+018,"4 : 0.11720021, 12 : 0.0976235, 3 : 0.08579765",7
2.16785509731761E+018,"9 : 0.13960248, 2 : 0.10383056, 9 : 0.065962695",7
2.16781440198083E+018,"7 : 0.43068603, 7 : 0.1673835, 7 : 0.08675146",7
2.16775648055517E+018,"7 : 0.19561401, 7 : 0.10699649, 2 : 0.105325155",7
2.16773870181488E+018,"5 : 0.36007205, 9 : 0.1285951, 2 : 0.07177129",7
2.16772486402736E+018,"13 : 0.37154514, 13 : 0.02920324, 13 : 0.019774953",7
2.16770066746358E+018,"1 : 0.8031208, 11 : 0.006693072, 9 : 0.0065618134",7
2.16768981728708E+018,"8 : 0.3405604, 8 : 0.19861408, 2 : 0.14068033",7
2.16768814443925E+018,"5 : 0.36040917, 7 : 0.112870075, 2 : 0.070871785",7
2.16765484317554E+018,"2 : 0.2551206, 12 : 0.06895413, 12 : 0.063183464",7
2.16764399045595E+018,"7 : 0.12161496, 7 : 0.0668821, 10 : 0.051194947",7
2.16753708801512E+018,"9 : 0.99974364, 11 : 5.3482567e-05, 1 : 4.906138e-05",7
2.16711582871406E+018,"7 : 0.65221936, 7 : 0.047484666, 4 : 0.031379312",7
2.16708461372237E+018,"9 : 0.15944637, 1 : 0.14395139, 2 : 0.073284574",7
2.16701789958395E+018,"7 : 0.11891754, 2 : 0.1010031, 6 : 0.04825852",7
2.1670066752996E+018,"2 : 0.345427, 1 : 0.259931, 11 : 0.18485788",7
2.1669582887098E+018,"8 : 0.49786788, 1 : 0.1211949, 8 : 0.027350541",7
2.16681104391814E+018,"9 : 0.9206252, 10 : 0.015577677, 13 : 0.003033078",7
2.16641654165857E+018,"13 : 0.21054229, 8 : 0.1532603, 7 : 0.08403829",7
2.16640444208211E+018,"12 : 0.24236235, 2 : 0.10323505, 13 : 0.033672515",7
2.16640423979917E+018,"8 : 0.3184171, 4 : 0.15218583, 8 : 0.056705795",7
2.16638734874819E+018,"11 : 0.3613092, 1 : 0.13492475, 12 : 0.08071695",7
2.16638559698877E+018,"11 : 0.17535667, 1 : 0.17273848, 5 : 0.05777402",7
2.16628805419643E+018,"1 : 0.7393898, 1 : 0.031205771, 9 : 0.02412009",7
2.16627714401625E+018,"1 : 0.83025825, 11 : 0.06297608, 1 : 0.015448663",7
2.16626725763058E+018,"11 : 0.37515455, 11 : 0.16079919, 1 : 0.09435891",7
2.16626262796474E+018,"9 : 0.2213912, 11 : 0.13867745, 2 : 0.079820976",7
2.16622117059309E+018,"3 : 0.5287408, 7 : 0.09472169, 10 : 0.062524065",7
2.1661209177013E+018,"11 : 0.369982, 11 : 0.17359099, 11 : 0.08035827",7
2.16562776578983E+018,"6 : 0.028263828, 12 : 0.027096154, 13 : 0.02478154",7
2.16561031604924E+018,"7 : 0.19646332, 7 : 0.13627318, 10 : 0.11539002",7
2.16553604436273E+018,"9 : 0.90271306, 4 : 0.018199062, 8 : 0.014679074",7
2.16551066556116E+018,"1 : 0.23024605, 12 : 0.08034143, 2 : 0.06489621",7
2.1647821247366E+018,"7 : 0.8101978, 12 : 0.16779132, 12 : 0.01134909",7
2.16467656028899E+018,"1 : 0.86615634, 11 : 0.016831053, 1 : 0.0108873965",7
2.16421029275676E+018,"12 : 0.5608407, 12 : 0.1110739, 3 : 0.056485657",7
2.16413869962182E+018,"1 : 0.17617717, 1 : 0.124720894, 11 : 0.09366993",7
2.16404474177492E+018,"1 : 0.39815673, 7 : 0.28018928, 7 : 0.16833359",7
2.16398385060581E+018,"12 : 0.6363078, 2 : 0.2969407, 12 : 0.045734838",7
2.16391240870699E+018,"3 : 0.46162596, 1 : 0.11806281, 3 : 0.058223907",7
2.16331149050389E+018,"3 : 0.2925929, 3 : 0.08738156, 3 : 0.08304617",7
2.1632993932677E+018,"1 : 0.49489355, 11 : 0.15388061, 1 : 0.12389554",7
2.16322814279019E+018,"11 : 0.66126347, 11 : 0.16946878, 1 : 0.03148955",7
2.16316457771873E+018,"7 : 0.31781942, 12 : 0.23475033, 12 : 0.044866145",7
2.16315167926933E+018,"7 : 0.5669476, 4 : 0.14449906, 7 : 0.10206268",7
2.16267898488267E+018,"1 : 0.49544457, 11 : 0.123592414, 1 : 0.115606025",7
2.16263168703341E+018,"3 : 0.37389734, 2 : 0.12071499, 11 : 0.1200122",7
2.1622807647172E+018,"2 : 0.54940444, 10 : 0.43032786, 7 : 0.008029989",7
2.16199998008944E+018,"2 : 0.5406811, 11 : 0.13266353, 11 : 0.05677809",7
2.16195783813088E+018,"12 : 0.8364955, 7 : 0.07039234, 6 : 0.017175283",7
2.16192004714795E+018,"1 : 0.89212286, 7 : 0.014471746, 11 : 0.0133510195",7
2.16187950519986E+018,"11 : 0.41045514, 11 : 0.25473237, 11 : 0.16267431",7
2.1616955200081E+018,"7 : 0.14940064, 3 : 0.08135028, 12 : 0.065276146",7
2.16132351772396E+018,"11 : 0.7153583, 1 : 0.056560528, 11 : 0.050539117",7
2.1612209424358E+018,"1 : 0.49093515, 8 : 0.1948886, 8 : 0.036537692",7
2.16120990038688E+018,"1 : 0.6024883, 7 : 0.060110167, 4 : 0.04787175",7
2.16117823707302E+018,"8 : 0.11155974, 9 : 0.09187753, 13 : 0.08482762",7
2.1610571696307E+018,"1 : 0.6248059, 11 : 0.07068375, 1 : 0.025065921",7
2.16052248618208E+018,"1 : 0.78843796, 1 : 0.012341097, 8 : 0.00938517",7
2.16051974684024E+018,"1 : 0.45852312, 1 : 0.20971228, 11 : 0.10574992",7
2.16045219831253E+018,"2 : 0.3869063, 11 : 0.26044568, 1 : 0.098202065",7
2.16039710163244E+018,"7 : 0.16406474, 10 : 0.09117172, 10 : 0.07201939",7
2.15976804445761E+018,"11 : 0.23740412, 11 : 0.16721381, 1 : 0.14350764",7
2.1597078982717E+018,"14 : 0.10093856, 7 : 0.08331995, 3 : 0.038849",7
2.15899629773711E+018,"1 : 0.66954654, 9 : 0.052437335, 8 : 0.026199423",7
2.15886140154061E+018,"9 : 0.39707512, 13 : 0.08523357, 13 : 0.060813904",7
2.15868590978087E+018,"2 : 0.20806228, 1 : 0.14085901, 13 : 0.12705572",7
2.15833738680802E+018,"11 : 0.31219605, 2 : 0.100928836, 13 : 0.08480627",7
2.15814499193589E+018,"1 : 0.84600806, 1 : 0.018332826, 8 : 0.0047123083",7
2.15808376712537E+018,"1 : 0.81251895, 1 : 0.024198959, 11 : 0.02311686",7
2.15802703403991E+018,"13 : 0.4481889, 11 : 0.15143271, 13 : 0.07861456",7
2.15795353008705E+018,"2 : 0.9990031, 2 : 9.624137e-05, 2 : 9.2699636e-05",7
2.15759674643218E+018,"13 : 0.42437705, 13 : 0.12318317, 13 : 0.1051193",7
2.15746088631379E+018,"3 : 0.89151007, 2 : 0.052659046, 3 : 0.013477841",7
2.15725905469583E+018,"11 : 0.64984965, 1 : 0.026524346, 1 : 0.02434879",7
2.15664651135721E+018,"7 : 0.6474237, 2 : 0.020784236, 13 : 0.020596707",7
2.15663403282645E+018,"3 : 0.16397631, 2 : 0.13416544, 3 : 0.090422004",7
2.15655397575162E+018,"1 : 0.19127427, 9 : 0.11725224, 12 : 0.08784048",7
2.15655282169725E+018,"8 : 0.37678006, 9 : 0.12476599, 2 : 0.061942343",7
2.15614769846262E+018,"1 : 0.9766872, 1 : 0.001039515, 11 : 0.0007666087",7
2.15605443524196E+018,"1 : 0.82513714, 11 : 0.014510493, 9 : 0.008385712",7
2.15585972582083E+018,"12 : 0.22014523, 11 : 0.13453037, 2 : 0.096599005",7
2.15542596464181E+018,"2 : 0.07456532, 12 : 0.03678412, 12 : 0.035578653",7
2.15527315230467E+018,"1 : 0.3173158, 1 : 0.1080381, 8 : 0.065524854",7
2.15515874623876E+018,"7 : 0.816231, 7 : 0.0459128, 7 : 0.010845981",7
2.15456680564955E+018,"3 : 0.8025983, 3 : 0.09455715, 3 : 0.009433637",7
2.15454055838365E+018,"5 : 0.33257663, 6 : 0.04484949, 13 : 0.040805265",7
2.15453794477015E+018,"5 : 0.31319347, 9 : 0.17490841, 1 : 0.05075036",7
2.15397652475626E+018,"7 : 0.21072833, 1 : 0.12400166, 8 : 0.03399989",7
2.15389409892323E+018,"7 : 0.8364187, 7 : 0.04760162, 2 : 0.020917527",7
2.1538178284578E+018,"1 : 0.609265, 11 : 0.19155301, 11 : 0.02874778",7
2.15363407121815E+018,"11 : 0.2697225, 11 : 0.22398984, 1 : 0.11720212",7
2.15321491702972E+018,"1 : 0.39222577, 11 : 0.16558155, 11 : 0.049397398",7
2.15319562252678E+018,"3 : 0.847043, 13 : 0.051617205, 9 : 0.008963868",7
2.15301414403548E+018,"3 : 0.25067824, 13 : 0.11816609, 12 : 0.06479069",7
2.15301370202316E+018,"1 : 0.8691368, 1 : 0.034034085, 8 : 0.00846956",7
2.15297280009316E+018,"12 : 0.8440162, 7 : 0.03311915, 13 : 0.02001688",7
2.15262125566956E+018,"1 : 0.9682076, 1 : 0.004862224, 11 : 0.0047620567",7
2.15229732541919E+018,"8 : 0.24147168, 8 : 0.23388295, 8 : 0.072529085",7
2.15229336584313E+018,"8 : 0.69035333, 8 : 0.035630293, 8 : 0.02581536",7
2.15226244476489E+018,"9 : 0.48487672, 1 : 0.1294706, 8 : 0.07725202",7
2.15188458955595E+018,"11 : 0.48971578, 1 : 0.16662574, 11 : 0.07179865",7
2.15179560689982E+018,"1 : 0.8721594, 11 : 0.006671933, 11 : 0.0035602427",7
2.15163320035487E+018,"1 : 0.900357, 1 : 0.03423855, 8 : 0.009282342",7
2.15154969113201E+018,"1 : 0.9650339, 11 : 0.006057618, 1 : 0.0021714359",7
2.15121750466462E+018,"2 : 0.8934281, 12 : 0.031172387, 4 : 0.015446211",7
2.15109229651938E+018,"1 : 0.9727515, 1 : 0.0011184256, 9 : 0.0009173325",7
2.15105777788439E+018,"11 : 0.20275581, 1 : 0.08088207, 11 : 0.06503338",7
2.15029674590135E+018,"6 : 0.8563161, 4 : 0.01457605, 3 : 0.013817836",7
2.15028175459451E+018,"9 : 0.53091705, 2 : 0.11891286, 2 : 0.079127304",7
2.15022105612063E+018,"2 : 0.35677955, 11 : 0.09859895, 14 : 0.06499936",7
2.14949270477888E+018,"6 : 0.14517601, 6 : 0.11567339, 6 : 0.043808825",7
2.14940314017151E+018,"1 : 0.95460993, 11 : 0.004990127, 11 : 0.0017649181",7
2.14890635617081E+018,"1 : 0.94810057, 1 : 0.0067487895, 13 : 0.006672247",7
2.14883557110832E+018,"1 : 0.2300465, 1 : 0.16480477, 11 : 0.14371565",7
2.14882014544815E+018,"1 : 0.8513016, 1 : 0.016790338, 1 : 0.009606667",7
2.14863239255482E+018,"1 : 0.43622172, 13 : 0.026801331, 11 : 0.021309633",7
2.14857970994066E+018,"2 : 0.85548013, 11 : 0.072741054, 1 : 0.012341002",7
2.14852597568891E+018,"1 : 0.455926, 1 : 0.06965087, 13 : 0.05919534",7
2.14828725321083E+018,"1 : 0.6264155, 1 : 0.18772796, 11 : 0.03297839",7
2.148270789022E+018,"2 : 0.13584708, 2 : 0.104371496, 7 : 0.08633224",7
2.14816285497755E+018,"2 : 0.2740974, 13 : 0.078793466, 11 : 0.07734495",7
2.14815938236229E+018,"1 : 0.68665147, 11 : 0.09086899, 11 : 0.046324097",7
2.14810897560057E+018,"1 : 0.64673346, 11 : 0.09573345, 1 : 0.013292996",7
2.14798085928696E+018,"11 : 0.71286565, 11 : 0.043727096, 11 : 0.029691888",7
2.14797387614631E+018,"2 : 0.5292466, 2 : 0.458743, 2 : 0.0015948191",7
2.1479463808731E+018,"2 : 0.3126525, 5 : 0.043794785, 6 : 0.041500427",7
2.14789451285328E+018,"11 : 0.8802493, 11 : 0.012175049, 1 : 0.011897024",7
2.1478645126745E+018,"13 : 0.6400787, 11 : 0.09022851, 1 : 0.054224923",7
2.14744136804208E+018,"2 : 0.4281343, 2 : 0.27549723, 10 : 0.011416839",7
2.14677085573308E+018,"1 : 0.93938124, 1 : 0.0065906276, 11 : 0.002985246",7
2.14666747038262E+018,"1 : 0.59416014, 11 : 0.16871929, 11 : 0.059249684",7
2.14660538767218E+018,"13 : 0.3227029, 1 : 0.24264552, 10 : 0.0980313",7
2.14628671604574E+018,"8 : 0.34324554, 8 : 0.3148801, 8 : 0.08704937",7
2.14576871208757E+018,"11 : 0.525334, 1 : 0.24597055, 1 : 0.06569172",7
2.14531846903023E+018,"1 : 0.41952562, 11 : 0.38705093, 11 : 0.020027058",7
2.14525101234928E+018,"2 : 0.2865164, 2 : 0.1815198, 3 : 0.09712438",7
2.1450611804237E+018,"1 : 0.48304567, 7 : 0.18809809, 7 : 0.05334749",7
2.14505137327676E+018,"12 : 0.5489053, 12 : 0.38699988, 13 : 0.0031995445",7
2.1450195841268E+018,"1 : 0.44017705, 13 : 0.14685264, 1 : 0.032113947",7
2.14449429295612E+018,"13 : 0.08183837, 4 : 0.06568339, 4 : 0.051497202",7
2.14430356689088E+018,"11 : 0.09157666, 3 : 0.075278595, 7 : 0.06490968",7
2.14389171244413E+018,"2 : 0.6294787, 2 : 0.36935508, 7 : 0.00015538673",7
2.14377534349284E+018,"1 : 0.39026117, 1 : 0.24617442, 11 : 0.10465481",7
2.14373999594382E+018,"11 : 0.92559016, 11 : 0.02179272, 11 : 0.021648083",7
2.14367505195321E+018,"8 : 0.10830535, 2 : 0.07884527, 8 : 0.045898903",7
2.14364944864663E+018,"4 : 0.5144466, 1 : 0.1918473, 1 : 0.07242831",7
2.14364939903642E+018,"4 : 0.5144466, 1 : 0.1918473, 1 : 0.07242831",7
2.14364934641456E+018,"4 : 0.5144466, 1 : 0.1918473, 1 : 0.07242831",7
2.14357824506139E+018,"7 : 0.30972362, 2 : 0.20221205, 8 : 0.027185313",7
2.14357043789296E+018,"1 : 0.94842976, 1 : 0.00453705, 11 : 0.0022303823",7
2.14305016683658E+018,"7 : 0.82961965, 1 : 0.10624773, 2 : 0.004575425",7
2.1430463963333E+018,"13 : 0.34225208, 13 : 0.060701102, 5 : 0.028072884",7
2.14300678440203E+018,"1 : 0.55457073, 11 : 0.17248052, 11 : 0.03936433",7
2.14296284667821E+018,"7 : 0.19845858, 7 : 0.02624198, 12 : 0.025516061",7
2.1428559221926E+018,"7 : 0.3548716, 2 : 0.062191866, 2 : 0.052046273",7
2.14245499412575E+018,"11 : 0.7361755, 11 : 0.050551984, 1 : 0.04880213",7
2.14198511327804E+018,"11 : 0.73111725, 1 : 0.06193008, 11 : 0.042992257",7
2.14148070925727E+018,"1 : 0.35240665, 11 : 0.23803766, 1 : 0.15528452",7
2.14132740243798E+018,"1 : 0.2253512, 11 : 0.20689598, 11 : 0.1552277",7
2.14061770676517E+018,"1 : 0.55912185, 11 : 0.24947809, 11 : 0.028651481",7
2.14015160406071E+018,"2 : 0.8910488, 8 : 0.011644898, 11 : 0.0075095035",7
2.13999305534475E+018,"1 : 0.48101398, 11 : 0.1592762, 11 : 0.06684676",7
2.13949654667164E+018,"7 : 0.11379454, 1 : 0.093511775, 9 : 0.087581724",7
2.1392331712926E+018,"1 : 0.67744803, 1 : 0.07303214, 2 : 0.029290995",7
2.13875450777401E+018,"13 : 0.12967288, 7 : 0.07196627, 13 : 0.034983974",7
2.13870187929994E+018,"1 : 0.6696892, 1 : 0.02990189, 13 : 0.020942431",7
2.13852461626874E+018,"1 : 0.899589, 1 : 0.01255946, 11 : 0.0038545255",7
2.138492820735E+018,"11 : 0.7859663, 11 : 0.11578915, 11 : 0.025612537",7
2.13845213595274E+018,"2 : 0.20419964, 2 : 0.090498015, 1 : 0.059522755",7
2.13820490031252E+018,"1 : 0.5142914, 11 : 0.042761713, 2 : 0.027290493",7
2.13727674398775E+018,"1 : 0.78704756, 13 : 0.024103723, 13 : 0.0076452666",7
2.13724053570972E+018,"1 : 0.8747992, 11 : 0.00877886, 1 : 0.008342549",7
2.13713224085401E+018,"4 : 0.1345232, 13 : 0.1101027, 8 : 0.07513695",7
2.13705314900588E+018,"1 : 0.42782435, 11 : 0.23296504, 11 : 0.1108826",7
2.1363731999324E+018,"11 : 0.8354147, 2 : 0.040495817, 13 : 0.027730191",7
2.13586862391159E+018,"7 : 0.8863404, 2 : 0.023511957, 2 : 0.02286243",7
2.13580169037543E+018,"1 : 0.4726782, 11 : 0.24411926, 11 : 0.02964697",7
2.13570998984622E+018,"1 : 0.7293498, 11 : 0.070758216, 1 : 0.04730301",7
2.1357047864425E+018,"4 : 0.3462197, 2 : 0.12919049, 7 : 0.108756475",7
2.13516536055564E+018,"6 : 0.3159735, 6 : 0.22675751, 6 : 0.08946621",7
2.13494804236552E+018,"8 : 0.24772704, 8 : 0.16255558, 8 : 0.12256865",7
2.13414602054056E+018,"1 : 0.6573951, 1 : 0.03894369, 11 : 0.030252952",7
2.13414507642634E+018,"7 : 0.6449588, 10 : 0.064637594, 9 : 0.01133861",7
2.13409928558211E+018,"1 : 0.74567384, 11 : 0.04553381, 11 : 0.031850733",7
2.1340956093249E+018,"1 : 0.76222, 1 : 0.029470533, 11 : 0.024296898",7
2.13373895277537E+018,"1 : 0.9817322, 1 : 0.0017988547, 9 : 0.00076557515",7
2.13360922730704E+018,"11 : 0.41614687, 1 : 0.1857784, 13 : 0.017543929",7
2.13349349254233E+018,"7 : 0.39724618, 7 : 0.20059945, 8 : 0.034632668",7
2.13337196428736E+018,"7 : 0.2785484, 1 : 0.070407584, 2 : 0.062299598",7
2.13334800570015E+018,"8 : 0.17574064, 13 : 0.04127464, 7 : 0.035263643",7
2.210530659492E+018,"2 : 0.23781466, 1 : 0.19442855, 11 : 0.076141275",7
2.21040798073956E+018,"2 : 0.6587534, 13 : 0.16902897, 10 : 0.026175613",7
2.20985136665772E+018,"6 : 0.06807318, 7 : 0.06289085, 6 : 0.051814318",7
2.20959333873095E+018,"13 : 0.6008581, 1 : 0.04675591, 9 : 0.029787483",7
2.20910336621025E+018,"9 : 0.724069, 2 : 0.06051404, 13 : 0.046880152",7
2.20895218008999E+018,"12 : 0.290299, 13 : 0.21351177, 7 : 0.13944674",7
2.20831934669917E+018,"5 : 0.15833338, 2 : 0.09202706, 3 : 0.08948007",7
2.20770775529144E+018,"10 : 0.44556454, 9 : 0.20473062, 9 : 0.15421122",7
2.20748110995307E+018,"4 : 0.51229376, 9 : 0.18704967, 13 : 0.012987845",7
2.20609842315393E+018,"2 : 0.18672954, 2 : 0.05056825, 2 : 0.0497788",7
2.20470786918097E+018,"5 : 0.48064065, 3 : 0.40478864, 3 : 0.087779276",7
2.2038854270862E+018,"10 : 0.16954024, 7 : 0.13001171, 9 : 0.051985122",7
2.2025922823862E+018,"7 : 0.14522995, 10 : 0.07596885, 7 : 0.07193211",7
2.20178413082047E+018,"2 : 0.5309295, 2 : 0.09758254, 7 : 0.078655586",7
2.20021293769511E+018,"7 : 0.19395865, 7 : 0.13265164, 4 : 0.07215725",7
2.19897313805899E+018,"3 : 0.43536377, 2 : 0.075472236, 13 : 0.06313424",7
2.19836623771328E+018,"7 : 0.09302781, 7 : 0.068193436, 9 : 0.061967455",7
2.19784174522303E+018,"10 : 0.2787594, 6 : 0.0885615, 10 : 0.037309937",7
2.19611630945553E+018,"14 : 0.23114604, 11 : 0.11763982, 1 : 0.062724955",7
2.19584897632971E+018,"14 : 0.060036663, 12 : 0.05054926, 2 : 0.025478378",7
2.19530689180714E+018,"7 : 0.20105967, 3 : 0.08828286, 3 : 0.074073404",7
2.19505601348815E+018,"2 : 0.7583998, 13 : 0.037144847, 3 : 0.03358162",7
2.19452730311603E+018,"9 : 0.17324166, 13 : 0.045274016, 4 : 0.041976534",7
2.1943433826005E+018,"3 : 0.16719292, 3 : 0.14659488, 2 : 0.089560606",7
2.19422364471722E+018,"7 : 0.11705159, 4 : 0.0741245, 3 : 0.043865763",7
2.19367482362904E+018,"11 : 0.15508465, 1 : 0.14936188, 7 : 0.07406296",7
2.19250256251139E+018,"5 : 0.49368206, 13 : 0.11773808, 5 : 0.011413209",7
2.19148009092851E+018,"10 : 0.4462494, 9 : 0.053716183, 2 : 0.029857056",7
2.19030212105902E+018,"7 : 0.047757767, 3 : 0.033346117, 5 : 0.01961133",7
2.18957158577865E+018,"13 : 0.12012201, 7 : 0.024405733, 10 : 0.022611579",7
2.18939224129902E+018,"10 : 0.4495538, 7 : 0.024175439, 6 : 0.014742226",7
2.18875412354397E+018,"4 : 0.27445927, 7 : 0.075696155, 7 : 0.070826076",7
2.18795594025612E+018,"3 : 0.14707138, 3 : 0.11287231, 3 : 0.07863869",7
2.18706715229783E+018,"7 : 0.24209774, 10 : 0.1409778, 4 : 0.07214977",7
2.18579689858004E+018,"7 : 0.92827576, 7 : 0.038132183, 7 : 0.016063673",7
2.18498136258332E+018,"4 : 0.6501136, 6 : 0.13136594, 9 : 0.0194672",7
2.18446998303858E+018,"12 : 0.15045618, 7 : 0.1032334, 2 : 0.093655236",7
2.18431450484699E+018,"9 : 0.8586206, 1 : 0.056736853, 12 : 0.007383213",7
2.18408981630869E+018,"14 : 0.26123554, 7 : 0.07852819, 13 : 0.07259055",7
2.18363940587203E+018,"7 : 0.06164757, 7 : 0.056880135, 7 : 0.03452092",7
2.18302338426783E+018,"7 : 0.3473537, 7 : 0.13419728, 10 : 0.03646382",7
2.1820554824843E+018,"11 : 0.09287975, 2 : 0.046933953, 2 : 0.03111803",7
2.18148299270341E+018,"2 : 0.087397955, 2 : 0.086388715, 10 : 0.08174101",7
2.18089980847114E+018,"9 : 0.43862557, 2 : 0.21444541, 9 : 0.022322178",7
2.18067164640961E+018,"1 : 0.8037508, 1 : 0.0058112037, 11 : 0.0040808236",7
2.17984399167668E+018,"6 : 0.31292802, 3 : 0.053981677, 3 : 0.051999763",7
2.17931024759199E+018,"4 : 0.29503605, 11 : 0.2180905, 1 : 0.056875326",7
2.17913719419005E+018,"12 : 0.356105, 3 : 0.14066099, 7 : 0.08092851",7
2.17867016686186E+018,"10 : 0.15026124, 10 : 0.10809327, 7 : 0.044530403",7
2.17855157306033E+018,"7 : 0.9327359, 13 : 0.0028663303, 10 : 0.0019105262",7
2.17796274998063E+018,"10 : 0.2597295, 9 : 0.21243979, 4 : 0.14424649",7
2.17708861552924E+018,"10 : 0.70806843, 7 : 0.01972112, 13 : 0.017253952",7
2.19684442251277E+018,"3 : 0.8497166, 12 : 0.019078825, 13 : 0.008884103",7
2.19666600565308E+018,"3 : 0.85584104, 3 : 0.025138173, 3 : 0.024143547",7
2.19646177285938E+018,"7 : 0.24279349, 3 : 0.18983941, 7 : 0.052690666",7
2.19444680154583E+018,"2 : 0.1578357, 7 : 0.1405105, 2 : 0.03967164",7
2.1944230223084E+018,"7 : 0.2795459, 3 : 0.17787127, 3 : 0.11266022",7
2.1929979431257E+018,"3 : 0.20333867, 3 : 0.12829131, 3 : 0.06198945",7
2.19209428672686E+018,"3 : 0.2985162, 3 : 0.067021094, 3 : 0.062061243",7
2.18944496931238E+018,"3 : 0.23447664, 13 : 0.07763559, 8 : 0.07141449",7
2.18881852469331E+018,"11 : 0.7022334, 2 : 0.054265242, 11 : 0.017903585",7
2.18632679076702E+018,"3 : 0.26158655, 13 : 0.13585895, 2 : 0.07773345",7
2.18626877754569E+018,"7 : 0.51631594, 7 : 0.21806471, 11 : 0.028741559",7
2.18479338033724E+018,"3 : 0.47856244, 7 : 0.069041066, 7 : 0.05191366",7
2.18374463248668E+018,"3 : 0.32739553, 12 : 0.20356736, 13 : 0.06673733",7
2.1815014704308E+018,"3 : 0.93775725, 13 : 0.003446741, 7 : 0.0027538727",7
2.17986799564248E+018,"3 : 0.52254486, 7 : 0.12316063, 7 : 0.0231456",7
2.17914977106431E+018,"11 : 0.9048367, 10 : 0.020078374, 2 : 0.014099222",7
2.17907345227013E+018,"3 : 0.2511853, 3 : 0.13209108, 3 : 0.09812076",7
2.17891932766378E+018,"7 : 0.70564014, 3 : 0.1314753, 2 : 0.00879804",7
2.17556122002384E+018,"3 : 0.32569715, 3 : 0.098398834, 3 : 0.042348612",7
2.17413363741964E+018,"7 : 0.3891248, 3 : 0.30391768, 7 : 0.108998574",7
2.17129514628983E+018,"3 : 0.64166844, 3 : 0.1810199, 3 : 0.026211735",7
2.17129155896042E+018,"7 : 0.5239019, 3 : 0.17127869, 7 : 0.099961296",7
2.16899122039581E+018,"7 : 0.07299963, 3 : 0.039401397, 7 : 0.03781472",7
2.16897214106063E+018,"13 : 0.05445595, 13 : 0.05091408, 10 : 0.046357356",7
2.16835223862448E+018,"3 : 0.27456877, 7 : 0.08305563, 3 : 0.048986703",7
2.16834127551921E+018,"3 : 0.82124066, 3 : 0.042472057, 3 : 0.025626438",7
2.16814409965014E+018,"3 : 0.30474564, 7 : 0.26512337, 3 : 0.2111581",7
2.16808645149404E+018,"3 : 0.84936213, 7 : 0.012107646, 6 : 0.010934201",7
2.16757119508873E+018,"3 : 0.66376007, 7 : 0.037224207, 8 : 0.028984854",7
2.16632121423945E+018,"3 : 0.7914828, 7 : 0.039142326, 3 : 0.03214386",7
2.16630939959819E+018,"3 : 0.25238422, 3 : 0.12662494, 11 : 0.035107173",7
2.16614778418894E+018,"7 : 0.32119757, 7 : 0.14032431, 7 : 0.06760668",7
2.16598905159385E+018,"3 : 0.284775, 7 : 0.17516175, 7 : 0.16977046",7
2.16591690058088E+018,"13 : 0.16059722, 7 : 0.10258074, 7 : 0.06938194",7
2.16570981192103E+018,"6 : 0.67499095, 7 : 0.06024965, 2 : 0.04829054",7
2.16566952423014E+018,"7 : 0.10558369, 8 : 0.048975665, 1 : 0.04780124",7
2.16458062436783E+018,"1 : 0.109809116, 11 : 0.061413504, 13 : 0.0564115",7
2.16455362966708E+018,"7 : 0.67232144, 7 : 0.14539014, 7 : 0.06621316",7
2.16314199898328E+018,"7 : 0.750298, 3 : 0.1235135, 3 : 0.027339563",7
2.16174642070613E+018,"3 : 0.90924805, 3 : 0.033509344, 3 : 0.012282161",7
2.15906021091269E+018,"7 : 0.38499457, 2 : 0.24877182, 7 : 0.07306345",7
2.1587776694169E+018,"11 : 0.7075895, 2 : 0.11330316, 2 : 0.020504218",7
2.15731067515178E+018,"2 : 0.51824254, 2 : 0.32541734, 2 : 0.02805084",7
2.15650436959233E+018,"3 : 0.8852092, 8 : 0.056610964, 11 : 0.01199483",7
2.15523313440035E+018,"3 : 0.19416438, 14 : 0.030319978, 12 : 0.01953876",7
2.15095504110718E+018,"3 : 0.90999305, 3 : 0.022299062, 3 : 0.008767791",7
2.14880351775859E+018,"3 : 0.55852693, 13 : 0.11931108, 4 : 0.048814666",7
2.14529395380834E+018,"3 : 0.46956405, 3 : 0.28160557, 3 : 0.05005925",7
2.14300506782596E+018,"3 : 0.9733323, 3 : 0.0035569398, 3 : 0.002836724",7
2.13695941413663E+018,"3 : 0.42567018, 3 : 0.054510854, 7 : 0.031723816",7
2.13481598304354E+018,"7 : 0.6763366, 3 : 0.032620743, 7 : 0.016796364",7
2.13067943681377E+018,"2 : 0.6961797, 2 : 0.029996604, 7 : 0.017757593",7
2.1306739874166E+018,"3 : 0.89671206, 3 : 0.029166417, 3 : 0.0045082564",7
2.12793845723928E+018,"12 : 0.35446957, 3 : 0.11556134, 13 : 0.0412474",7
2.12633343949342E+018,"2 : 0.5753968, 2 : 0.12526001, 2 : 0.10764358",7
2.12552204708106E+018,"7 : 0.34788582, 3 : 0.19059642, 7 : 0.1094271",7
2.12550948775778E+018,"3 : 0.26186022, 7 : 0.21994346, 7 : 0.04230038",7
2.12550823469278E+018,"3 : 0.4342325, 3 : 0.13070978, 3 : 0.09829344",7
2.11764790686653E+018,"7 : 0.22051863, 13 : 0.062751204, 2 : 0.057428427",7
2.1161055125554E+018,"11 : 0.86501515, 3 : 0.031741083, 10 : 0.017192753",7
2.11153804319802E+018,"11 : 0.5516504, 3 : 0.16589199, 7 : 0.045538012",7
2.10912590052728E+018,"3 : 0.61633366, 7 : 0.11230448, 12 : 0.06245219",7
2.10446873837336E+018,"1 : 0.3811834, 7 : 0.0358432, 1 : 0.025087496",7
2.10211971901262E+018,"13 : 0.14508426, 13 : 0.13941152, 1 : 0.035559684",7
2.10003711311051E+018,"3 : 0.38107386, 3 : 0.18327506, 3 : 0.11607436",7
2.10003508297513E+018,"4 : 0.57855636, 1 : 0.10362364, 2 : 0.017936561",7
2.09736013613905E+018,"11 : 0.79185206, 2 : 0.05234661, 10 : 0.015155772",7
2.09299548066463E+018,"11 : 0.18938011, 11 : 0.15414366, 1 : 0.093345724",7
2.0913749877014E+018,"7 : 0.88832945, 7 : 0.051491268, 7 : 0.0041605667",7
2.08485731881914E+018,"3 : 0.15882908, 2 : 0.074247845, 13 : 0.053419285",7
2.07750900744826E+018,"3 : 0.84659564, 11 : 0.027266625, 7 : 0.008603853",7
2.07643586887344E+018,"3 : 0.53566265, 3 : 0.41500273, 3 : 0.006860913",7
2.07329817039089E+018,"7 : 0.8836424, 7 : 0.012456203, 7 : 0.010821208",7
2.06660670417877E+018,"6 : 0.16535668, 12 : 0.1471241, 7 : 0.055912428",7
2.06294821301081E+018,"3 : 0.394925, 3 : 0.19858778, 3 : 0.053210463",7
2.06172518899689E+018,"3 : 0.08748743, 3 : 0.05297335, 3 : 0.0416682",7
2.05895539053369E+018,"11 : 0.38360843, 1 : 0.20345855, 1 : 0.04001571",7
2.0565839267303E+018,"3 : 0.14489526, 3 : 0.13508241, 2 : 0.13466978",7
2.05581531949216E+018,"7 : 0.30690396, 7 : 0.12488818, 7 : 0.067449845",7
2.05509310955013E+018,"3 : 0.5183951, 3 : 0.21770588, 3 : 0.07351839",7
2.05169289135793E+018,"3 : 0.7070457, 3 : 0.15604392, 2 : 0.018144457",7
2.05094893963043E+018,"13 : 0.38115114, 3 : 0.025635112, 13 : 0.023403523",7
2.04951930666386E+018,"3 : 0.2677129, 3 : 0.060579702, 7 : 0.06028784",7
2.04734630603861E+018,"3 : 0.29806852, 3 : 0.2093138, 3 : 0.046150766",7
2.04655159232651E+018,"7 : 0.6987684, 3 : 0.05599724, 7 : 0.02409111",7
2.04643462674384E+018,"3 : 0.31629276, 3 : 0.314609, 3 : 0.13238662",7
2.04495151869281E+018,"7 : 0.48806566, 14 : 0.08059345, 12 : 0.05055359",7
2.04490062077056E+018,"2 : 0.99465334, 3 : 0.0001579596, 7 : 0.000104722116",7
2.04436000193051E+018,"2 : 0.3733047, 2 : 0.18645345, 7 : 0.040453207",7
2.04309654942966E+018,"12 : 0.32808682, 2 : 0.06563946, 9 : 0.0293324",7
2.04227307134913E+018,"13 : 0.8397196, 7 : 0.022746421, 7 : 0.0129103055",7
2.04218839960837E+018,"3 : 0.3566867, 7 : 0.089551, 12 : 0.061002094",7
2.03734860992187E+018,"2 : 0.39803258, 2 : 0.13625714, 3 : 0.038489632",7
2.03731181436798E+018,"2 : 0.28812787, 2 : 0.09307847, 7 : 0.08641372",7
2.03558844406835E+018,"2 : 0.17828129, 2 : 0.11765943, 12 : 0.08262344",7
2.03215692891946E+018,"3 : 0.8441257, 2 : 0.012535303, 7 : 0.010864535",7
2.03208763175281E+018,"7 : 0.17266868, 3 : 0.15239877, 3 : 0.12477619",7
2.0319181634329E+018,"3 : 0.24284698, 7 : 0.096798755, 7 : 0.058862053",7
2.03059376309028E+018,"1 : 0.6938661, 8 : 0.08734851, 11 : 0.044329297",7
2.02899110095904E+018,"3 : 0.5519162, 3 : 0.08476922, 12 : 0.050625883",7
2.02824551774753E+018,"3 : 0.2807206, 2 : 0.056394078, 3 : 0.04811209",7
2.02325495560002E+018,"3 : 0.34493268, 7 : 0.23287897, 13 : 0.0952832",7
2.021082672534E+018,"3 : 0.93656105, 3 : 0.023774693, 7 : 0.019870553",7
2.0195166829987E+018,"3 : 0.6710924, 8 : 0.18400122, 12 : 0.029254928",7
2.01892271812182E+018,"13 : 0.10208113, 7 : 0.04111453, 7 : 0.03893732",7
2.01597826100508E+018,"2 : 0.3125324, 1 : 0.14389102, 11 : 0.09197474",7
2.01453175903478E+018,"13 : 0.9126396, 13 : 0.013199242, 12 : 0.0019387072",7
2.01184806546348E+018,"1 : 0.26048395, 11 : 0.17726748, 12 : 0.06458997",7
2.01168584928176E+018,"1 : 0.22923918, 7 : 0.17519245, 2 : 0.07595798",7
1.98788797079635E+018,"7 : 0.027626801, 12 : 0.026350172, 12 : 0.019837627",7
1.82244244497824E+018,"1 : 0.4848538, 2 : 0.19435376, 13 : 0.052137904",7
1.79274640529565E+018,"3 : 0.9001544, 12 : 0.0096003, 11 : 0.007830412",7
1.78369363076078E+018,"14 : 0.20061122, 3 : 0.13688117, 7 : 0.093273394",7
1.78203145449133E+018,"3 : 0.7481821, 3 : 0.09158115, 3 : 0.01762509",7
1.69512964972498E+018,"12 : 0.42869782, 2 : 0.14346246, 2 : 0.06614442",7
2.20094021670596E+018,"3 : 0.577944, 2 : 0.0351277, 2 : 0.014179283",7
2.20401061486348E+018,"3 : 0.96342367, 13 : 0.0125763705, 12 : 0.006633535",7
2.03362808276744E+018,"13 : 0.61020994, 1 : 0.15605552, 12 : 0.038801827",7
2.20242598162954E+018,"3 : 0.8564269, 3 : 0.016078025, 3 : 0.011754159",7
2.20958495930823E+018,"3 : 0.8730645, 2 : 0.11524017, 3 : 0.0024458312",7
2.14663127121687E+018,"12 : 0.21052961, 1 : 0.1714527, 9 : 0.14862381",7
2.20953166861269E+018,"3 : 0.72201645, 7 : 0.17586192, 3 : 0.04278175",7
2.20735182552329E+018,"3 : 0.9814183, 3 : 0.006851711, 3 : 0.0033013092",7
2.2069807505081E+018,"7 : 0.29462418, 3 : 0.14850734, 7 : 0.046673633",7
2.20475551094004E+018,"4 : 0.27330738, 13 : 0.110245965, 13 : 0.09685708",7
2.20475265040802E+018,"13 : 0.49367926, 12 : 0.13364643, 3 : 0.07082391",7
2.20456347804231E+018,"7 : 0.21873052, 11 : 0.09444271, 11 : 0.079201154",7
2.20383666890619E+018,"9 : 0.43409926, 1 : 0.10462989, 12 : 0.08555294",7
2.20322618373108E+018,"2 : 0.0927248, 13 : 0.042037304, 13 : 0.03590532",7
2.20176499843325E+018,"3 : 0.5934535, 3 : 0.15406032, 3 : 0.030948488",7
2.19971428354475E+018,"2 : 0.43749762, 13 : 0.19452935, 11 : 0.13017605",7
2.19889542074376E+018,"3 : 0.29219466, 7 : 0.06345543, 2 : 0.03367535",7
2.1197353555525E+018,"1 : 0.91606534, 11 : 0.004649992, 11 : 0.0036225074",7
2.08844021592792E+018,"1 : 0.73976904, 11 : 0.05066949, 1 : 0.029701276",7
1.90955524363778E+018,"3 : 0.72952193, 3 : 0.05834745, 9 : 0.020601714",7
2.132183179976E+018,"7 : 0.05344909, 10 : 0.04213455, 14 : 0.030182542",7
1.97189355868184E+018,"2 : 0.7907115, 2 : 0.20806056, 7 : 0.00013342728",7
2.06342577211979E+018,"11 : 0.6059123, 12 : 0.033434063, 1 : 0.030479418",7
1.89159833435636E+018,"8 : 0.843934, 8 : 0.13228129, 9 : 0.001020065",7
1.93119058981688E+018,"11 : 0.41640595, 2 : 0.19868998, 11 : 0.12805232",7
2.18228296730391E+018,,7
2.00679252170402E+018,"8 : 0.72015357, 8 : 0.10379125, 8 : 0.009860816",7
2.148270789022E+018,,7
2.16039710163244E+018,,7
1.63836886206616E+018,"1 : 0.8742478, 8 : 0.0055361283, 8 : 0.0043885694",7
2.00226450717452E+018,"7 : 0.51424015, 1 : 0.08007421, 7 : 0.044666026",7
2.15515874623876E+018,,7
2.19878559306077E+018,,7
2.1786205601589E+018,,7
1.99924094366541E+018,"1 : 0.93575424, 11 : 0.00847243, 1 : 0.0029166744",7
1.91328250716464E+018,"9 : 0.31988257, 9 : 0.31301397, 8 : 0.08513837",7
2.16836470354028E+018,,7
2.14628671604574E+018,,7
2.03289291368343E+018,"12 : 0.3378086, 2 : 0.1741521, 12 : 0.124698445",7
2.07641863306154E+018,"1 : 0.5339284, 7 : 0.0350956, 9 : 0.028822154",7
2.17044080818098E+018,,7
2.02897113494784E+018,"1 : 0.77909625, 11 : 0.022370378, 11 : 0.018829126",7
2.21018650685809E+018,"7 : 0.72177345, 10 : 0.045396652, 7 : 0.020695027",7
2.20825573107817E+018,"10 : 0.08755173, 7 : 0.06783599, 4 : 0.06701854",7
2.20440766608486E+018,"7 : 0.19064772, 14 : 0.12718864, 13 : 0.11906435",7
2.20310739028758E+018,"7 : 0.42064252, 7 : 0.10653543, 7 : 0.07325956",7
2.20104066192343E+018,"7 : 0.74671894, 7 : 0.15070195, 7 : 0.035348948",7
2.19942183488636E+018,"7 : 0.46716774, 10 : 0.308188, 13 : 0.036530808",7
2.19879135464188E+018,"4 : 0.41735274, 7 : 0.12054782, 7 : 0.055898216",7
2.19802164843566E+018,"7 : 0.41935357, 7 : 0.106293075, 7 : 0.09930615",7
2.19648876736018E+018,"7 : 0.14147049, 2 : 0.13053659, 2 : 0.11992455",7
2.19366053515379E+018,"7 : 0.7530765, 7 : 0.044404633, 7 : 0.014726582",7
2.19227768193288E+018,"7 : 0.55147475, 14 : 0.17927, 13 : 0.04002472",7
2.19074662064001E+018,"4 : 0.37917754, 7 : 0.29233277, 7 : 0.04459532",7
2.18851634781473E+018,"3 : 0.3167038, 4 : 0.18606287, 7 : 0.06619074",7
2.18629756285253E+018,"2 : 0.024909189, 12 : 0.016887218, 12 : 0.015418906",7
2.18343490388306E+018,"4 : 0.36316386, 7 : 0.17671928, 7 : 0.06741509",7
2.1792175697315E+018,"7 : 0.52949613, 7 : 0.036425065, 2 : 0.023811776",7
2.17765517821225E+018,"7 : 0.3089319, 7 : 0.1697208, 7 : 0.07613249",7
2.17557740571712E+018,"7 : 0.94681066, 10 : 0.004166064, 7 : 0.0041304063",7
2.17395182764567E+018,"7 : 0.6101388, 7 : 0.030451622, 7 : 0.020783946",7
2.17205643607977E+018,"7 : 0.13431649, 7 : 0.12642922, 7 : 0.09537463",7
2.17054925999731E+018,"7 : 0.35196692, 12 : 0.06064236, 7 : 0.05030829",7
2.16824533824748E+018,"13 : 0.39096117, 7 : 0.08125125, 4 : 0.06949393",7
2.16693395757737E+018,"7 : 0.33411267, 4 : 0.07603774, 7 : 0.05794325",7
2.16462182043576E+018,"7 : 0.21395834, 7 : 0.070268765, 4 : 0.042733166",7
2.16240266721387E+018,"7 : 0.875824, 7 : 0.002835151, 1 : 0.0010717242",7
2.16096265099808E+018,"7 : 0.58120304, 7 : 0.21692179, 10 : 0.047152437",7
2.1595289902521E+018,"7 : 0.48765567, 7 : 0.17152332, 7 : 0.099505946",7
2.157362954711E+018,"7 : 0.18485554, 7 : 0.10614834, 7 : 0.09403442",7
2.15592138026947E+018,"7 : 0.09295111, 7 : 0.085400924, 7 : 0.065526605",7
2.15444074729472E+018,"7 : 0.13937882, 10 : 0.047904775, 7 : 0.041515697",7
2.15165004671053E+018,"4 : 0.5849777, 7 : 0.073741764, 7 : 0.06231139",7
2.14867026773249E+018,"4 : 0.13870831, 7 : 0.11809831, 7 : 0.066043206",7
2.14652319817137E+018,"7 : 0.13686559, 7 : 0.0648594, 7 : 0.051400274",7
2.14425471063124E+018,"7 : 0.40555513, 7 : 0.08384094, 7 : 0.07925748",7
2.14222559275862E+018,"7 : 0.9034818, 7 : 0.010074949, 4 : 0.008761235",7
2.14000739298576E+018,"7 : 0.19181769, 7 : 0.16103956, 7 : 0.14045598",7
2.13776764071494E+018,"7 : 0.52363366, 7 : 0.027672743, 7 : 0.018418059",7
2.13634855133315E+018,"7 : 0.4655587, 4 : 0.14759234, 7 : 0.025026938",7
2.13420902016092E+018,"4 : 0.1886623, 7 : 0.16666324, 7 : 0.14900418",7
2.13275437397811E+018,"2 : 0.32529554, 13 : 0.134011, 2 : 0.1204758",7
2.13271269589234E+018,"7 : 0.15332898, 10 : 0.14828579, 7 : 0.10632884",7
2.13153765967251E+018,"1 : 0.82977986, 1 : 0.054039545, 1 : 0.0020500205",7
2.13058002861489E+018,"2 : 0.16832553, 11 : 0.07018706, 11 : 0.02398562",7
2.12993140253631E+018,"7 : 0.6331733, 7 : 0.09194799, 4 : 0.04892217",7
2.1276571716016E+018,"7 : 0.1605188, 3 : 0.14712575, 7 : 0.11701206",7
2.12617645140216E+018,"7 : 0.33339852, 7 : 0.19669576, 2 : 0.037599176",7
2.12558487987919E+018,"7 : 0.5908235, 4 : 0.074235626, 7 : 0.061910033",7
2.1240360897161E+018,"10 : 0.42359507, 10 : 0.09187383, 7 : 0.03861726",7
2.12320742324736E+018,"7 : 0.25233072, 7 : 0.08598058, 7 : 0.05999459",7
2.12182583404725E+018,"7 : 0.39848065, 10 : 0.11298767, 7 : 0.096879475",7
2.12045817233559E+018,"7 : 0.76478803, 7 : 0.075947315, 2 : 0.036758397",7
2.11897753518324E+018,"7 : 0.21493004, 7 : 0.16327065, 7 : 0.11415676",7
2.11814612546359E+018,"10 : 0.08888563, 7 : 0.07691567, 2 : 0.07595188",7
2.11683823685377E+018,"7 : 0.42602223, 7 : 0.09120095, 7 : 0.037794065",7
2.11600518712774E+018,"7 : 0.28731582, 7 : 0.1288614, 7 : 0.10331209",7
2.11528333373598E+018,"4 : 0.5853967, 7 : 0.07676859, 11 : 0.017041726",7
2.11457031112402E+018,"2 : 0.39293113, 12 : 0.045020763, 7 : 0.03079157",7
2.11396743810736E+018,"7 : 0.1541199, 7 : 0.12605011, 7 : 0.10447097",7
2.11312119367986E+018,"2 : 0.28283626, 8 : 0.114616595, 3 : 0.08392202",7
2.11238355956309E+018,"7 : 0.16886917, 4 : 0.067786954, 7 : 0.056966666",7
2.11173813499687E+018,"3 : 0.5001215, 13 : 0.10984812, 7 : 0.07864924",7
2.11114431357346E+018,"7 : 0.98328894, 7 : 0.003698464, 7 : 0.001677839",7
2.11033995825541E+018,"7 : 0.9782412, 7 : 0.0013175153, 2 : 0.00081670785",7
2.10952890314095E+018,"7 : 0.48089966, 4 : 0.10794141, 10 : 0.07188213",7
2.1087516795067E+018,"7 : 0.8722992, 7 : 0.01958877, 7 : 0.014562256",7
2.1080225934235E+018,"7 : 0.17885758, 7 : 0.10594621, 7 : 0.08533033",7
2.10730553985898E+018,"7 : 0.20462836, 7 : 0.13569288, 7 : 0.10014453",7
2.10657119940352E+018,"7 : 0.11720447, 7 : 0.09973868, 7 : 0.07793776",7
2.10592853109894E+018,"7 : 0.55818236, 7 : 0.2876827, 7 : 0.022486018",7
2.10506979157948E+018,"7 : 0.09932203, 2 : 0.092228726, 7 : 0.05056407",7
2.10227746009901E+018,"7 : 0.8643678, 7 : 0.07411984, 7 : 0.00583505",7
2.10154247567511E+018,"7 : 0.30996013, 7 : 0.14068177, 4 : 0.091879375",7
2.10006779409277E+018,"3 : 0.49232614, 7 : 0.03793641, 7 : 0.03601277",7
2.0993897046372E+018,"4 : 0.26761788, 7 : 0.15147148, 6 : 0.04908928",7
2.09721609124909E+018,"10 : 0.18753077, 7 : 0.10410048, 2 : 0.06297911",7
2.09503612253204E+018,"7 : 0.3865207, 7 : 0.056557026, 7 : 0.05341051",7
2.09288498327135E+018,"13 : 0.20433305, 7 : 0.18700144, 7 : 0.060693692",7
2.09073112051469E+018,"7 : 0.52087045, 7 : 0.08259145, 10 : 0.026200578",7
2.08917538981881E+018,"7 : 0.73054177, 7 : 0.044509713, 7 : 0.042271562",7
2.08704440410486E+018,"7 : 0.34211892, 2 : 0.16847248, 7 : 0.10955262",7
2.08487787457533E+018,"7 : 0.49329153, 7 : 0.14650598, 7 : 0.091424145",7
2.08259750916892E+018,"7 : 0.9290632, 7 : 0.018121745, 7 : 0.005142313",7
2.08065645669841E+018,"7 : 0.17677835, 7 : 0.076910526, 7 : 0.04840577",7
2.07861810504045E+018,"7 : 0.3097687, 2 : 0.027978746, 2 : 0.02296838",7
2.07687718443107E+018,"7 : 0.42430353, 10 : 0.21960357, 7 : 0.10990561",7
2.07480259131913E+018,"3 : 0.31654227, 7 : 0.16529603, 7 : 0.16103138",7
2.07276792355184E+018,"1 : 0.43402714, 11 : 0.10861342, 1 : 0.05129556",7
2.07126294423616E+018,"7 : 0.40069455, 7 : 0.3049594, 10 : 0.2088987",7
2.06980088051068E+018,"7 : 0.79534405, 7 : 0.05107471, 7 : 0.009893002",7
2.06745727550272E+018,"7 : 0.12818606, 3 : 0.06311492, 7 : 0.050067622",7
2.06535136109828E+018,"7 : 0.30401975, 7 : 0.12519826, 7 : 0.11875818",7
2.06393914202001E+018,"7 : 0.36152208, 4 : 0.107505925, 7 : 0.08486772",7
2.06161497725026E+018,"7 : 0.42028758, 7 : 0.32120216, 7 : 0.04148774",7
2.05892728437666E+018,"3 : 0.19757915, 7 : 0.06046397",7
2.05667203079685E+018,"7 : 0.44448876, 10 : 0.089773014, 7 : 0.07427692",7
2.05449745794303E+018,"13 : 0.10036793, 7 : 0.06643795, 12 : 0.05768443",7
2.05226572270648E+018,"7 : 0.7740775, 7 : 0.076971695, 7 : 0.040624257",7
2.0501009424869E+018,"7 : 0.6400832, 7 : 0.055494435, 7 : 0.036689047",7
2.04796209236922E+018,"7 : 0.39517733, 4 : 0.3065141, 7 : 0.049593385",7
2.04569320401311E+018,"7 : 0.2658759, 7 : 0.13600336, 7 : 0.064499155",7
2.04358365007685E+018,"1 : 0.920749, 7 : 0.020894576, 1 : 0.0065495525",7
2.0414401918617E+018,"7 : 0.20235226, 7 : 0.18457013, 4 : 0.12621461",7
2.03927118255067E+018,"7 : 0.34421328, 7 : 0.25577283, 7 : 0.06837685",7
2.03700224062494E+018,"7 : 0.3573225, 7 : 0.047793858, 7 : 0.042042535",7
2.03485276511036E+018,"7 : 0.17077515, 7 : 0.10596649, 13 : 0.10384543",7
2.03275455610364E+018,"7 : 0.19466785, 2 : 0.09636169, 7 : 0.080688305",7
2.0312462391455E+018,"7 : 0.9905166, 7 : 0.0024278422, 7 : 0.0013589943",7
2.0290444352091E+018,"7 : 0.63374335, 7 : 0.05216081, 7 : 0.021325648",7
2.02629957100235E+018,"7 : 0.58192474, 7 : 0.19401404, 7 : 0.025827147",7
2.02402392136112E+018,"2 : 0.19688681, 7 : 0.12501533, 7 : 0.084521905",7
2.02180163538818E+018,"7 : 0.17563823, 7 : 0.10133698, 7 : 0.044189632",7
2.01965358514015E+018,"4 : 0.15694149, 7 : 0.07873175, 7 : 0.038013887",7
2.01751101602524E+018,"7 : 0.3091644, 7 : 0.10087156, 2 : 0.07048128",7
2.01474002620349E+018,"7 : 0.2745697, 7 : 0.20201303, 4 : 0.064335495",7
2.01315811889815E+018,"7 : 0.6359337, 7 : 0.05509757, 7 : 0.0392497",7
2.01103959369798E+018,"7 : 0.18037741, 3 : 0.15017538, 2 : 0.041419476",7
2.00896026042691E+018,"4 : 0.17238833, 7 : 0.16423231, 7 : 0.058171995",7
2.00595089351964E+018,"7 : 0.94712454, 7 : 0.024145985, 7 : 0.00324114",7
2.00321176538435E+018,"1 : 0.27227044, 7 : 0.21723777, 9 : 0.14571974",7
2.0009306838594E+018,"7 : 0.22934729, 7 : 0.10595181, 7 : 0.045489587",7
1.99802065120762E+018,"7 : 0.99422234, 7 : 0.0008208434, 14 : 0.00054586696",7
1.99575029310015E+018,"4 : 0.23800972, 7 : 0.078109555, 7 : 0.07573136",7
1.9936886804193E+018,"7 : 0.24614419, 1 : 0.11564222, 1 : 0.10345012",7
1.99153248818848E+018,"7 : 0.3203801, 4 : 0.113741286, 2 : 0.06465276",7
1.98928528530662E+018,"2 : 0.2181801, 2 : 0.092173204, 7 : 0.084842056",7
1.9835706288268E+018,"4 : 0.34396225, 7 : 0.111014485, 6 : 0.080500565",7
1.98126301288476E+018,"2 : 0.71715766, 7 : 0.011900204, 2 : 0.005492967",7
1.97897591399311E+018,"2 : 0.35200363, 7 : 0.094134234, 3 : 0.039209116",7
1.97609279981394E+018,"7 : 0.20280102, 2 : 0.12989777, 6 : 0.046864856",7
1.97404067435521E+018,"7 : 0.16028942, 12 : 0.12657954, 7 : 0.053988136",7
1.97187719760791E+018,"2 : 0.7979157, 7 : 0.031780876, 7 : 0.03051195",7
1.96967689545038E+018,"7 : 0.9556154, 7 : 0.0067887953, 7 : 0.002688909",7
1.96819818854209E+018,"4 : 0.78126997, 7 : 0.034957666, 7 : 0.027323198",7
1.96393787848631E+018,"7 : 0.5510209, 4 : 0.037659843, 7 : 0.025705943",7
1.96174478507902E+018,"7 : 0.36444965, 12 : 0.31012005, 7 : 0.061390243",7
1.95867748614301E+018,"13 : 0.6549428, 7 : 0.09289937, 13 : 0.0130824195",7
1.95664232666079E+018,"7 : 0.123282485, 7 : 0.09521237, 7 : 0.06985634",7
1.95443580200167E+018,"7 : 0.19970681, 7 : 0.17138107, 7 : 0.1620923",7
1.95227424947522E+018,"7 : 0.30672678, 10 : 0.2399023, 7 : 0.06989669",7
1.94945885397838E+018,"2 : 0.12817606, 7 : 0.09261086, 2 : 0.06619721",7
1.94583709350443E+018,"10 : 0.13002892, 7 : 0.079177655, 10 : 0.073587574",7
1.94368113818464E+018,"7 : 0.83366895, 10 : 0.070934206, 7 : 0.010678006",7
1.94015779056144E+018,"7 : 0.32053113, 4 : 0.1560053, 7 : 0.12624149",7
1.93789211760912E+018,"7 : 0.1892007, 7 : 0.16582015, 7 : 0.11252834",7
1.93500421995204E+018,"7 : 0.4837453, 7 : 0.19724312, 7 : 0.08551292",7
1.93291343633984E+018,"7 : 0.8168737, 7 : 0.10905868, 4 : 0.00868712",7
1.9304579740675E+018,"4 : 0.4227346, 7 : 0.37165573, 7 : 0.04054198",7
1.92849262325577E+018,"4 : 0.855, 7 : 0.024397355, 7 : 0.019400062",7
1.92611051889048E+018,"6 : 0.58480006, 7 : 0.13011585, 13 : 0.055239774",7
1.92476860491233E+018,"7 : 0.14647909, 7 : 0.12788616, 14 : 0.07577456",7
1.92276791150238E+018,"4 : 0.28775498, 2 : 0.1340947, 7 : 0.10265412",7
1.92026670553816E+018,"7 : 0.118988134, 4 : 0.10539593, 13 : 0.064973",7
1.91814718005541E+018,"7 : 0.1586739, 2 : 0.045952406, 7 : 0.044340197",7
1.91683632072892E+018,"4 : 0.69108236, 7 : 0.15892105, 7 : 0.08510001",7
1.91463405707167E+018,"4 : 0.7663423, 7 : 0.0678189, 7 : 0.064357914",7
1.91247478086951E+018,"4 : 0.8290069, 7 : 0.05577187, 7 : 0.026011035",7
1.90951957864212E+018,"4 : 0.4226491, 7 : 0.1787308, 6 : 0.054802336",7
1.90755283786295E+018,"2 : 0.12788291, 2 : 0.059482113, 7 : 0.054548178",7
1.90455384705177E+018,"7 : 0.28213668, 4 : 0.19043617, 7 : 0.10878505",7
1.90248742405611E+018,"7 : 0.532997, 4 : 0.046396367, 2 : 0.04344324",7
1.90085749493297E+018,"7 : 0.382932, 4 : 0.23488668, 7 : 0.09104718",7
1.89867674842413E+018,"7 : 0.10113471, 2 : 0.043025576, 3 : 0.04014435",7
1.8965968583508E+018,"7 : 0.5180731, 7 : 0.10586116, 4 : 0.030418674",7
1.89435533879303E+018,"7 : 0.4018765, 7 : 0.035218608, 7 : 0.03468984",7
1.892292253945E+018,"7 : 0.98229134, 4 : 0.0033303027, 6 : 0.0007874444",7
1.88931570843844E+018,"7 : 0.14231735, 7 : 0.10132914, 7 : 0.09791086",7
1.88720280128344E+018,"2 : 0.56459004, 7 : 0.030813372, 7 : 0.025037898",7
1.8854547743306E+018,"4 : 0.18371794, 5 : 0.064325064, 7 : 0.059476096",7
1.88345370149689E+018,"7 : 0.09738268, 7 : 0.078559555, 4 : 0.040736366",7
1.88135040177142E+018,"4 : 0.32287562, 7 : 0.16366372, 7 : 0.12260073",7
1.8790901933835E+018,"7 : 0.5186735, 7 : 0.038946558, 7 : 0.033929497",7
1.8770597162893E+018,"7 : 0.21575859, 7 : 0.08021585, 10 : 0.043507002",7
1.87484382202305E+018,"7 : 0.9848322, 7 : 0.0035084344, 7 : 0.00082643714",7
1.87325608752112E+018,"10 : 0.47233817, 7 : 0.31821498, 7 : 0.07188572",7
1.87041284806304E+018,"7 : 0.8086352, 7 : 0.06599982, 13 : 0.013971269",7
1.86890592373105E+018,"7 : 0.54857874, 4 : 0.20754234, 6 : 0.11263401",7
1.86689276458135E+018,"7 : 0.13729003, 7 : 0.09323656, 7 : 0.03905878",7
1.86535013314972E+018,"7 : 0.15643612, 4 : 0.13017777, 7 : 0.11795642",7
1.86396966072488E+018,"7 : 0.580425, 4 : 0.11070108, 7 : 0.047686577",7
1.86262546616936E+018,"7 : 0.33316, 7 : 0.12890321, 7 : 0.08978483",7
1.86176856568462E+018,"7 : 0.65242153, 7 : 0.096105665, 2 : 0.05677279",7
1.8594717460236E+018,"7 : 0.18342917, 7 : 0.11739892, 7 : 0.06046957",7
1.85815949539643E+018,"7 : 0.0915221, 2 : 0.07457541, 4 : 0.04460607",7
1.85678594228138E+018,"7 : 0.5251513, 7 : 0.20797867, 7 : 0.024121884",7
1.8551870850387E+018,"2 : 0.43570086, 7 : 0.04153185, 2 : 0.040784832",7
1.85286478175961E+018,"7 : 0.21699795, 2 : 0.09018588, 7 : 0.027161762",7
1.85099517012926E+018,"7 : 0.64367217, 10 : 0.054969028, 13 : 0.052583333",7
1.84875138715879E+018,"13 : 0.20846388, 7 : 0.16239898, 13 : 0.08873561",7
1.84596448971784E+018,"10 : 0.91245127, 2 : 0.0072826743, 2 : 0.0021780464",7
1.84208905767117E+018,"7 : 0.41569003, 7 : 0.15357177, 7 : 0.1446352",7
1.84085413177267E+018,"7 : 0.8960177, 7 : 0.043713477, 7 : 0.008208684",7
1.83778690931386E+018,"7 : 0.20666824, 7 : 0.1498812, 13 : 0.14280516",7
1.83577789785434E+018,"2 : 0.08952638, 7 : 0.07981488, 13 : 0.026981441",7
1.83269922227976E+018,"7 : 0.7145078, 7 : 0.2501546, 10 : 0.001788987",7
1.83069237347539E+018,"7 : 0.329735, 7 : 0.2165946, 7 : 0.13577484",7
1.82836431371714E+018,"2 : 0.04838585, 2 : 0.04616493, 13 : 0.040068395",7
1.82563560424984E+018,"7 : 0.6641, 3 : 0.023822125, 7 : 0.018269867",7
1.82337951284942E+018,"7 : 0.20320441, 13 : 0.100574866, 7 : 0.061301675",7
1.8212681759651E+018,"7 : 0.21274829, 7 : 0.12938641, 7 : 0.11497335",7
1.81967277552504E+018,"13 : 0.22006305, 10 : 0.18895832, 7 : 0.08634254",7
1.81808144021278E+018,"7 : 0.26324546, 13 : 0.05206391, 3 : 0.044541877",7
1.81671246336876E+018,"7 : 0.27091208, 7 : 0.15452439, 12 : 0.052907243",7
1.81396865467541E+018,"2 : 0.37702784, 7 : 0.20052099, 12 : 0.047034614",7
1.81185784643269E+018,"4 : 0.8737004, 7 : 0.016780445, 2 : 0.014979387",7
1.81042165433183E+018,"7 : 0.35255107, 7 : 0.061581533, 7 : 0.049705416",7
1.80814169511715E+018,"7 : 0.055880483, 7 : 0.047855265, 7 : 0.03569844",7
1.80665548435565E+018,"7 : 0.5268466, 7 : 0.20937002, 2 : 0.020707212",7
1.80548290988146E+018,"1 : 0.1439663, 7 : 0.11133828, 7 : 0.07259167",7
1.80300051348338E+018,"7 : 0.4345131, 1 : 0.0970477, 7 : 0.088051185",7
1.8010072727059E+018,"7 : 0.14187674, 6 : 0.08009953, 6 : 0.07026145",7
1.79877118277526E+018,"7 : 0.08285971, 7 : 0.054577295, 4 : 0.030127684",7
1.79638835269484E+018,"2 : 0.2514226, 7 : 0.16660222, 2 : 0.085117534",7
1.79429872611502E+018,"2 : 0.6746592, 10 : 0.08445103, 4 : 0.025646094",7
1.79131978149295E+018,"13 : 0.50601965, 12 : 0.21335708, 2 : 0.13686611",7
1.78788496669341E+018,"2 : 0.031927183, 7 : 0.03155917, 7 : 0.02539037",7
1.78409313449065E+018,"7 : 0.32544905, 7 : 0.14866872, 10 : 0.08617869",7
1.77314042822149E+018,"7 : 0.26056388, 7 : 0.12149943, 7 : 0.093135394",7
1.76587704220288E+018,"10 : 0.13515463, 7 : 0.12910987, 7 : 0.1182392",7
1.76384010337943E+018,"7 : 0.66625065, 7 : 0.15108126, 7 : 0.04445457",7
1.76152966173483E+018,"7 : 0.8780842, 12 : 0.011378391, 7 : 0.006965402",7
1.75793091498773E+018,"7 : 0.24232104, 4 : 0.09399778, 10 : 0.07844155",7
1.75428391294925E+018,"2 : 0.17603737, 7 : 0.15550318, 2 : 0.13543336",7
1.74631533126759E+018,"7 : 0.052622516, 7 : 0.04415578, 2 : 0.039104782",7
1.7441451186108E+018,"7 : 0.3901368, 2 : 0.09621549, 7 : 0.0951851",7
1.74127659191047E+018,"7 : 0.1553933, 10 : 0.14150253, 7 : 0.0686477",7
1.737831010542E+018,"7 : 0.65335053, 13 : 0.114261545, 7 : 0.017313436",7
1.737162800345E+018,"12 : 0.05616473, 2 : 0.05166911, 12 : 0.038959082",7
1.73594719254553E+018,"6 : 0.42721093, 13 : 0.13306648, 7 : 0.060650736",7
1.73580534580766E+018,"7 : 0.6959113, 7 : 0.07701155, 7 : 0.0112807425",7
1.73579208449215E+018,"3 : 0.1107606, 13 : 0.058816962, 8 : 0.04709793",7
1.73402309219456E+018,"3 : 0.11661057, 7 : 0.08210883, 12 : 0.05263424",7
1.7318681898967E+018,"2 : 0.17966138, 7 : 0.07335167, 7 : 0.045974977",7
1.7311339828366E+018,"2 : 0.8299167, 7 : 0.014776062, 7 : 0.012851782",7
1.73041351072975E+018,"2 : 0.9888095, 12 : 0.00031268102, 13 : 0.00022423863",7
1.73623863203266E+018,"7 : 0.21744741, 4 : 0.16157101, 7 : 0.14008926",7
2.10802385264586E+018,"7 : 0.7384103, 7 : 0.16653359, 7 : 0.020794425",7
2.12325725462386E+018,"2 : 0.47659296, 13 : 0.105358094, 7 : 0.035781596",7
1.73365353561747E+018,"7 : 0.60582834, 7 : 0.053780578, 13 : 0.02864838",7
1.73579738741767E+018,"13 : 0.3156145, 7 : 0.16226824, 7 : 0.040784713",7
1.78625098728865E+018,"7 : 0.31125844, 7 : 0.061384074, 13 : 0.059673913",7
1.92926312146384E+018,"7 : 0.061900236, 10 : 0.05573046, 13 : 0.05381331",7
1.79520286425243E+018,"7 : 0.3572473, 7 : 0.13194624, 2 : 0.08751508",7
1.72751835368033E+018,"7 : 0.30866697, 2 : 0.16289598, 7 : 0.096486814",7
1.75645486400498E+018,"2 : 0.22204053, 12 : 0.12764877, 2 : 0.09888143",7
1.77098023399521E+018,"7 : 0.19114332, 13 : 0.033821028, 10 : 0.030156948",7
1.94434542568353E+018,"9 : 0.38949037, 2 : 0.17739506, 12 : 0.14728644",7
2.05814767249811E+018,"7 : 0.33984667, 2 : 0.1608103, 10 : 0.09583252",7
2.18576716715758E+018,"3 : 0.26289144, 7 : 0.059111074, 7 : 0.025026722",7
1.90817020288601E+018,"1 : 0.4273117, 7 : 0.26623863, 7 : 0.018799447",7
1.99734940495336E+018,"1 : 0.75672454, 12 : 0.045828532, 11 : 0.027906014",7
1.94454349364519E+018,"12 : 0.20712739, 12 : 0.08584451, 11 : 0.07292303",7
1.97098766893562E+018,"9 : 0.39863935, 12 : 0.32614422, 2 : 0.07480057",7
1.72057944498361E+018,"7 : 0.41482443, 7 : 0.25168508, 7 : 0.17628036",7
1.87130573374654E+018,"7 : 0.3397175, 7 : 0.22177306, 7 : 0.068207175",7
1.81226402473419E+018,"9 : 0.32310072, 9 : 0.21045327, 8 : 0.10546433",7
1.94662312158423E+018,"11 : 0.19658151, 1 : 0.057233635, 3 : 0.042666636",7
1.951443937093E+018,"7 : 0.56947017, 12 : 0.056530662, 10 : 0.044269603",7
1.74015387654675E+018,"9 : 0.72078073, 1 : 0.14180614, 12 : 0.047669213",7
1.83351427584897E+018,"9 : 0.5546911, 1 : 0.09806723, 12 : 0.021642683",7
1.74050504479047E+018,"1 : 0.9090714, 12 : 0.021527119, 13 : 0.0054906583",7
2.21026305797337E+018,"1 : 0.40608153, 2 : 0.19151545, 11 : 0.08359608",7
2.05583625553505E+018,"2 : 0.26036078, 12 : 0.120677896, 1 : 0.11065675",7
1.91703829541465E+018,"1 : 0.3028085, 9 : 0.076027736, 11 : 0.03138722",7
2.11911611215884E+018,"3 : 0.105264306, 9 : 0.060979385, 3 : 0.060601078",7
1.6964422592174E+018,"7 : 0.31985062, 7 : 0.12501633, 7 : 0.09947068",7
1.69521050164595E+018,"7 : 0.36671638, 7 : 0.13420019, 7 : 0.09095537",7
1.69439801778302E+018,"10 : 0.5285211, 7 : 0.19726124, 10 : 0.07021523",7
1.69373400579794E+018,"1 : 0.19652875, 13 : 0.11722237, 2 : 0.033183873",7
1.69289290012264E+018,"4 : 0.896211, 2 : 0.09144063, 4 : 0.0024647224",7
1.6920784853019E+018,"8 : 0.16638924, 8 : 0.16604058, 8 : 0.15125456",7
1.68856899111395E+018,"1 : 0.23881598, 2 : 0.04186228, 1 : 0.041857284",7
1.68379341962033E+018,"11 : 0.18291776, 2 : 0.18270567, 14 : 0.15500602",7
1.6828241510634E+018,"3 : 0.7494831, 3 : 0.026181443, 3 : 0.017687691",7
1.68186019283008E+018,"13 : 0.9575712, 13 : 0.0045122765, 13 : 0.0006531039",7
1.68182554774503E+018,"13 : 0.9611593, 13 : 0.0033454814, 13 : 0.000489521",7
1.6814392419864E+018,"8 : 0.18460982, 1 : 0.044032324, 9 : 0.029062014",7
1.68140740757182E+018,"1 : 0.10183397, 2 : 0.08589542, 13 : 0.04932157",7
1.68055679283203E+018,"7 : 0.2922956, 13 : 0.114818126, 11 : 0.05278469",7
1.67995439337591E+018,"7 : 0.081001334, 7 : 0.03637176, 2 : 0.031372197",7
1.679953376836E+018,"1 : 0.26899642, 11 : 0.09411587, 3 : 0.06147309",7
1.67779364050284E+018,"1 : 0.56242836, 1 : 0.1696199, 11 : 0.046277244",7
1.67766850825674E+018,"6 : 0.9152513, 7 : 0.018212112, 6 : 0.0047246125",7
1.67700414156904E+018,"9 : 0.11408967, 7 : 0.10018433, 9 : 0.09831313",7
1.67655641417924E+018,"9 : 0.67423606, 13 : 0.019791355, 13 : 0.0095781805",7
1.67642432248631E+018,"8 : 0.7958981, 1 : 0.042520132, 8 : 0.020535113",7
1.67568685284441E+018,"11 : 0.5661847, 1 : 0.080516934, 9 : 0.042144667",7
1.67548594646304E+018,"13 : 0.37177685, 2 : 0.11596374, 3 : 0.035512615",7
1.67275051305655E+018,"10 : 0.1128827, 7 : 0.08044883, 14 : 0.07474687",7
1.67259257747095E+018,"7 : 0.49305332, 7 : 0.2312612, 4 : 0.05531665",7
1.67203998695249E+018,"4 : 0.96020013, 9 : 0.027482908, 1 : 0.0057121674",7
1.67128734045763E+018,"9 : 0.45668074, 13 : 0.036074933, 13 : 0.028835805",7
1.67116941121568E+018,"7 : 0.9158183, 10 : 0.012254436, 7 : 0.0031513288",7
1.67025944198266E+018,"3 : 0.45832595, 7 : 0.14458828, 3 : 0.030088997",7
1.66910457350968E+018,"12 : 0.40058917, 4 : 0.27046296, 2 : 0.05813175",7
1.66880477157258E+018,"8 : 0.07797103, 2 : 0.059019852, 6 : 0.052643698",7
1.66817909061905E+018,"4 : 0.90251833, 2 : 0.0098449495, 7 : 0.00739565",7
1.66689472444553E+018,"10 : 0.18315014, 2 : 0.0909127, 5 : 0.053055443",7
1.6668909627925E+018,"7 : 0.4296726, 7 : 0.07961078, 7 : 0.069561936",7
1.66680170508423E+018,"13 : 0.06279522, 9 : 0.032948896, 7 : 0.03150071",7
1.66595184655807E+018,"14 : 0.26778543, 7 : 0.10568291, 3 : 0.057021305",7
1.66543151329225E+018,"7 : 0.1509371, 3 : 0.092643194, 7 : 0.0870509",7
1.66537980837873E+018,"13 : 0.48771584, 13 : 0.17362949, 13 : 0.13417445",7
1.66486766153034E+018,"11 : 0.30143937, 5 : 0.113087855, 1 : 0.034658585",7
1.66328678912683E+018,"2 : 0.16119137, 7 : 0.11622814, 13 : 0.07829886",7
1.66242197816823E+018,"9 : 0.37076545, 11 : 0.14352308, 1 : 0.07348847",7
1.66187666780499E+018,"12 : 0.19659452, 1 : 0.060554422, 12 : 0.04361118",7
1.66165782283879E+018,"2 : 0.2399413, 7 : 0.13824487, 10 : 0.10503809",7
1.66043286508956E+018,"3 : 0.2024115, 7 : 0.09932656, 7 : 0.06442954",7
1.6559607429264E+018,"12 : 0.7593146, 12 : 0.042488366, 2 : 0.035232153",7
1.65296130026948E+018,"2 : 0.3756404, 7 : 0.19664766, 2 : 0.10753972",7
1.65103392274072E+018,"1 : 0.66886646, 1 : 0.18863799, 11 : 0.05287182",7
1.64867987315937E+018,"1 : 0.20842807, 8 : 0.10813653, 9 : 0.09441906",7
1.64785640560797E+018,"8 : 0.4795035, 2 : 0.14932673, 9 : 0.043433327",7
1.64717339427136E+018,"4 : 0.4407852, 7 : 0.1388095, 12 : 0.059855834",7
1.64458012440148E+018,"7 : 0.38221762, 4 : 0.10964841, 7 : 0.07920718",7
1.64378595537711E+018,"4 : 0.7162845, 2 : 0.029174142, 9 : 0.012569332",7
1.64371323312614E+018,"3 : 0.46681553, 3 : 0.20319578, 3 : 0.11310989",7
1.64357784680611E+018,"1 : 0.4195368, 9 : 0.14043377, 2 : 0.07475718",7
1.64193590825661E+018,"7 : 0.7606478, 7 : 0.025712807, 4 : 0.022239605",7
1.64165391867225E+018,"9 : 0.20692874, 9 : 0.06683737, 5 : 0.06017231",7
1.63999890876706E+018,"3 : 0.6499648, 3 : 0.12735684, 3 : 0.05815225",7
1.63952632889331E+018,"4 : 0.6823951, 8 : 0.049839154, 9 : 0.018520953",7
1.63920802132436E+018,"10 : 0.41448566, 10 : 0.14600466, 2 : 0.03393333",7
1.63920563437121E+018,"11 : 0.09445977, 11 : 0.081919424, 11 : 0.060368493",7
1.63874282241908E+018,"11 : 0.24756134, 1 : 0.18898046, 2 : 0.07901458",7
1.6364052389972E+018,"8 : 0.2236566, 8 : 0.14187, 1 : 0.08001659",7
1.63581198632155E+018,"7 : 0.1905861, 8 : 0.126102, 7 : 0.10033948",7
1.63550563797451E+018,"13 : 0.1610273, 4 : 0.10288267, 3 : 0.09025477",7
1.63490318797683E+018,"2 : 0.09452502, 7 : 0.068350226, 9 : 0.04115865",7
1.63429309776284E+018,"9 : 0.7709093, 2 : 0.02618583, 4 : 0.019503577",7
1.63426889745137E+018,"9 : 0.98441285, 12 : 0.00124317, 3 : 0.00061156374",7
1.633325103159E+018,"2 : 0.055278692, 1 : 0.050766602, 2 : 0.045290865",7
1.63272052267462E+018,"7 : 0.417346, 7 : 0.251004, 2 : 0.062427275",7
1.63188476946143E+018,"11 : 0.28439483, 1 : 0.21872808, 11 : 0.043244503",7
1.63123327233099E+018,"4 : 0.12899992, 9 : 0.09020985, 5 : 0.07154005",7
1.63116812475695E+018,"1 : 0.26763707, 9 : 0.19387981, 1 : 0.10295808",7
1.62768700435414E+018,"1 : 0.79896015, 1 : 0.031163417, 1 : 0.022733323",7
1.62566660767235E+018,"7 : 0.24644789, 9 : 0.16342683, 3 : 0.053101625",7
1.62558737294234E+018,"2 : 0.3883516, 6 : 0.15208958, 6 : 0.06515336",7
1.62497762678571E+018,"4 : 0.22661623, 4 : 0.09451947, 4 : 0.07543602",7
1.62495538187494E+018,"7 : 0.08693912, 7 : 0.051540855, 3 : 0.045142602",7
2.20756468524354E+018,"3 : 0.554711, 3 : 0.38092127, 3 : 0.013397902",7
2.03293676948557E+018,"3 : 0.24482685, 3 : 0.14330517, 3 : 0.08427432",7
1.75823066995075E+018,"3 : 0.28869027, 3 : 0.1473626, 3 : 0.049899995",7
1.59626068215045E+018,"2 : 0.89618933, 11 : 0.025879363, 9 : 0.006004071",7
1.75223961516881E+018,"2 : 0.57150614, 7 : 0.089526154, 7 : 0.069620706",7
1.62023609559347E+018,"1 : 0.5131992, 2 : 0.2670361, 11 : 0.042587154",7
1.62044577444416E+018,"1 : 0.5042599, 11 : 0.098794706, 9 : 0.04666242",7
1.53553044148492E+018,"3 : 0.4561389, 3 : 0.14002813, 3 : 0.0865848",7
1.60587273281776E+018,"2 : 0.68818164, 11 : 0.03171333, 8 : 0.02547868",7
1.60096592244817E+018,"1 : 0.88243824, 11 : 0.062490217, 1 : 0.0058697374",7
1.62119453980052E+018,"1 : 0.33637196, 9 : 0.060004883, 9 : 0.05920773",7
1.63551178099293E+018,"1 : 0.6042898, 7 : 0.076397404, 2 : 0.07325612",7
1.64644950415222E+018,"7 : 0.12138897, 2 : 0.05961619, 12 : 0.05802311",7
1.62025546554326E+018,"3 : 0.12880254, 1 : 0.07073412, 12 : 0.050627604",7
1.60023769362992E+018,"2 : 0.63068056, 7 : 0.25294325, 2 : 0.036181036",7
1.61756019953366E+018,"2 : 0.62977076, 11 : 0.11336863, 11 : 0.028398732",7
1.66453778551039E+018,"7 : 0.09620582, 9 : 0.0919759, 7 : 0.073872186",7
1.61744614175433E+018,"7 : 0.48436955, 7 : 0.10007158, 4 : 0.07894743",7
1.65078090508386E+018,"11 : 0.39004448, 1 : 0.18532299, 11 : 0.03352185",7
1.61745019200056E+018,"8 : 0.20289083, 8 : 0.1271066, 1 : 0.12598836",7
1.62065531892907E+018,"2 : 0.68068445, 2 : 0.31794, 7 : 0.000428615",7
1.57648329850252E+018,"1 : 0.2018906, 1 : 0.19157322, 11 : 0.088423416",7
2.19204458804101E+018,"7 : 0.39657074, 8 : 0.03834023, 7 : 0.03301376",7
1.65170346686256E+018,"2 : 0.09391167, 8 : 0.089360625, 13 : 0.061210565",7
1.64338026284931E+018,"1 : 0.4949739, 11 : 0.13893116, 11 : 0.08529209",7
1.60218716257679E+018,"13 : 0.1585932, 9 : 0.1427543, 2 : 0.059672944",7
1.63251843346659E+018,"10 : 0.59871936, 7 : 0.03764566, 7 : 0.02292199",7
1.66959924055459E+018,"1 : 0.48763067, 11 : 0.038874634, 1 : 0.029295197",7
1.63538771484073E+018,"1 : 0.95178956, 1 : 0.0023593607, 6 : 0.0007443022",7
2.12560903886876E+018,"2 : 0.5217457, 2 : 0.4168941, 2 : 0.0027209679",7
2.21050373851792E+018,"1 : 0.8440201, 11 : 0.039687544, 1 : 0.009290624",7
2.20761743442112E+018,"1 : 0.6954223, 11 : 0.078287065, 1 : 0.026687996",7
2.20312435377256E+018,"2 : 0.564099, 1 : 0.03905991, 11 : 0.0383717",7
2.1981953990897E+018,"1 : 0.65434426, 11 : 0.075702265, 11 : 0.04680151",7
2.19501238021228E+018,"11 : 0.64220583, 13 : 0.14290382, 1 : 0.05027301",7
2.19279191291477E+018,"11 : 0.2649451, 11 : 0.14622512, 1 : 0.10822916",7
2.19226190525969E+018,"2 : 0.3792774, 11 : 0.22063763, 11 : 0.13923606",7
2.1918123493805E+018,"11 : 0.49963918, 1 : 0.11669591, 2 : 0.11406421",7
2.19180781273737E+018,"4 : 0.2839311, 8 : 0.08397984, 8 : 0.05334078",7
2.19180563212712E+018,"7 : 0.7094, 4 : 0.19855763, 12 : 0.013121223",7
2.19176323672295E+018,"13 : 0.12307162, 7 : 0.058844823, 2 : 0.050475024",7
2.1906262221623E+018,"1 : 0.34083617, 4 : 0.24812917, 2 : 0.071553536",7
2.18866940689973E+018,"12 : 0.21319458, 12 : 0.05692629, 11 : 0.0550002",7
2.18582148449314E+018,"1 : 0.8650972, 1 : 0.011493326, 1 : 0.0077318735",7
2.18271834969281E+018,"1 : 0.6853823, 11 : 0.03626796, 11 : 0.03116876",7
2.18076386596984E+018,"2 : 0.5960049, 2 : 0.23643538, 3 : 0.04340763",7
2.17854192684915E+018,"1 : 0.7909179, 7 : 0.021485837, 12 : 0.010508215",7
2.17569064315894E+018,"1 : 0.59582907, 11 : 0.020932768, 1 : 0.020752653",7
2.17342634420196E+018,"1 : 0.9293627, 1 : 0.0081091765, 1 : 0.004688825",7
2.1710567640033E+018,"12 : 0.10341941, 2 : 0.048576355, 6 : 0.0469906",7
2.16891228688284E+018,"1 : 0.96169126, 1 : 0.0021962312, 1 : 0.001885615",7
2.16841441569984E+018,"8 : 0.20261872, 2 : 0.15037039, 5 : 0.1276874",7
2.16695569364192E+018,"2 : 0.15933743, 10 : 0.07704555, 10 : 0.053229738",7
2.16522563063655E+018,"7 : 0.060476385, 7 : 0.056026246, 3 : 0.047984783",7
2.16418077558811E+018,"1 : 0.32178864, 2 : 0.1808053, 9 : 0.10192373",7
2.16259274522763E+018,"7 : 0.45447397, 1 : 0.11070048, 7 : 0.06439247",7
2.15902635991836E+018,"9 : 0.9571413, 13 : 0.009236826, 9 : 0.003932577",7
2.15747572174497E+018,"2 : 0.021489147, 12 : 0.018285757, 1 : 0.016340151",7
2.15524007878434E+018,"7 : 0.8984362, 14 : 0.0059181, 7 : 0.0029036342",7
2.15111543094989E+018,"1 : 0.89328444, 11 : 0.009987743, 1 : 0.0048720976",7
2.15012352181742E+018,"12 : 0.22731802, 4 : 0.124603, 12 : 0.11091911",7
2.14931164386209E+018,"12 : 0.23479912, 13 : 0.07349256, 11 : 0.06213831",7
2.14816067164764E+018,"7 : 0.92181635, 7 : 0.04683497, 14 : 0.0024121227",7
2.14789143313532E+018,"1 : 0.3362929, 2 : 0.26233473, 1 : 0.08228442",7
2.14657615381776E+018,"11 : 0.8498809, 2 : 0.06174462, 11 : 0.020445067",7
2.14385304874425E+018,"1 : 0.7788277, 1 : 0.025250882, 2 : 0.004663099",7
2.14250624219576E+018,"1 : 0.30855185, 11 : 0.27802062, 11 : 0.11632854",7
2.14065439272095E+018,"6 : 0.6794956, 6 : 0.089290924, 6 : 0.044185355",7
2.13847715324721E+018,"1 : 0.8646003, 1 : 0.019000763, 11 : 0.003969834",7
2.13792467023821E+018,"1 : 0.93677086, 1 : 0.008704996, 1 : 0.0027804575",7
2.13768061012314E+018,"2 : 0.22278284, 3 : 0.14946523, 2 : 0.13194412",7
2.13706341269451E+018,"8 : 0.47045913, 8 : 0.27492312, 14 : 0.032289747",7
2.13660022442721E+018,"5 : 0.27002725, 7 : 0.03536939, 6 : 0.025122652",7
2.13637309705452E+018,"2 : 0.40345147, 1 : 0.15011421, 11 : 0.13650091",7
2.13561580078708E+018,"2 : 0.22284742, 7 : 0.117247194, 11 : 0.079292834",7
2.1342927010809E+018,"1 : 0.9257057, 11 : 0.008499581, 1 : 0.0028531884",7
2.13412743750888E+018,"11 : 0.080284424, 2 : 0.03869831, 1 : 0.03558778",7
2.13306774562175E+018,"11 : 0.4262045, 2 : 0.13703138, 11 : 0.023733392",7
2.13271969253517E+018,"1 : 0.5747808, 1 : 0.014656962, 1 : 0.008179151",7
2.13088355994169E+018,"13 : 0.68303823, 3 : 0.030526783, 10 : 0.019809645",7
2.12839255349464E+018,"14 : 0.84719115, 8 : 0.020448279, 7 : 0.017626736",7
2.12540005239553E+018,"1 : 0.7475001, 1 : 0.023704255, 1 : 0.015954936",7
2.11921495959975E+018,"2 : 0.16903216, 3 : 0.08404259, 2 : 0.08362401",7
2.11755006235223E+018,"3 : 0.397151, 3 : 0.06866465, 3 : 0.023484917",7
2.11477363834872E+018,"11 : 0.15640809, 1 : 0.12674505, 2 : 0.09951972",7
2.11305437282181E+018,"11 : 0.23406054, 11 : 0.18030953, 1 : 0.12916267",7
2.11104892379116E+018,"13 : 0.21477108, 10 : 0.10516801, 7 : 0.047851644",7
2.10520997771216E+018,"1 : 0.90201366, 11 : 0.014016435, 11 : 0.006296202",7
2.10321295780576E+018,"11 : 0.35734975, 13 : 0.040237594, 11 : 0.03650509",7
2.09931234232729E+018,"1 : 0.8292775, 11 : 0.024487998, 1 : 0.0124294385",7
2.09578092170113E+018,"1 : 0.8251525, 11 : 0.016325831, 2 : 0.0150353145",7
2.08583784724396E+018,"4 : 0.17707832, 11 : 0.07500149, 13 : 0.074115045",7
2.08046194034758E+018,"13 : 0.9362741, 13 : 0.02798204, 13 : 0.008043332",7
2.07794423379862E+018,"1 : 0.22114635, 11 : 0.121974565, 2 : 0.0917761",7
2.07382751032748E+018,"1 : 0.9161939, 11 : 0.008376055, 1 : 0.004021145",7
2.07194642234694E+018,"1 : 0.71440434, 1 : 0.066206045, 1 : 0.020340387",7
2.06988020888372E+018,"11 : 0.10930013, 2 : 0.10243306, 11 : 0.062013365",7
2.06843990220428E+018,"5 : 0.82278806, 10 : 0.07184528, 7 : 0.0034717",7
2.06447414502406E+018,"1 : 0.7774723, 1 : 0.044352956, 8 : 0.010131596",7
2.05751689458549E+018,"10 : 0.9320279, 7 : 0.016956719, 5 : 0.004413459",7
2.05598305671354E+018,"7 : 0.28993753, 10 : 0.18294267, 7 : 0.1541584",7
2.05430752906163E+018,"3 : 0.34006953, 1 : 0.11067413, 12 : 0.049861383",7
2.05243666530745E+018,"3 : 0.97516465, 3 : 0.0053295447, 12 : 0.00114531",7
2.05173501878886E+018,"13 : 0.5731354, 11 : 0.045073815, 11 : 0.036849327",7
2.05109945925061E+018,"1 : 0.46076325, 1 : 0.08835001, 1 : 0.019610826",7
2.04748905991325E+018,"1 : 0.8885016, 1 : 0.009746882, 11 : 0.0069401343",7
2.04695236017075E+018,"7 : 0.5805764, 7 : 0.041075323, 7 : 0.02883961",7
2.04582732356076E+018,"1 : 0.27822688, 2 : 0.1988798, 11 : 0.09769482",7
2.04409262420322E+018,"10 : 0.61051905, 7 : 0.103557765, 2 : 0.07920503",7
2.04287722458436E+018,"13 : 0.2912656, 10 : 0.05262337, 3 : 0.04420657",7
2.04068819733722E+018,"1 : 0.428329, 11 : 0.085984804, 1 : 0.05821736",7
2.03733809692381E+018,"2 : 0.97429365, 3 : 0.0049149245, 7 : 0.0016052321",7
2.03406756968143E+018,"11 : 0.30865198, 1 : 0.061755683, 13 : 0.05056874",7
2.03219554506256E+018,"1 : 0.78660166, 11 : 0.022981577, 1 : 0.0064870412",7
2.03051619773233E+018,"13 : 0.28548235, 7 : 0.06688259, 9 : 0.058154866",7
2.02981175635588E+018,"2 : 0.70997715, 7 : 0.1653282, 3 : 0.013241734",7
2.02902931144643E+018,"7 : 0.5170987, 7 : 0.31348252, 13 : 0.023681141",7
2.02758742491338E+018,"1 : 0.7984649, 11 : 0.020106895, 11 : 0.0099908775",7
2.02614658716965E+018,"13 : 0.42611063, 13 : 0.18431184, 1 : 0.094838515",7
2.02412909371691E+018,"1 : 0.085186854, 9 : 0.05828292, 13 : 0.037591115",7
2.02249230313877E+018,"1 : 0.31625962, 2 : 0.06526987, 2 : 0.034744196",7
2.02109927789166E+018,"2 : 0.102136835, 2 : 0.07186115, 12 : 0.054848224",7
2.02054136507072E+018,"13 : 0.5650564, 13 : 0.12171956, 1 : 0.091164604",7
2.01961154952143E+018,"13 : 0.5446852, 13 : 0.36028796, 13 : 0.05839271",7
2.01848365302525E+018,"1 : 0.35300252, 11 : 0.16256817, 2 : 0.04364026",7
2.01601159817859E+018,"1 : 0.39525294, 11 : 0.18901402, 11 : 0.03337172",7
2.01442803654891E+018,"7 : 0.06746632, 2 : 0.058337, 7 : 0.04904047",7
2.01262814994676E+018,"11 : 0.4214206, 2 : 0.10853763, 11 : 0.054200925",7
2.01245821934058E+018,"3 : 0.6556942, 3 : 0.3015355, 3 : 0.027989453",7
2.01030906315416E+018,"11 : 0.26829812, 12 : 0.13047828, 13 : 0.0471782",7
2.00831854068147E+018,"2 : 0.5114498, 2 : 0.11567257, 7 : 0.03547674",7
2.00646861224094E+018,"1 : 0.28955123, 11 : 0.13335116, 1 : 0.059351627",7
2.00397060917173E+018,"13 : 0.07148614, 7 : 0.06312725, 7 : 0.04258479",7
2.00304906912062E+018,"11 : 0.95394534, 2 : 0.0114817945, 2 : 0.009037985",7
2.00236379956347E+018,"4 : 0.77204895, 1 : 0.061502937, 1 : 0.029932175",7
2.00172949881886E+018,"11 : 0.8280296, 2 : 0.016600708, 2 : 0.0142225465",7
2.00160606674568E+018,"11 : 0.5065338, 1 : 0.12727867, 11 : 0.059189085",7
2.00152853850867E+018,"3 : 0.77690935, 2 : 0.022705916, 2 : 0.013322527",7
2.00099160426276E+018,"11 : 0.3534769, 2 : 0.2604774, 11 : 0.07973743",7
1.99998156346244E+018,"9 : 0.34924233, 11 : 0.15577625, 11 : 0.06139837",7
1.99959573042077E+018,"2 : 0.11978479, 11 : 0.08814717, 11 : 0.08573403",7
1.99945273661487E+018,"11 : 0.43773773, 13 : 0.17502314, 11 : 0.15431699",7
1.99938983661748E+018,"13 : 0.09496168, 13 : 0.059763808, 7 : 0.026928704",7
1.99927956766912E+018,"2 : 0.43490872, 1 : 0.116181776, 13 : 0.09725462",7
1.99915394129349E+018,"10 : 0.64831877, 10 : 0.13992158, 7 : 0.12643212",7
1.99876605949184E+018,"3 : 0.32982367, 13 : 0.07750007, 11 : 0.028623551",7
1.99875824522659E+018,"12 : 0.3866673, 2 : 0.16508396, 6 : 0.14480318",7
1.99873147186846E+018,"7 : 0.76246417, 2 : 0.016621672, 3 : 0.014059067",7
1.99865844532801E+018,"2 : 0.46005258, 12 : 0.06022989, 4 : 0.05552517",7
1.99740343157225E+018,"11 : 0.19207446, 2 : 0.080943875, 13 : 0.06666553",7
1.99591533161354E+018,"2 : 0.3966956, 11 : 0.090207584, 11 : 0.07398785",7
1.99311794334644E+018,"11 : 0.41826218, 2 : 0.10135483, 1 : 0.09818561",7
1.99149867332172E+018,"13 : 0.7168291, 13 : 0.067715764, 13 : 0.041557968",7
1.99139692362753E+018,"13 : 0.35026816, 14 : 0.1862051, 3 : 0.14246891",7
1.9886890353141E+018,"3 : 0.502044, 3 : 0.41192856, 3 : 0.013785884",7
1.98703563955338E+018,"7 : 0.15150733, 10 : 0.10467144, 7 : 0.06785275",7
1.98655850900909E+018,"1 : 0.3827339, 11 : 0.15182817, 11 : 0.11418024",7
1.98637997543964E+018,"3 : 0.07672748, 7 : 0.05799888, 2 : 0.048265085",7
1.98625157559863E+018,"13 : 0.7412492, 13 : 0.1841645, 13 : 0.032930005",7
1.9859199730509E+018,"3 : 0.861812, 3 : 0.073440425, 3 : 0.048279665",7
1.98583467164613E+018,"3 : 0.36993977, 7 : 0.11090956, 7 : 0.07893531",7
1.98559849484032E+018,"3 : 0.8823396, 3 : 0.05466205, 3 : 0.026435738",7
1.98551086303885E+018,"3 : 0.62346673, 3 : 0.17857622, 3 : 0.03784881",7
1.98344782925267E+018,"2 : 0.14797238, 12 : 0.12220558, 3 : 0.058219515",7
1.97764409173693E+018,"1 : 0.26868358, 13 : 0.18072106, 13 : 0.07453461",7
1.97609314885584E+018,"9 : 0.5642393, 11 : 0.07367143, 2 : 0.058421828",7
1.97122264215877E+018,"2 : 0.90583175, 2 : 0.031353723, 13 : 0.013743722",7
1.96387796413578E+018,"2 : 0.07333132, 3 : 0.07114816, 2 : 0.06525828",7
1.96181932848915E+018,"7 : 0.26794863, 10 : 0.15937018, 14 : 0.13498299",7
1.95757209227082E+018,"8 : 0.18519276, 8 : 0.16723338, 8 : 0.15662342",7
1.95604549230952E+018,"2 : 0.9127856, 2 : 0.08269645, 13 : 0.00026614807",7
1.95286838279369E+018,"2 : 0.23499577, 1 : 0.19306514, 11 : 0.14172578",7
1.95013612393859E+018,"1 : 0.23458403, 1 : 0.11152915, 11 : 0.08455486",7
1.94716476190583E+018,"1 : 0.5099514, 2 : 0.08797576, 11 : 0.07092967",7
1.94522299145535E+018,"3 : 0.07222979, 7 : 0.058081068, 4 : 0.056137715",7
1.94356307587487E+018,"1 : 0.23945719, 11 : 0.21104361, 2 : 0.063659914",7
1.94013386183016E+018,"2 : 0.117702685, 11 : 0.114748806, 7 : 0.08308085",7
1.93705175714411E+018,"1 : 0.8503451, 1 : 0.02958653, 1 : 0.026837334",7
1.9307764184954E+018,"11 : 0.24779992, 7 : 0.1277596, 2 : 0.10418866",7
1.92696212661665E+018,"2 : 0.35470724, 11 : 0.15329279, 12 : 0.11049498",7
1.92248207642744E+018,"1 : 0.9162176, 1 : 0.011194333, 11 : 0.0025757884",7
1.91661506934593E+018,"11 : 0.30922127, 7 : 0.04763467, 11 : 0.038578987",7
1.91522156894283E+018,"1 : 0.80958635, 2 : 0.03176107, 1 : 0.025495507",7
1.91413323829966E+018,"13 : 0.16187096, 1 : 0.13622065, 11 : 0.12284254",7
1.91331301348739E+018,"9 : 0.5070435, 9 : 0.28762603, 13 : 0.12268651",7
1.91303278726526E+018,"13 : 0.5425696, 13 : 0.0589605, 1 : 0.03644306",7
1.91273088475283E+018,"11 : 0.275764, 2 : 0.23882642, 9 : 0.043272898",7
1.91265506132318E+018,"7 : 0.5379558, 13 : 0.27477956, 7 : 0.019689385",7
1.90897572025445E+018,"11 : 0.14960839, 11 : 0.12194877, 1 : 0.08517664",7
1.90592775289863E+018,"7 : 0.27717203, 3 : 0.08277476, 13 : 0.04906352",7
1.9058959575074E+018,"7 : 0.9457905, 13 : 0.020547677, 2 : 0.010295182",7
1.90529151252441E+018,"8 : 0.72007334, 5 : 0.125963, 2 : 0.010746218",7
1.90356661631168E+018,"4 : 0.68909943, 1 : 0.1851316, 1 : 0.031249152",7
1.9009025481819E+018,"1 : 0.85837895, 11 : 0.029242177, 1 : 0.0044236956",7
1.89522959452736E+018,"8 : 0.5574886, 2 : 0.11693919, 4 : 0.033262208",7
1.89435327848323E+018,"9 : 0.39752603, 1 : 0.17933792, 9 : 0.11814386",7
1.88993745181313E+018,"1 : 0.8558672, 11 : 0.026927767, 11 : 0.009420875",7
1.88771359668414E+018,"9 : 0.9993668, 8 : 1.7703844e-05, 9 : 1.6616415e-05",7
1.8854202219152E+018,"1 : 0.54675746, 2 : 0.20163749, 11 : 0.089174576",7
1.8812393603077E+018,"1 : 0.3695336, 11 : 0.31336826, 1 : 0.09506296",7
1.8756155975898E+018,"1 : 0.9837753, 11 : 0.008095244, 1 : 0.0013888592",7
1.87355659139366E+018,"2 : 0.4572577, 1 : 0.21777117, 11 : 0.043192655",7
1.86738949240353E+018,"1 : 0.8221563, 1 : 0.012818633, 11 : 0.009550619",7
1.8645077317262E+018,"1 : 0.75127184, 11 : 0.059133876, 1 : 0.008548781",7
1.86042515832428E+018,"1 : 0.9369434, 11 : 0.0035520177, 1 : 0.0032708321",7
1.85947525574114E+018,"7 : 0.89394337, 7 : 0.044714224, 7 : 0.026285583",7
1.85525927827837E+018,"3 : 0.15569969, 3 : 0.10555779, 7 : 0.08407723",7
1.84959719649296E+018,"1 : 0.8955067, 11 : 0.0115133785, 1 : 0.0044407933",7
1.84372481186061E+018,"7 : 0.9825393, 7 : 0.0010797058, 3 : 0.00058906915",7
1.83429978762569E+018,"1 : 0.82950664, 11 : 0.013321909, 1 : 0.0077883396",7
1.8300638117828E+018,"7 : 0.3267194, 4 : 0.15279727, 14 : 0.10141601",7
1.82847593556178E+018,"14 : 0.25005335, 7 : 0.21706167, 7 : 0.07662651",7
1.82627298372805E+018,"8 : 0.43931866, 8 : 0.32167366, 1 : 0.10157361",7
1.82096576417097E+018,"11 : 0.2672211, 11 : 0.05363436, 11 : 0.051814415",7
1.815940155041E+018,"1 : 0.90945864, 11 : 0.0088332165, 1 : 0.0057964246",7
1.81397016017706E+018,"1 : 0.8366346, 4 : 0.039629158, 11 : 0.0134200305",7
1.81190773589847E+018,"10 : 0.3196681, 7 : 0.2543731, 2 : 0.035338406",7
1.81188796420095E+018,"7 : 0.6122232, 7 : 0.14268036, 9 : 0.04302054",7
1.8118591252824E+018,"2 : 0.45429632, 11 : 0.44079763, 11 : 0.028978655",7
1.80886234027348E+018,"7 : 0.5028136, 7 : 0.05669117, 7 : 0.03410227",7
1.80470231657876E+018,"7 : 0.32569227, 7 : 0.25051957, 3 : 0.046428118",7
1.80306410894668E+018,"11 : 0.37529916, 11 : 0.13041067, 1 : 0.07674806",7
1.8021831314202E+018,"3 : 0.44184834, 11 : 0.38850147, 2 : 0.01791757",7
1.80109695068352E+018,"4 : 0.32770795, 10 : 0.10545669, 9 : 0.07474951",7
1.79929224803241E+018,"1 : 0.8328992, 9 : 0.095669426, 12 : 0.010433311",7
1.79856823887597E+018,"1 : 0.25675428, 13 : 0.11970454, 12 : 0.042410966",7
1.79781205230605E+018,"1 : 0.5402604, 14 : 0.02264211, 1 : 0.018846277",7
1.79736692197878E+018,"1 : 0.28199705, 1 : 0.044998735, 8 : 0.03773581",7
1.79571337247983E+018,"10 : 0.35710958, 14 : 0.27485085, 7 : 0.09764406",7
1.79462370691241E+018,"2 : 0.48490128, 7 : 0.21380049, 2 : 0.10991567",7
1.79409797187051E+018,"11 : 0.33303085, 1 : 0.2074679, 11 : 0.13492806",7
1.793702102486E+018,"1 : 0.82487434, 1 : 0.013901805, 1 : 0.0033233843",7
1.7935884277285E+018,"1 : 0.91798383, 1 : 0.0059003467, 11 : 0.003871583",7
1.79234092977426E+018,"11 : 0.27580285, 1 : 0.24242198, 1 : 0.05697721",7
1.79206916016591E+018,"8 : 0.45004702, 8 : 0.34678707, 1 : 0.041736025",7
1.79056883185527E+018,"9 : 0.35495996, 9 : 0.028907675, 1 : 0.01926087",7
1.7891675330819E+018,"1 : 0.912455, 11 : 0.008808305, 11 : 0.008575789",7
1.78874703420993E+018,"3 : 0.42567953, 4 : 0.2939813, 6 : 0.16771123",7
1.78859117919857E+018,"7 : 0.07679207, 7 : 0.059358567, 7 : 0.041717887",7
1.78843343801179E+018,"1 : 0.46053833, 4 : 0.36025274, 1 : 0.03574864",7
1.7879423630435E+018,"7 : 0.3780684, 2 : 0.10842775, 3 : 0.071174905",7
1.78788714273249E+018,"1 : 0.1876284, 3 : 0.10484581, 11 : 0.07607111",7
1.78769252961158E+018,"7 : 0.127396, 12 : 0.09344837, 2 : 0.05622109",7
1.78709935762592E+018,"5 : 0.11708494, 3 : 0.07680386, 14 : 0.052631527",7
1.78365618605313E+018,"11 : 0.62790304, 9 : 0.05422108, 11 : 0.022999782",7
1.78186869355297E+018,"1 : 0.35561204, 9 : 0.17937855, 1 : 0.10883549",7
1.77961965607452E+018,"4 : 0.67504996, 14 : 0.110931285, 10 : 0.0223022",7
1.77857219970183E+018,"13 : 0.3317076, 14 : 0.23292473, 2 : 0.17006686",7
1.77681621256537E+018,"7 : 0.3884091, 14 : 0.18731132, 7 : 0.0569125",7
1.77537545930884E+018,"1 : 0.70320326, 11 : 0.04793246, 1 : 0.03195103",7
1.77402188103926E+018,"1 : 0.82953715, 1 : 0.014981005, 11 : 0.008685485",7
1.77314532165038E+018,"3 : 0.31206396, 11 : 0.10824457, 11 : 0.07349263",7
1.77060757088156E+018,"1 : 0.93079144, 1 : 0.006495694, 12 : 0.0016805253",7
1.76885318558396E+018,"1 : 0.4729526, 1 : 0.20998757, 11 : 0.036489252",7
1.76829339268322E+018,"2 : 0.49334955, 11 : 0.09419904, 1 : 0.06686793",7
1.76770062992012E+018,"7 : 0.8081111, 7 : 0.048312098, 2 : 0.021878539",7
1.76748444794166E+018,"1 : 0.80254984, 1 : 0.008464147, 11 : 0.008012066",7
1.76630352810174E+018,"4 : 0.22086853, 10 : 0.113396674, 10 : 0.09115164",7
1.76549445012336E+018,"7 : 0.77152807, 8 : 0.011010664, 1 : 0.010724076",7
1.76393024311759E+018,"7 : 0.91956705, 7 : 0.004669822, 2 : 0.0040412303",7
1.76182439305234E+018,"1 : 0.55823815, 1 : 0.32709926, 11 : 0.030118078",7
1.75886185674988E+018,"1 : 0.6180591, 5 : 0.06077906, 9 : 0.042155243",7
1.75776520387615E+018,"1 : 0.9416624, 2 : 0.016799415, 11 : 0.007905414",7
1.75741567350752E+018,"7 : 0.47617137, 7 : 0.063647985, 13 : 0.053461418",7
1.7568248348214E+018,"1 : 0.8699764, 11 : 0.0417735, 12 : 0.017993584",7
1.75665604868787E+018,"13 : 0.18885307, 7 : 0.05294591, 4 : 0.0496044",7
1.75659619793148E+018,"7 : 0.33320823, 7 : 0.2537942, 7 : 0.046588365",7
1.75647281077737E+018,"1 : 0.23953886, 1 : 0.13146167, 11 : 0.10444075",7
1.75585776769572E+018,"2 : 0.8014543, 7 : 0.026340108, 2 : 0.018741874",7
1.75580224526093E+018,"7 : 0.45450923, 7 : 0.097107716, 2 : 0.045020815",7
1.75432056259475E+018,"1 : 0.71058667, 1 : 0.028372103, 1 : 0.014787951",7
1.7531982376855E+018,"11 : 0.44522882, 2 : 0.20599681, 13 : 0.020977376",7
1.75287324193981E+018,"1 : 0.9661285, 11 : 0.002632393, 1 : 0.0018319774",7
1.75220324801178E+018,"12 : 0.5248211, 7 : 0.3606475, 7 : 0.016958145",7
1.75030078674499E+018,"9 : 0.67181885, 4 : 0.12235372, 1 : 0.028096344",7
1.74942999553131E+018,"2 : 0.21308137, 7 : 0.14803013, 13 : 0.080901794",7
1.74868689500452E+018,"2 : 0.6039711, 2 : 0.25551465, 1 : 0.05091479",7
1.74852080881013E+018,"1 : 0.92309505, 1 : 0.0066011623, 1 : 0.0047890884",7
1.74799278671385E+018,"2 : 0.43512908, 2 : 0.12220692, 2 : 0.043555774",7
1.74721426366273E+018,"1 : 0.5223101, 11 : 0.11520948, 1 : 0.10277159",7
1.74447165122531E+018,"1 : 0.74274945, 1 : 0.014200693, 11 : 0.008739467",7
1.74301754114282E+018,"1 : 0.7579537, 2 : 0.05731093, 11 : 0.04032945",7
1.74289503972479E+018,"11 : 0.87372077, 9 : 0.01423795, 1 : 0.008490346",7
1.74289275049875E+018,"6 : 0.19760185, 3 : 0.043083698, 2 : 0.03877182",7
1.74245844308717E+018,"7 : 0.70657665, 7 : 0.07671342, 7 : 0.036922693",7
1.741550545033E+018,"1 : 0.84923816, 11 : 0.007086889, 11 : 0.0050432505",7
1.74087108737124E+018,"2 : 0.39981937, 11 : 0.1886998, 1 : 0.16372275",7
1.73931499311284E+018,"11 : 0.2013963, 1 : 0.18725255, 1 : 0.15952367",7
1.73855017904364E+018,"11 : 0.6479729, 11 : 0.090125754, 2 : 0.022683242",7
1.73838160841382E+018,"2 : 0.19598657, 2 : 0.17346805, 5 : 0.047804207",7
1.73800155627013E+018,"1 : 0.38545862, 13 : 0.2620445, 13 : 0.052359335",7
1.73779584225938E+018,"2 : 0.36864787, 11 : 0.19705117, 11 : 0.058916166",7
1.7371625633753E+018,"11 : 0.9850418, 2 : 0.0010038791, 2 : 0.0004554843",7
1.73638405324108E+018,"9 : 0.47086978, 14 : 0.29386944, 13 : 0.026874857",7
1.73476495269215E+018,"2 : 0.34440032, 9 : 0.16325645, 11 : 0.051315937",7
1.73326198785072E+018,"1 : 0.27542993, 2 : 0.27115127, 11 : 0.11643795",7
1.7326847263452E+018,"13 : 0.3989838, 13 : 0.28236866, 10 : 0.039054967",7
1.73208746070219E+018,"13 : 0.9568202, 13 : 0.004568653, 7 : 0.00057528465",7
1.73054391711063E+018,"2 : 0.14340931, 2 : 0.055591486, 2 : 0.04881311",7
1.72855075808894E+018,"1 : 0.6941593, 2 : 0.11643221, 11 : 0.090880595",7
1.72680581388265E+018,"2 : 0.1208898, 2 : 0.06333221, 6 : 0.033261266",7
1.72629042305062E+018,"11 : 0.32153788, 11 : 0.10104645, 12 : 0.057278465",7
1.72557325457873E+018,"8 : 0.5494703, 5 : 0.05689282, 6 : 0.021598354",7
1.7254010239916E+018,"11 : 0.46832326, 2 : 0.2046509, 1 : 0.13490905",7
1.72509069763755E+018,"13 : 0.04771154, 9 : 0.046512302, 2 : 0.030225692",7
1.7250504851092E+018,"1 : 0.48405242, 2 : 0.20582344, 11 : 0.06742743",7
1.72495496465083E+018,"10 : 0.16613562, 6 : 0.1115343, 5 : 0.041636143",7
1.72493011562306E+018,"2 : 0.55697453, 11 : 0.18566321, 1 : 0.13012162",7
1.72268172111386E+018,"1 : 0.51386255, 11 : 0.100609735, 9 : 0.026244128",7
1.71975281371593E+018,"1 : 0.7385024, 1 : 0.04445653, 1 : 0.009190845",7
1.71754084057268E+018,"11 : 0.21377517, 2 : 0.0820312, 9 : 0.06811179",7
1.71171505809615E+018,"7 : 0.3331201, 7 : 0.10732246, 14 : 0.08416693",7
1.70906340119846E+018,"1 : 0.9319794, 11 : 0.004297525, 1 : 0.0020371263",7
1.70677609059561E+018,"1 : 0.8792438, 2 : 0.013473793, 11 : 0.005739051",7
1.70398647930473E+018,"12 : 0.19331008, 2 : 0.09990563, 12 : 0.08535347",7
1.70227016291057E+018,"1 : 0.399638, 2 : 0.038213726, 2 : 0.038041953",7
1.70154277840576E+018,"1 : 0.6664381, 11 : 0.20023826, 13 : 0.014661205",7
1.6995482275723E+018,"1 : 0.89949965, 1 : 0.003590394, 1 : 0.003162857",7
1.6971529591478E+018,"1 : 0.45502833, 1 : 0.21391779, 1 : 0.0745175",7
1.69534670041874E+018,"11 : 0.3277141, 11 : 0.090190075, 1 : 0.08097171",7
1.69382436826782E+018,"1 : 0.71797293, 1 : 0.044266347, 1 : 0.01466234",7
1.6923295594518E+018,"1 : 0.6252965, 11 : 0.07137627, 2 : 0.053188756",7
1.69135858989695E+018,"7 : 0.99782455, 14 : 0.0012386552, 7 : 0.00013697574",7
1.68711119028504E+018,"1 : 0.22735253, 1 : 0.1945702, 2 : 0.15828148",7
1.68508965960806E+018,"1 : 0.5503606, 11 : 0.21296401, 11 : 0.08824643",7
1.68404807521025E+018,"1 : 0.9258819, 11 : 0.008236319, 1 : 0.0041600545",7
1.68295127134128E+018,"1 : 0.97134024, 1 : 0.0033144897, 12 : 0.0012932818",7
1.68218728055235E+018,"4 : 0.99131507, 1 : 0.0008717879, 1 : 0.00055986893",7
1.68152837476423E+018,"11 : 0.2694039, 2 : 0.15079941, 1 : 0.032305922",7
1.68152018533531E+018,"4 : 0.6253181, 8 : 0.063819684, 8 : 0.042832617",7
1.68150215233625E+018,"9 : 0.5667623, 11 : 0.12959561, 7 : 0.015641334",7
1.68120120944715E+018,"1 : 0.4905824, 11 : 0.10477012, 1 : 0.069448315",7
1.67979530544742E+018,"1 : 0.74244004, 11 : 0.06944678, 8 : 0.023232214",7
1.67762883111536E+018,"1 : 0.5055681, 1 : 0.04367831, 11 : 0.034082428",7
1.67633344100297E+018,"1 : 0.7864886, 13 : 0.02855832, 1 : 0.010045599",7
1.67468173906145E+018,"1 : 0.31540224, 1 : 0.14547178, 1 : 0.06295436",7
1.67415988403342E+018,"1 : 0.94157356, 11 : 0.010638588, 11 : 0.0068525723",7
1.67284593899269E+018,"1 : 0.5526138, 11 : 0.17476736, 11 : 0.03622977",7
1.67190910012375E+018,"1 : 0.9755868, 9 : 0.00082329696, 1 : 0.00051904144",7
1.67189172157693E+018,"8 : 0.079489775, 12 : 0.06307441, 8 : 0.043517027",7
1.66979938756677E+018,"11 : 0.3718369, 9 : 0.26881102, 2 : 0.08136251",7
1.6683810775461E+018,"11 : 0.16629454, 13 : 0.14691377, 2 : 0.11575787",7
1.66621317692215E+018,"1 : 0.7440021, 11 : 0.058728497, 1 : 0.014333044",7
1.66525414438949E+018,"7 : 0.19311805, 7 : 0.07126701, 7 : 0.06611777",7
1.66480042380812E+018,"1 : 0.85285217, 1 : 0.018294694, 1 : 0.015079031",7
1.66317424439099E+018,"2 : 0.50796986, 11 : 0.33315924, 3 : 0.041932058",7
1.66238282457633E+018,"2 : 0.08502413, 13 : 0.07893448, 9 : 0.06370173",7
1.66116518228857E+018,"3 : 0.15531456, 14 : 0.09566796, 5 : 0.040972166",7
1.65963366591306E+018,"3 : 0.63115644, 3 : 0.102580145, 6 : 0.04447791",7
1.65903652374337E+018,"2 : 0.70244735, 2 : 0.071053274, 7 : 0.06901282",7
1.65879445694485E+018,"7 : 0.4651582, 2 : 0.038821578, 11 : 0.029212737",7
1.65861449296513E+018,"8 : 0.7717244, 13 : 0.041646954, 7 : 0.04065709",7
1.65819887867063E+018,"8 : 0.68556505, 13 : 0.09933982, 7 : 0.055755764",7
1.65807673156248E+018,"7 : 0.67108876, 7 : 0.04288069, 2 : 0.038866296",7
1.6575136087529E+018,"2 : 0.123441495, 2 : 0.11214262, 2 : 0.044194423",7
1.65673194034116E+018,"7 : 0.12041607, 2 : 0.08990717, 2 : 0.039101593",7
1.65606982934753E+018,"2 : 0.8047698, 9 : 0.029020574, 11 : 0.023495225",7
1.65442655527399E+018,"1 : 0.4245038, 11 : 0.10315831, 11 : 0.053781323",7
1.65287710670647E+018,"3 : 0.53982437, 13 : 0.03286739, 12 : 0.027673742",7
1.65103285241189E+018,"11 : 0.8848179, 2 : 0.037318237, 11 : 0.0036829826",7
1.65002611483003E+018,"1 : 0.7857976, 3 : 0.032380506, 1 : 0.022481669",7
1.64848046162816E+018,"1 : 0.12051445, 9 : 0.049988855, 11 : 0.028657634",7
1.64803970926684E+018,"3 : 0.81019604, 7 : 0.027202053, 7 : 0.010079303",7
1.64669973573171E+018,"1 : 0.5826217, 2 : 0.10549413, 11 : 0.085376486",7
1.64640362436368E+018,"1 : 0.84425336, 1 : 0.017015478, 11 : 0.012767335",7
1.64522948366936E+018,"1 : 0.7437258, 1 : 0.07407945, 11 : 0.007910795",7
1.64421519365529E+018,"1 : 0.6580636, 13 : 0.18486138, 13 : 0.023203703",7
1.64417760359615E+018,"12 : 0.0990817, 7 : 0.08710576, 12 : 0.049204405",7
1.64385580417964E+018,"13 : 0.14419064, 7 : 0.0720957, 7 : 0.046209875",7
1.64382537936821E+018,"11 : 0.38031432, 1 : 0.18554582, 11 : 0.14084303",7
1.64373742891666E+018,"3 : 0.11881371, 9 : 0.052194837, 13 : 0.03931312",7
1.64165294360497E+018,"8 : 0.23693861, 2 : 0.2354397, 8 : 0.23498838",7
1.64146825349344E+018,"1 : 0.3826205, 9 : 0.11534817, 12 : 0.03667948",7
1.6408419329589E+018,"1 : 0.50437516, 2 : 0.11460142, 1 : 0.08522511",7
1.64065536602997E+018,"1 : 0.5265614, 11 : 0.10594105, 1 : 0.096816905",7
1.64017616544805E+018,"1 : 0.34490725, 11 : 0.23974277, 2 : 0.10033096",7
1.64006612030699E+018,"13 : 0.12916258, 2 : 0.10649309, 2 : 0.067798026",7
1.63945103954162E+018,"1 : 0.6828183, 11 : 0.07515236, 1 : 0.009151163",7
1.63857618842564E+018,"7 : 0.5984739, 7 : 0.27977294, 2 : 0.014884369",7
1.63789871598748E+018,"1 : 0.94662946, 1 : 0.010016978, 1 : 0.0058034495",7
1.63655875686548E+018,"3 : 0.35718346, 3 : 0.15455398, 7 : 0.112061456",7
1.63642294424609E+018,"2 : 0.97789496, 7 : 0.002137555, 2 : 0.0019295526",7
1.63559744408323E+018,"3 : 0.100426614, 2 : 0.08642265, 2 : 0.07518329",7
1.63471560351968E+018,"1 : 0.9443064, 1 : 0.00378849, 11 : 0.0033681295",7
1.63324804926535E+018,"11 : 0.42734265, 1 : 0.26715273, 1 : 0.043100968",7
1.63260498585774E+018,"13 : 0.15008022, 1 : 0.10379913, 3 : 0.09974979",7
1.632087710129E+018,"1 : 0.37569347, 1 : 0.24110432, 2 : 0.11127264",7
1.63190169257161E+018,"1 : 0.3217665, 1 : 0.30501726, 2 : 0.033666454",7
1.63126944225542E+018,"6 : 0.92050934, 6 : 0.016768469, 6 : 0.0111619085",7
1.62999634583341E+018,"13 : 0.4432407, 11 : 0.18767661, 14 : 0.056617167",7
1.62917304642843E+018,"1 : 0.8288297, 1 : 0.01840884, 1 : 0.012370254",7
1.62710561825279E+018,"3 : 0.33790588, 3 : 0.30472714, 3 : 0.012545307",7
1.62567466184478E+018,"13 : 0.46046516, 1 : 0.08688974, 3 : 0.037699312",7
1.62540675077569E+018,"1 : 0.8108656, 1 : 0.007986186, 1 : 0.0035507246",7
1.62452115764468E+018,"1 : 0.9676366, 1 : 0.0011095091, 1 : 0.0009821957",7
1.62264951698833E+018,"1 : 0.39754403, 11 : 0.09434028, 9 : 0.084621504",7
1.62129204034823E+018,"1 : 0.7053998, 11 : 0.11176363, 1 : 0.017209632",7
1.6204281131286E+018,"1 : 0.4152557, 1 : 0.19640091, 4 : 0.12113003",7
1.6196088406506E+018,"11 : 0.5974505, 2 : 0.06977667, 11 : 0.064480424",7
1.61788520180792E+018,"1 : 0.7719099, 1 : 0.019241458, 1 : 0.019084921",7
1.61541365271033E+018,"7 : 0.1944855, 7 : 0.08717216, 3 : 0.053928338",7
1.61515721902829E+018,"7 : 0.3428826, 7 : 0.10407905, 7 : 0.078639485",7
1.61472000182649E+018,"2 : 0.6155246, 11 : 0.07710758, 1 : 0.047162633",7
1.61328789850999E+018,"7 : 0.14142624, 2 : 0.066553146, 12 : 0.063789405",7
1.60960038977918E+018,"1 : 0.9398077, 11 : 0.006589003, 1 : 0.0048238365",7
1.60815290272639E+018,"7 : 0.44037697, 7 : 0.11276832, 8 : 0.043428387",7
1.60756783292776E+018,"14 : 0.10735755, 7 : 0.088910066, 13 : 0.05948726",7
1.60523044731106E+018,"2 : 0.5094295, 2 : 0.36646983, 4 : 0.014532155",7
1.60162757794793E+018,"1 : 0.9688833, 1 : 0.0021280244, 1 : 0.0018970437",7
1.59889548614405E+018,"13 : 0.7214009, 2 : 0.09655459, 7 : 0.02526585",7
1.5963255808274E+018,"1 : 0.3873382, 1 : 0.20670983, 11 : 0.110257916",7
1.59492740592261E+018,"4 : 0.3767062, 9 : 0.317436, 1 : 0.08796191",7
1.59297024693085E+018,"7 : 0.5367758, 7 : 0.15199976, 2 : 0.052911222",7
1.59087373640739E+018,"13 : 0.24469195, 9 : 0.10575487, 13 : 0.08455179",7
1.58918864795744E+018,"2 : 0.55447686, 3 : 0.07227184, 11 : 0.050028812",7
1.58914486975891E+018,"2 : 0.25441706, 11 : 0.20405567, 11 : 0.1257385",7
1.58643024244742E+018,"3 : 0.110662416, 13 : 0.03886415, 12 : 0.03381318",7
1.58556237677863E+018,"7 : 0.2742418, 7 : 0.06795954, 12 : 0.047261752",7
1.58475642764017E+018,"1 : 0.76016587, 1 : 0.014013193, 1 : 0.005922007",7
1.58049795222469E+018,"11 : 0.36435598, 11 : 0.21198456, 11 : 0.08837754",7
1.57683788546546E+018,"1 : 0.41118822, 1 : 0.17800502, 9 : 0.035173975",7
1.57487937139503E+018,"12 : 0.14000717, 12 : 0.046952978, 6 : 0.046528403",7
1.57317663702948E+018,"7 : 0.58317596, 13 : 0.18485042, 2 : 0.027537234",7
1.56369698808268E+018,"9 : 0.5206466, 1 : 0.24447158, 4 : 0.046707723",7
1.55586816289312E+018,"1 : 0.94416183, 1 : 0.0033981819, 1 : 0.0022107058",7
1.55357840892283E+018,"5 : 0.24891903, 5 : 0.2337739, 5 : 0.09648491",7
1.54809783312579E+018,"1 : 0.7950647, 11 : 0.06118431, 11 : 0.012245512",7
1.54634302916878E+018,"2 : 0.5145404, 7 : 0.12907675, 3 : 0.058972795",7
1.54041985124821E+018,"2 : 0.1952468, 7 : 0.06675249, 7 : 0.052826703",7
1.53508357096686E+018,"7 : 0.71181375, 9 : 0.1896962, 2 : 0.014673327",7
1.53130940557485E+018,"1 : 0.88651186, 1 : 0.010224266, 11 : 0.006334774",7
1.52415574204662E+018,"1 : 0.5997679, 7 : 0.11471567, 7 : 0.052096415",7
1.51961738535358E+018,"1 : 0.7392168, 1 : 0.01826245, 11 : 0.016701257",7
2.21054992544016E+018,"11 : 0.5002038, 3 : 0.077082805, 11 : 0.039339833",7
2.20892893679218E+018,"11 : 0.21191682, 2 : 0.11600418, 11 : 0.10210115",7
2.20748700635593E+018,"9 : 0.68373454, 11 : 0.07620117, 9 : 0.026181743",7
2.20662567712223E+018,"3 : 0.6306812, 2 : 0.060041633, 14 : 0.040858984",7
2.20609875547688E+018,"1 : 0.30416787, 2 : 0.2448866, 11 : 0.20394532",7
2.20538344676787E+018,"3 : 0.4584052, 11 : 0.123030946, 1 : 0.023056943",7
2.20340122486332E+018,"7 : 0.5243084, 7 : 0.12232541, 7 : 0.10164405",7
2.20268325478487E+018,"7 : 0.61900055, 3 : 0.2128391, 11 : 0.016690437",7
2.2002302761021E+018,"12 : 0.4109465, 3 : 0.10009779, 3 : 0.08900628",7
2.19940167248993E+018,"3 : 0.76062226, 12 : 0.03659452, 7 : 0.01876293",7
2.19828233516738E+018,"7 : 0.24755166, 7 : 0.20094709, 7 : 0.073627956",7
2.1973031825716E+018,"3 : 0.87082475, 3 : 0.01959025, 3 : 0.0046590157",7
2.1972220117188E+018,"3 : 0.6881545, 3 : 0.24151611, 3 : 0.021551762",7
2.19574268640154E+018,"3 : 0.33254024, 3 : 0.3276433, 3 : 0.054116417",7
2.19393365362403E+018,"2 : 0.3056727, 11 : 0.21181023, 1 : 0.089335255",7
2.19326573711139E+018,"3 : 0.45330253, 3 : 0.1253439, 3 : 0.06773432",7
2.19169016746842E+018,"3 : 0.7740482, 3 : 0.078386545, 3 : 0.042542335",7
2.18936059346347E+018,"3 : 0.57821643, 3 : 0.06433594, 3 : 0.039215226",7
2.1880066241076E+018,"3 : 0.24318156, 12 : 0.028465707, 2 : 0.022370556",7
2.1859939736934E+018,"2 : 0.08152362, 3 : 0.067819186, 2 : 0.045022395",7
2.18565834984088E+018,"3 : 0.5827545, 11 : 0.07899578, 11 : 0.06871855",7
2.18436942482852E+018,"3 : 0.95822257, 3 : 0.011415723, 3 : 0.003642881",7
2.18262491991688E+018,"2 : 0.5078163, 12 : 0.095331684, 2 : 0.06103398",7
2.18134063644001E+018,"12 : 0.18406071, 12 : 0.12917237, 12 : 0.08573379",7
2.18007086241014E+018,"7 : 0.49615866, 2 : 0.056741666, 8 : 0.054303143",7
2.17911490895689E+018,"13 : 0.3711083, 9 : 0.06459233, 2 : 0.05332286",7
2.17850980225505E+018,"3 : 0.30520365, 3 : 0.054219265, 3 : 0.052115016",7
2.17696109288284E+018,"3 : 0.9408365, 3 : 0.03057907, 3 : 0.0070551564",7
2.17611812791447E+018,"3 : 0.9369023, 1 : 0.015223365, 11 : 0.0024725553",7
2.17487943494384E+018,"3 : 0.59154356, 3 : 0.10208287, 3 : 0.057859123",7
2.17417130968526E+018,"3 : 0.86277336, 11 : 0.034862787, 11 : 0.021940803",7
2.17210052427903E+018,"3 : 0.40944383, 3 : 0.20031987, 3 : 0.034911856",7
2.17140567786023E+018,"1 : 0.54618776, 11 : 0.22072694, 9 : 0.02934457",7
2.16986622356364E+018,"3 : 0.30956233, 12 : 0.2173936, 12 : 0.17750098",7
2.16914133331132E+018,"3 : 0.4329894, 2 : 0.18486866, 14 : 0.06062385",7
2.16840994391759E+018,"3 : 0.5014785, 3 : 0.09687744, 3 : 0.031778496",7
2.16702979074636E+018,"3 : 0.93750834, 1 : 0.012635486, 13 : 0.004212403",7
2.16566392766888E+018,"7 : 0.18015851, 14 : 0.04602009, 2 : 0.03678186",7
2.16384938702634E+018,"1 : 0.14726023, 3 : 0.109916225, 4 : 0.05420339",7
2.16273016394565E+018,"3 : 0.64249516, 3 : 0.115112536, 3 : 0.033595834",7
2.16180384706895E+018,"7 : 0.36067575, 7 : 0.24542665, 2 : 0.037552677",7
2.16020759904439E+018,"7 : 0.29956213, 1 : 0.22336477, 11 : 0.09228298",7
2.1595319209545E+018,"3 : 0.6122462, 12 : 0.19597138, 3 : 0.012576597",7
2.15941779943757E+018,"9 : 0.09590552, 12 : 0.07356028, 6 : 0.03921988",7
2.15888513937874E+018,"3 : 0.30966488, 3 : 0.058366068, 3 : 0.051676143",7
2.15801957228069E+018,"2 : 0.9091132, 7 : 0.021693667, 7 : 0.0037526626",7
2.15449198392272E+018,"7 : 0.7785321, 3 : 0.0734516, 7 : 0.041873537",7
2.15354857315797E+018,"3 : 0.46474412, 3 : 0.07181196, 3 : 0.052915357",7
2.1516645365796E+018,"3 : 0.49968812, 3 : 0.4047775, 3 : 0.016374394",7
2.150989740047E+018,"14 : 0.3748782, 14 : 0.34825456, 7 : 0.056706686",7
2.14933686063203E+018,"12 : 0.3859353, 3 : 0.2730105, 12 : 0.095189616",7
2.1483168293519E+018,"3 : 0.91835415, 3 : 0.01073461, 3 : 0.0046241204",7
2.14803177655203E+018,"7 : 0.78879386, 7 : 0.06643501, 7 : 0.005647433",7
2.14352770831865E+018,"2 : 0.15144973, 2 : 0.1501917, 10 : 0.06953766",7
2.14241033782417E+018,"3 : 0.2249988, 11 : 0.14391719, 7 : 0.09829699",7
2.14232184177415E+018,"2 : 0.11618251, 3 : 0.077106774, 3 : 0.042689506",7
2.13957968865854E+018,"3 : 0.4057634, 3 : 0.035349738, 3 : 0.02869496",7
2.13625090441132E+018,"3 : 0.8589351, 3 : 0.013744501, 3 : 0.010911",7
2.13411546256969E+018,"3 : 0.5452619, 2 : 0.17421792, 7 : 0.030753022",7
2.13353759829159E+018,"1 : 0.37795854, 3 : 0.063281715, 11 : 0.05671203",7
2.12750984014657E+018,"3 : 0.56881976, 1 : 0.057649355, 13 : 0.0417695",7
2.12131205485087E+018,"1 : 0.9379352, 1 : 0.0023672844, 1 : 0.002363845",7
2.11386396474349E+018,"14 : 0.37152717, 7 : 0.10399618, 7 : 0.0791801",7
2.10724901699241E+018,"3 : 0.3210572, 3 : 0.23818283, 3 : 0.067112885",7
2.10429628860561E+018,"3 : 0.6842212, 3 : 0.07078452, 3 : 0.045076676",7
2.09990826864665E+018,"11 : 0.5648882, 3 : 0.086912036, 4 : 0.06442827",7
2.0985485121585E+018,"14 : 0.43514466, 2 : 0.026615946, 7 : 0.024227927",7
2.09723751077775E+018,"3 : 0.33078954, 12 : 0.060911085, 3 : 0.048844814",7
2.09568224932533E+018,"3 : 0.97850674, 5 : 0.01599, 7 : 0.003150947",7
2.09219146993586E+018,"3 : 0.56452423, 3 : 0.14936322, 3 : 0.055310693",7
2.09197077848561E+018,"11 : 0.6297021, 12 : 0.04241979, 1 : 0.04143105",7
2.08911026689046E+018,"3 : 0.2681556, 3 : 0.21699414, 3 : 0.1138734",7
2.08723706637895E+018,"4 : 0.113189645, 8 : 0.079660244, 2 : 0.056212105",7
2.08563953753251E+018,"3 : 0.55616146, 3 : 0.24030322, 3 : 0.032389604",7
2.08492878675684E+018,"3 : 0.5741719, 3 : 0.15758663, 14 : 0.057219636",7
2.08127691443517E+018,"12 : 0.054006793, 3 : 0.042515054, 3 : 0.031686544",7
2.07913226720128E+018,"3 : 0.7981303, 3 : 0.078397304, 2 : 0.023359086",7
2.07789767756773E+018,"3 : 0.79377687, 3 : 0.14286341, 12 : 0.02834972",7
2.07545011598022E+018,"3 : 0.57999045, 3 : 0.38398182, 3 : 0.004938509",7
2.07522738710606E+018,"3 : 0.67940056, 3 : 0.11003771, 3 : 0.021793649",7
2.07436363788441E+018,"3 : 0.6588276, 1 : 0.13383445, 7 : 0.0187804",7
2.0719852726163E+018,"1 : 0.8771814, 11 : 0.01967922, 11 : 0.009615398",7
2.07109624500432E+018,"3 : 0.31844568, 3 : 0.2949429, 3 : 0.03127285",7
2.06964522450392E+018,"3 : 0.3264334, 3 : 0.06046971, 3 : 0.04295846",7
2.06749547022594E+018,"14 : 0.16604708, 3 : 0.15260044, 3 : 0.13288587",7
2.06704360751429E+018,"3 : 0.28417906, 3 : 0.16371344, 3 : 0.15339525",7
2.06676126860161E+018,"3 : 0.4207259, 3 : 0.29935908, 3 : 0.06552027",7
2.06596277381853E+018,"12 : 0.28573948, 2 : 0.16728663, 12 : 0.056241244",7
2.06541354885944E+018,"3 : 0.23215088, 3 : 0.16404165, 14 : 0.15883389",7
2.06388273478018E+018,"14 : 0.16125539, 12 : 0.13043395, 10 : 0.042041335",7
2.0626579138728E+018,"3 : 0.71566683, 3 : 0.043285232, 7 : 0.033169933",7
2.06240865896073E+018,"7 : 0.566083, 7 : 0.3819727, 14 : 0.0047682924",7
2.06090776774237E+018,"4 : 0.15322073, 12 : 0.12501481, 7 : 0.057149526",7
2.059544045061E+018,"7 : 0.25253686, 7 : 0.21321021, 14 : 0.118551716",7
2.05722414542037E+018,"3 : 0.387353, 2 : 0.3774199, 3 : 0.09755398",7
2.05402891748588E+018,"3 : 0.82973826, 3 : 0.03620018, 3 : 0.016945435",7
2.05156560946597E+018,"3 : 0.93836945, 3 : 0.0044549, 7 : 0.0026965041",7
2.04964632208612E+018,"1 : 0.16048312, 1 : 0.12718345, 11 : 0.11437606",7
2.04953046801766E+018,"3 : 0.34623078, 12 : 0.19787781, 13 : 0.066314615",7
2.04756328901112E+018,"13 : 0.2650162, 7 : 0.057286724, 8 : 0.03563101",7
2.04650089047086E+018,"7 : 0.9855408, 7 : 0.0003690435, 6 : 0.00034579026",7
2.04515779614156E+018,"13 : 0.6709304, 13 : 0.042059008, 7 : 0.019428108",7
2.04386704983652E+018,"3 : 0.582498, 1 : 0.17400223, 2 : 0.0660949",7
2.0429804323199E+018,"12 : 0.16998403, 2 : 0.061410062, 13 : 0.061280243",7
2.04159755923698E+018,"3 : 0.46350363, 1 : 0.14085706, 11 : 0.035144042",7
2.0406331214785E+018,"3 : 0.32977018, 7 : 0.099085286, 12 : 0.028900396",7
2.0377501956485E+018,"3 : 0.8811197, 3 : 0.06866645, 2 : 0.0021103183",7
2.03673735776852E+018,"3 : 0.88971686, 3 : 0.025139907, 3 : 0.023483563",7
2.03615304535293E+018,"2 : 0.100624636, 3 : 0.09843522, 2 : 0.09276896",7
2.0343398331374E+018,"7 : 0.5775518, 3 : 0.02771631, 3 : 0.01871872",7
2.03328320774003E+018,"1 : 0.21417505, 3 : 0.18021266, 1 : 0.04818642",7
2.03011682906807E+018,"3 : 0.92197603, 2 : 0.0082091605, 12 : 0.0038523565",7
2.02870471566808E+018,"3 : 0.8641455, 3 : 0.022403948, 3 : 0.003049953",7
2.02695029542388E+018,"3 : 0.59685963, 3 : 0.08544333, 3 : 0.03498392",7
2.02680714976575E+018,"3 : 0.11218868, 2 : 0.08040106, 12 : 0.035887454",7
2.02542088476381E+018,"3 : 0.8482538, 3 : 0.04396884, 3 : 0.014438656",7
2.02477493371359E+018,"12 : 0.7219523, 12 : 0.14434901, 2 : 0.018702503",7
2.02180164609043E+018,"3 : 0.97682023, 3 : 0.0022205974, 7 : 0.000527621",7
2.02139633191515E+018,"3 : 0.6495523, 3 : 0.17635381, 3 : 0.10046301",7
2.02133707896588E+018,"3 : 0.36659434, 3 : 0.07522902, 3 : 0.036220748",7
2.02050715445651E+018,"1 : 0.9734031, 1 : 0.0015674998, 2 : 0.0007646688",7
2.01918014717714E+018,"3 : 0.25260332, 13 : 0.12418568, 1 : 0.056720305",7
2.01818745640422E+018,"7 : 0.4951172, 2 : 0.09844773, 3 : 0.037348695",7
2.01638014375419E+018,"3 : 0.91963005, 3 : 0.027843442, 3 : 0.008771205",7
2.01624925348334E+018,"1 : 0.5010848, 11 : 0.062014952, 14 : 0.037450217",7
2.01544346467981E+018,"7 : 0.21148022, 3 : 0.18280405, 2 : 0.051244415",7
2.01318461318402E+018,"14 : 0.9065214, 3 : 0.053369433, 3 : 0.0053860927",7
2.01159694193974E+018,"7 : 0.06007974, 12 : 0.059041914, 10 : 0.032760065",7
2.00899033553263E+018,"1 : 0.8313631, 11 : 0.07253795, 11 : 0.02859171",7
2.0081643133876E+018,"1 : 0.87615347, 1 : 0.0074633937, 11 : 0.0041395104",7
2.00729052732348E+018,"2 : 0.9945555, 12 : 0.0027615596, 2 : 0.000905781",7
2.00591828484268E+018,"3 : 0.9608176, 3 : 0.013462627, 12 : 0.0018623065",7
2.00519284819104E+018,"7 : 0.2122284, 7 : 0.053521115, 14 : 0.044948597",7
2.00367877530612E+018,"7 : 0.38541052, 12 : 0.050321758, 2 : 0.035682652",7
2.00290385767732E+018,"3 : 0.4674612, 3 : 0.31677794, 3 : 0.033674527",7
2.00186406026987E+018,"3 : 0.21426368, 3 : 0.20819756, 3 : 0.049832813",7
2.00034025744682E+018,"3 : 0.5543325, 3 : 0.2174618, 3 : 0.067996554",7
1.99927737006356E+018,"3 : 0.8543246, 3 : 0.12178867, 3 : 0.0027348762",7
1.99790098102868E+018,"2 : 0.22342072, 3 : 0.2085191, 3 : 0.12134751",7
1.99710120435561E+018,"11 : 0.5295612, 12 : 0.03333498, 3 : 0.030921644",7
1.99521963148572E+018,"2 : 0.3638312, 13 : 0.10042411, 13 : 0.07401554",7
1.99454421662291E+018,"3 : 0.89115775, 3 : 0.066734605, 3 : 0.02107473",7
1.99385924384624E+018,"3 : 0.59080666, 3 : 0.24776241, 3 : 0.031504836",7
1.99340129443521E+018,"4 : 0.57712066, 9 : 0.04057272, 9 : 0.02425909",7
1.99183345141822E+018,"13 : 0.19041017, 13 : 0.16657948, 2 : 0.09634828",7
1.99170259586909E+018,"3 : 0.2689686, 3 : 0.23553082, 3 : 0.114146285",7
1.9907953441494E+018,"1 : 0.8483465, 11 : 0.037327264, 1 : 0.030938437",7
1.98953866835292E+018,"3 : 0.92882216, 1 : 0.006824412, 11 : 0.0064301067",7
1.98854047491893E+018,"4 : 0.19340359, 2 : 0.16370647, 12 : 0.0491776",7
1.98768233289651E+018,"2 : 0.8067472, 10 : 0.13941155, 3 : 0.0033891548",7
1.98626972346299E+018,"9 : 0.7322528, 1 : 0.045130987, 2 : 0.010295729",7
1.98587068413264E+018,"1 : 0.2780315, 11 : 0.101663575, 3 : 0.07279207",7
1.98516688699158E+018,"10 : 0.15389867, 4 : 0.079089426, 7 : 0.07066371",7
1.98454563211244E+018,"12 : 0.10126058, 10 : 0.07771549, 12 : 0.07067985",7
1.98365624859673E+018,"3 : 0.30324996, 12 : 0.19233368, 7 : 0.042647533",7
1.98301469083523E+018,"3 : 0.35505515, 3 : 0.2589472, 3 : 0.053766996",7
1.98260625141584E+018,"3 : 0.9803398, 3 : 0.0015359205, 3 : 0.0011251486",7
1.98092328460233E+018,"7 : 0.1403254, 7 : 0.13314673, 14 : 0.081760615",7
1.98015985120431E+018,"3 : 0.4462514, 3 : 0.33463126, 12 : 0.032058492",7
1.97977192349295E+018,"3 : 0.79984385, 3 : 0.01251187, 3 : 0.008718181",7
1.97913195447518E+018,"3 : 0.8454275, 3 : 0.034827586, 3 : 0.007514259",7
1.97791547007483E+018,"1 : 0.71384877, 1 : 0.021621117, 7 : 0.016875783",7
1.97762449162832E+018,"3 : 0.56078196, 7 : 0.116989456, 10 : 0.03080519",7
1.97706110416662E+018,"3 : 0.9521035, 3 : 0.014220807, 3 : 0.0012056538",7
1.97691517139576E+018,"2 : 0.43001592, 3 : 0.07048478, 3 : 0.039214417",7
1.97570100960081E+018,"2 : 0.1807526, 3 : 0.14151962, 12 : 0.07845057",7
1.97478813206888E+018,"6 : 0.60126966, 5 : 0.10076754, 10 : 0.07218171",7
1.97431364610976E+018,"3 : 0.44709712, 3 : 0.3058411, 3 : 0.11814373",7
1.97417401737622E+018,"7 : 0.28107062, 7 : 0.15709695, 7 : 0.1449285",7
1.97358417290966E+018,"3 : 0.12043882, 2 : 0.048391532, 3 : 0.037078474",7
1.97255479173106E+018,"3 : 0.5692546, 3 : 0.32441366, 3 : 0.015971275",7
1.97112776292613E+018,"3 : 0.7774535, 3 : 0.04839748, 3 : 0.025194405",7
1.97013026937792E+018,"3 : 0.9210793, 12 : 0.03340262, 3 : 0.01775662",7
1.96975434381071E+018,"3 : 0.4756985, 12 : 0.17307317, 12 : 0.05709661",7
1.96889431157338E+018,"3 : 0.9376977, 12 : 0.00973949, 2 : 0.0065507",7
1.9677733088351E+018,"3 : 0.8517204, 3 : 0.021359373, 3 : 0.014490863",7
1.96696059412668E+018,"11 : 0.78234154, 11 : 0.04307933, 11 : 0.039360575",7
1.96608431457354E+018,"2 : 0.6712214, 3 : 0.21139678, 7 : 0.040708393",7
1.96546399129581E+018,"3 : 0.6323775, 11 : 0.06556193, 1 : 0.033841044",7
1.96457371132533E+018,"3 : 0.44410482, 3 : 0.05584306, 3 : 0.033500724",7
1.96159281713213E+018,"4 : 0.17937252, 2 : 0.14312817, 14 : 0.07424454",7
1.95966885026791E+018,"3 : 0.58905005, 3 : 0.091257736, 3 : 0.026135596",7
1.95890263316905E+018,"12 : 0.44398588, 12 : 0.081665665, 12 : 0.054638572",7
1.95750056390377E+018,"7 : 0.21043062, 7 : 0.19245274, 2 : 0.081729405",7
1.95609456135458E+018,"1 : 0.26188746, 2 : 0.17884006, 9 : 0.055436447",7
1.95311446009451E+018,"7 : 0.75481236, 3 : 0.035770863, 3 : 0.025557349",7
1.9518157984752E+018,"3 : 0.4595732, 3 : 0.24927251, 7 : 0.028952168",7
1.95015822364236E+018,"14 : 0.8166855, 2 : 0.052631963, 4 : 0.010352409",7
1.94870885347644E+018,"3 : 0.6061561, 3 : 0.15318194, 12 : 0.038850617",7
1.94813697040152E+018,"8 : 0.90543795, 8 : 0.040219527, 8 : 0.020820891",7
1.94747506458619E+018,"7 : 0.39499098, 7 : 0.031683028, 3 : 0.030434176",7
1.94720653053888E+018,"12 : 0.52620363, 14 : 0.099891625, 7 : 0.018631563",7
1.94675191207631E+018,"2 : 0.2565484, 3 : 0.024980623, 7 : 0.022739748",7
1.94596673391961E+018,"4 : 0.26564702, 12 : 0.1275785, 3 : 0.074240446",7
1.94506431174761E+018,"3 : 0.6485803, 3 : 0.14055014, 3 : 0.009953655",7
1.94347800675686E+018,"3 : 0.7596766, 7 : 0.08252497, 3 : 0.027196955",7
1.94227180727047E+018,"3 : 0.31098622, 3 : 0.12203328, 3 : 0.089465044",7
1.94197013706396E+018,"7 : 0.683523, 14 : 0.06126593, 7 : 0.034533117",7
1.94132462969373E+018,"7 : 0.3323205, 14 : 0.090344414, 6 : 0.03336204",7
1.9403029469232E+018,"1 : 0.22905286, 11 : 0.13646615, 1 : 0.10397244",7
1.93946009261731E+018,"12 : 0.36325866, 12 : 0.123412035, 11 : 0.07525132",7
1.93797854240062E+018,"5 : 0.1736106, 9 : 0.10933372, 8 : 0.069545135",7
1.93761467409668E+018,"7 : 0.10693055, 7 : 0.095713764, 7 : 0.079576",7
1.93704470349903E+018,"3 : 0.3626357, 7 : 0.19614448, 12 : 0.03919694",7
1.93632907016773E+018,"3 : 0.5201761, 3 : 0.13351744, 3 : 0.037195347",7
1.93580693352714E+018,"3 : 0.29351863, 3 : 0.10713007, 3 : 0.067923106",7
1.93557629414403E+018,"11 : 0.45574984, 13 : 0.1713899, 3 : 0.05948468",7
1.93501182994425E+018,"12 : 0.40060678, 3 : 0.08841754, 7 : 0.03262288",7
1.93450474032892E+018,"7 : 0.45341587, 12 : 0.08192428, 13 : 0.06577766",7
1.93423133102305E+018,"3 : 0.8966446, 12 : 0.026236113, 3 : 0.011105404",7
1.93370648362964E+018,"2 : 0.73892653, 3 : 0.13669679, 3 : 0.04770943",7
1.93281125788352E+018,"3 : 0.9384132, 12 : 0.041173358, 3 : 0.0009396561",7
1.93234945624849E+018,"3 : 0.33690038, 3 : 0.32690692, 3 : 0.046360727",7
1.93233073505658E+018,"3 : 0.44677755, 7 : 0.093004696, 7 : 0.09138788",7
1.93197881861291E+018,"2 : 0.19375966, 7 : 0.12070679, 12 : 0.07820375",7
1.93197512371827E+018,"3 : 0.73692816, 12 : 0.08457593, 12 : 0.03315669",7
1.93127754223406E+018,"13 : 0.3188947, 1 : 0.16374017, 1 : 0.14656536",7
1.93064497112885E+018,"3 : 0.9083596, 3 : 0.0056529436, 3 : 0.004785664",7
1.93012321585899E+018,"9 : 0.52305806, 11 : 0.13199967, 9 : 0.08767267",7
1.92969046326089E+018,"3 : 0.73181593, 3 : 0.14487682, 3 : 0.020677023",7
1.929070141453E+018,"12 : 0.19118308, 3 : 0.14305808, 3 : 0.035875417",7
1.92835663174632E+018,"3 : 0.2433005, 3 : 0.08400518, 9 : 0.024356108",7
1.92694101679194E+018,"1 : 0.4809182, 9 : 0.025779245, 11 : 0.018879548",7
1.92620893080991E+018,"3 : 0.22905445, 2 : 0.11919667, 7 : 0.057823967",7
1.924639815872E+018,"3 : 0.7089521, 3 : 0.036434714, 3 : 0.020433677",7
1.92367953127134E+018,"2 : 0.19578753, 8 : 0.15989217, 3 : 0.102608666",7
1.92327922974958E+018,"3 : 0.41721383, 3 : 0.10357372, 3 : 0.022039786",7
1.92223502545416E+018,"3 : 0.084315374, 7 : 0.0801696, 7 : 0.047864676",7
1.9214629701124E+018,"1 : 0.068636715, 11 : 0.046297632, 3 : 0.026549574",7
1.91996652215313E+018,"3 : 0.9877648, 3 : 0.006072517, 3 : 0.0006951211",7
1.9188696556219E+018,"3 : 0.48211423, 3 : 0.113792524, 3 : 0.038564134",7
1.91749077523755E+018,"3 : 0.8023035, 3 : 0.029551486, 3 : 0.023512911",7
1.91661469837613E+018,"7 : 0.68218255, 4 : 0.03055926, 7 : 0.023795266",7
1.91530772509102E+018,"7 : 0.2072866, 12 : 0.16067497, 7 : 0.09630726",7
1.91323694911439E+018,"2 : 0.12616886, 2 : 0.09070921, 12 : 0.04214329",7
1.91255673197443E+018,"3 : 0.9942163, 3 : 0.0056821825, 3 : 8.1351354e-05",7
1.91031224098527E+018,"2 : 0.8525294, 2 : 0.13789248, 4 : 0.0012917375",7
1.90942223689944E+018,"3 : 0.10460103, 3 : 0.07129763, 6 : 0.050549157",7
1.90873938554291E+018,"3 : 0.4429935, 3 : 0.34370288, 3 : 0.05032039",7
1.90804804712903E+018,"7 : 0.7864301, 7 : 0.1059887, 10 : 0.0040337015",7
1.90739262962713E+018,"3 : 0.9781822, 12 : 0.0028418237, 11 : 0.0017122144",7
1.90672488616074E+018,"3 : 0.26149252, 3 : 0.18100382, 3 : 0.0473235",7
1.9047083903418E+018,"7 : 0.3992255, 7 : 0.10595345, 10 : 0.06698766",7
1.9037789451329E+018,"3 : 0.28176555, 3 : 0.13923168, 6 : 0.018135056",7
1.90330993124972E+018,"3 : 0.2677334, 3 : 0.21601786, 3 : 0.11770398",7
1.90236426151507E+018,"2 : 0.2351644, 11 : 0.17201304, 11 : 0.15096651",7
1.90153178861677E+018,"7 : 0.7746522, 6 : 0.014436002, 6 : 0.0126425205",7
1.90075077994352E+018,"1 : 0.302527, 8 : 0.13798973, 8 : 0.11969877",7
1.90020898022816E+018,"3 : 0.32259044, 3 : 0.07671199, 3 : 0.06401582",7
1.90006980252782E+018,"3 : 0.80540144, 3 : 0.02584682, 3 : 0.017235348",7
1.8993433799032E+018,"11 : 0.31671175, 1 : 0.12365355, 11 : 0.054057676",7
1.89903540137123E+018,"2 : 0.5710895, 12 : 0.057851743, 11 : 0.055534124",7
1.89792503995091E+018,"3 : 0.7727855, 3 : 0.11361188, 3 : 0.047646042",7
1.89647759097603E+018,"3 : 0.108388774, 12 : 0.08003135, 7 : 0.06825448",7
1.89520632843806E+018,"7 : 0.15486154, 3 : 0.1169385, 3 : 0.091774866",7
1.89434672254976E+018,"2 : 0.50953317, 2 : 0.4900768, 3 : 3.7700618e-05",7
1.89263322499775E+018,"3 : 0.20580801, 3 : 0.10355025, 3 : 0.092371084",7
1.89149431475469E+018,"4 : 0.32338583, 11 : 0.2501259, 3 : 0.04789065",7
1.89055340900331E+018,"3 : 0.0892563, 3 : 0.06187567, 2 : 0.052835826",7
1.88875274433336E+018,"3 : 0.4487364, 3 : 0.08534117, 3 : 0.06406399",7
1.88839304729015E+018,"12 : 0.38710225, 12 : 0.24945824, 12 : 0.008904867",7
1.88764206979332E+018,"7 : 0.52792645, 3 : 0.091554135, 3 : 0.05712455",7
1.88635932323407E+018,"2 : 0.28673208, 14 : 0.15714513, 7 : 0.06350067",7
1.88430644160906E+018,"3 : 0.19732043, 3 : 0.08450464, 3 : 0.06489675",7
1.88358903383611E+018,"14 : 0.40426147, 7 : 0.106986925, 2 : 0.021093754",7
1.88342121282773E+018,"7 : 0.093206294, 14 : 0.08342279, 3 : 0.052989036",7
1.88331669819742E+018,"3 : 0.17630729, 14 : 0.10164378, 7 : 0.055569526",7
1.88327585070128E+018,"3 : 0.18150021, 2 : 0.07278948, 2 : 0.047448616",7
1.88301770906489E+018,"1 : 0.5247197, 13 : 0.05896446, 11 : 0.031145873",7
1.88296905726849E+018,"13 : 0.12549098, 1 : 0.07698556, 2 : 0.071990766",7
1.88291715214551E+018,"7 : 0.3747987, 14 : 0.22486001, 7 : 0.06917403",7
1.88277807808434E+018,"14 : 0.9859444, 3 : 0.0044002687, 2 : 0.002383995",7
1.88110523401555E+018,"3 : 0.74669677, 3 : 0.059020516, 3 : 0.0033557608",7
1.88052708553825E+018,"1 : 0.1894364, 1 : 0.07503249, 8 : 0.070952736",7
1.87995825082617E+018,"3 : 0.87489253, 3 : 0.059705745, 3 : 0.0068706893",7
1.8788643031786E+018,"2 : 0.9363877, 3 : 0.0029942307, 7 : 0.0017791771",7
1.87722584164752E+018,"3 : 0.64186275, 3 : 0.078814074, 3 : 0.06225898",7
1.87575388439716E+018,"3 : 0.28816292, 3 : 0.24277997, 12 : 0.08943078",7
1.87418597305703E+018,"3 : 0.89374155, 1 : 0.03226931, 12 : 0.005111622",7
1.87333127052889E+018,"3 : 0.2094124, 12 : 0.11245544, 12 : 0.10642859",7
1.87282685020941E+018,"3 : 0.88459235, 3 : 0.0076289466, 3 : 0.0070890053",7
1.87203972245944E+018,"3 : 0.49388644, 3 : 0.18546414, 3 : 0.061216626",7
1.87016612628224E+018,"3 : 0.33422694, 3 : 0.043987047, 3 : 0.037391093",7
1.8677733773038E+018,"13 : 0.4067887, 3 : 0.25641778, 13 : 0.119849585",7
1.86687037431125E+018,"14 : 0.18581386, 2 : 0.07172427, 3 : 0.049237296",7
1.86382714142076E+018,"3 : 0.98992413, 7 : 0.00084936427, 1 : 0.00038648283",7
1.86194789356308E+018,"3 : 0.7204164, 1 : 0.10374179, 11 : 0.019095408",7
1.85664620452208E+018,"3 : 0.26721913, 3 : 0.20130575, 3 : 0.12504134",7
1.85163910769048E+018,"11 : 0.19214866, 3 : 0.1639978, 13 : 0.043627646",7
1.84784640202396E+018,"7 : 0.30451638, 2 : 0.20136528, 7 : 0.16509409",7
1.84566821889768E+018,"3 : 0.93542624, 3 : 0.008240037, 3 : 0.007090199",7
1.84165152563456E+018,"7 : 0.96868914, 7 : 0.0095749665, 2 : 0.0016221151",7
1.83876035854289E+018,"3 : 0.56897295, 3 : 0.27995294, 3 : 0.081375524",7
1.83798796080317E+018,"3 : 0.75147957, 3 : 0.16324566, 3 : 0.007281853",7
1.83697147732724E+018,"10 : 0.34832162, 2 : 0.032552466, 3 : 0.025493866",7
1.83265564485213E+018,"3 : 0.46596012, 3 : 0.369645, 3 : 0.039944455",7
1.82846024293443E+018,"3 : 0.20871437, 14 : 0.19993849, 3 : 0.10242231",7
1.82700296892085E+018,"3 : 0.18594545, 3 : 0.103096254, 3 : 0.0863815",7
1.82474566167583E+018,"7 : 0.5006172, 3 : 0.17446657, 2 : 0.06674574",7
1.82346114093442E+018,"3 : 0.05028284, 3 : 0.03745187, 7 : 0.032101918",7
1.82132581502947E+018,"13 : 0.18278003, 12 : 0.11800924, 12 : 0.11155876",7
1.82031070767916E+018,"3 : 0.5825019, 2 : 0.07709621, 3 : 0.031890597",7
1.81848002954418E+018,"3 : 0.69060284, 3 : 0.059479404, 3 : 0.025261648",7
1.81590686105063E+018,"13 : 0.26971447, 10 : 0.12540741, 13 : 0.124104455",7
1.81448600594235E+018,"3 : 0.41643283, 4 : 0.068864435, 11 : 0.06404117",7
1.81262494460215E+018,"7 : 0.12965997, 7 : 0.1007626, 14 : 0.07268359",7
1.81198320966562E+018,"3 : 0.36658382, 2 : 0.08606082, 11 : 0.067014165",7
1.81192502745476E+018,"3 : 0.46789402, 3 : 0.120177895, 3 : 0.020684082",7
1.81188205613924E+018,"3 : 0.46133816, 3 : 0.34818384, 3 : 0.029824318",7
1.81186468194795E+018,"3 : 0.80879295, 3 : 0.03295546, 3 : 0.012222329",7
1.81184499030312E+018,"3 : 0.847591, 7 : 0.019532032, 7 : 0.018852264",7
1.81107737788571E+018,"3 : 0.6486641, 9 : 0.120131165, 3 : 0.11134066",7
1.80819763354434E+018,"3 : 0.62777966, 3 : 0.032564804, 3 : 0.018930214",7
1.80628237772117E+018,"3 : 0.38115922, 13 : 0.16353534, 13 : 0.053603377",7
1.80429646313449E+018,"3 : 0.50008166, 5 : 0.08592007, 5 : 0.061842717",7
1.80306471922694E+018,"7 : 0.48822853, 7 : 0.15646535, 7 : 0.054994345",7
1.80113767006029E+018,"3 : 0.7819467, 3 : 0.21146768, 3 : 0.0047339615",7
1.79994778121426E+018,"3 : 0.771973, 3 : 0.040306594, 3 : 0.018979788",7
1.7992127754844E+018,"3 : 0.839844, 12 : 0.05441042, 12 : 0.0067766863",7
1.79866124370049E+018,"1 : 0.33380497, 11 : 0.17717549, 1 : 0.043922104",7
1.79853901124703E+018,"3 : 0.16776231, 7 : 0.072852165, 3 : 0.04458577",7
1.79803442736661E+018,"3 : 0.33227733, 13 : 0.2741943, 3 : 0.06349527",7
1.79676939645716E+018,"2 : 0.8758751, 3 : 0.011163989, 3 : 0.006996804",7
1.79575591183992E+018,"3 : 0.6199757, 3 : 0.25084925, 3 : 0.018424809",7
1.79558706085465E+018,"3 : 0.37152764, 3 : 0.23155111, 3 : 0.09349838",7
1.79344493226069E+018,"3 : 0.20914428, 3 : 0.13573858, 3 : 0.10030011",7
1.79154448486215E+018,"3 : 0.7039986, 3 : 0.052584693, 3 : 0.0127633745",7
1.7898764014809E+018,"7 : 0.81089574, 7 : 0.05795451, 14 : 0.034849692",7
1.78908135371781E+018,"3 : 0.48949882, 3 : 0.24883124, 3 : 0.06163653",7
1.78706069364129E+018,"9 : 0.080199026, 1 : 0.074017644, 13 : 0.05131093",7
1.78617345954848E+018,"3 : 0.9896393, 3 : 0.00512612, 3 : 0.00049757864",7
1.78480135990232E+018,"2 : 0.28556892, 13 : 0.09081842, 13 : 0.029283557",7
1.78357910938196E+018,"3 : 0.06545491, 14 : 0.05628026, 7 : 0.04901907",7
1.78255307296082E+018,"7 : 0.10321281, 5 : 0.0812452, 7 : 0.049878836",7
1.78065256535849E+018,"3 : 0.08477949, 7 : 0.07964152, 7 : 0.06813088",7
1.78000209540427E+018,"5 : 0.47279868, 3 : 0.11331104, 3 : 0.06724253",7
1.77858109094701E+018,"13 : 0.30395675, 13 : 0.063078165, 3 : 0.048223283",7
1.77815117738747E+018,"13 : 0.21835122, 7 : 0.08842908, 7 : 0.066802666",7
1.77765403071185E+018,"7 : 0.41037065, 9 : 0.35195857, 3 : 0.08819059",7
1.77752893577797E+018,"7 : 0.33373773, 14 : 0.302444, 7 : 0.09680964",7
1.77729989486924E+018,"3 : 0.33170792, 11 : 0.20931263, 11 : 0.12713736",7
1.77710700393857E+018,"3 : 0.99760014, 3 : 0.00018270515, 3 : 0.00013225384",7
1.7760472351848E+018,"3 : 0.6255399, 3 : 0.074519135, 3 : 0.026628949",7
1.77485067555992E+018,"3 : 0.19943526, 11 : 0.048040412, 2 : 0.033326305",7
1.7732409367811E+018,"10 : 0.277855, 11 : 0.091258146, 2 : 0.045926835",7
1.77237750496149E+018,"3 : 0.8643811, 3 : 0.09512341, 3 : 0.005814988",7
1.77062504663559E+018,"2 : 0.5335941, 2 : 0.46412674, 13 : 0.00033780155",7
1.7691091846691E+018,"1 : 0.806031, 11 : 0.02191872, 1 : 0.012607194",7
1.76659667341224E+018,"3 : 0.9430875, 3 : 0.05351874, 7 : 0.0017516541",7
1.76519968228312E+018,"9 : 0.7078231, 3 : 0.25390834, 4 : 0.0036340023",7
1.76315929394653E+018,"3 : 0.24789104, 3 : 0.23230423, 3 : 0.17272525",7
1.76164914578899E+018,"3 : 0.8692578, 3 : 0.0510447, 3 : 0.032618266",7
1.76030525763546E+018,"12 : 0.1919284, 3 : 0.058141295, 12 : 0.040533867",7
1.75864408752253E+018,"3 : 0.15892647, 3 : 0.06329667, 3 : 0.044062752",7
1.75751562698421E+018,"3 : 0.14052331, 3 : 0.13165037, 12 : 0.096848845",7
1.75581603478201E+018,"2 : 0.8635038, 2 : 0.01576898, 7 : 0.010391262",7
1.75443896431529E+018,"7 : 0.09468377, 12 : 0.09202911, 4 : 0.09118758",7
1.75306014916081E+018,"3 : 0.2634556, 3 : 0.1588071, 3 : 0.046381917",7
1.75282198322501E+018,"3 : 0.22733197, 3 : 0.09220898, 3 : 0.038514324",7
1.75253636602007E+018,"3 : 0.87804496, 7 : 0.009514259, 12 : 0.008935932",7
1.75230626317135E+018,"3 : 0.326894, 9 : 0.3176528, 7 : 0.04668165",7
1.75137064414186E+018,"3 : 0.7612568, 3 : 0.026630405, 3 : 0.01472988",7
1.7500317922553E+018,"3 : 0.54164517, 3 : 0.29699698, 3 : 0.03486393",7
1.74802661555497E+018,"13 : 0.05931312, 7 : 0.05017204, 13 : 0.042526416",7
1.74747122657332E+018,"7 : 0.40407988, 14 : 0.21471167, 13 : 0.06020597",7
1.74706681688019E+018,"2 : 0.13892837, 7 : 0.12054701, 12 : 0.11320672",7
1.74655413685265E+018,"2 : 0.9771394, 2 : 0.0077225, 2 : 0.0031690141",7
1.74592649714979E+018,"3 : 0.71047896, 3 : 0.06337048, 3 : 0.040370412",7
1.74499738024673E+018,"3 : 0.22496629, 3 : 0.11601534, 2 : 0.06185656",7
1.74312217370992E+018,"2 : 0.9977227, 14 : 0.0001535711, 11 : 0.00014897842",7
1.74225648640902E+018,"3 : 0.7891224, 3 : 0.02565892, 3 : 0.017875528",7
1.74169668118674E+018,"3 : 0.73981744, 12 : 0.1545073, 11 : 0.0078037297",7
1.73936637972263E+018,"2 : 0.14316991, 3 : 0.09135097, 6 : 0.09019256",7
1.73835420860994E+018,"2 : 0.33768702, 13 : 0.15722944, 3 : 0.12782077",7
1.73792892288685E+018,"3 : 0.38710347, 3 : 0.11613331, 3 : 0.079205744",7
1.73773090594411E+018,"3 : 0.9059883, 12 : 0.011406869, 3 : 0.007896565",7
1.73637279667713E+018,"3 : 0.94425774, 3 : 0.010653579, 3 : 0.006656173",7
1.73624996957927E+018,"13 : 0.16232243, 3 : 0.1146692, 12 : 0.10904221",7
1.73422341903223E+018,"7 : 0.30989403, 7 : 0.10832788, 3 : 0.09781495",7
1.73329594888674E+018,"3 : 0.31180263, 3 : 0.13650888, 9 : 0.12462967",7
1.73299337699716E+018,"3 : 0.06808444, 7 : 0.050600693, 7 : 0.043123204",7
1.73287169748719E+018,"7 : 0.85175914, 4 : 0.07139068, 7 : 0.0033462355",7
1.732176943166E+018,"3 : 0.86223876, 14 : 0.008715269, 7 : 0.0070136357",7
1.73129821482665E+018,"12 : 0.130867, 1 : 0.11355131, 3 : 0.10967406",7
1.72975482332023E+018,"3 : 0.4265679, 12 : 0.18377681, 2 : 0.061932582",7
1.72782599991304E+018,"3 : 0.77110136, 3 : 0.02909756, 3 : 0.016022718",7
1.72690489601771E+018,"7 : 0.27478555, 12 : 0.1754966, 12 : 0.066641234",7
1.72611573893624E+018,"13 : 0.1816705, 11 : 0.07830432, 1 : 0.029628752",7
1.72392674843201E+018,"12 : 0.0953076, 7 : 0.058230266, 8 : 0.044769485",7
1.7232780109936E+018,"7 : 0.33612964, 3 : 0.09409115, 3 : 0.038913168",7
1.72218224610392E+018,"3 : 0.22768417, 7 : 0.121343285, 3 : 0.1202822",7
1.72163700500662E+018,"13 : 0.8398838, 14 : 0.012554204, 10 : 0.0044736955",7
1.72025717738805E+018,"3 : 0.9694946, 3 : 0.027371276, 2 : 0.0003395334",7
1.71967318433456E+018,"3 : 0.66024965, 3 : 0.1670258, 3 : 0.032585133",7
1.71831980959777E+018,"3 : 0.66884696, 3 : 0.14627545, 3 : 0.044529725",7
1.71740975296203E+018,"3 : 0.6047868, 3 : 0.060400117, 3 : 0.035602",7
1.716713101506E+018,"3 : 0.46823317, 3 : 0.4330445, 3 : 0.008008783",7
1.71536084327663E+018,"10 : 0.20367315, 2 : 0.19890043, 2 : 0.18962947",7
1.71487319322628E+018,"3 : 0.16775565, 2 : 0.0676659, 12 : 0.05505019",7
1.71443615348542E+018,"12 : 0.20881982, 7 : 0.15791352, 12 : 0.043469004",7
1.71369611242553E+018,"5 : 0.06984534, 12 : 0.052714765, 2 : 0.049440905",7
1.71303378975373E+018,"7 : 0.28699788, 4 : 0.035831876, 7 : 0.02232138",7
1.71247448782264E+018,"7 : 0.82666314, 3 : 0.027616944, 3 : 0.02631552",7
1.71186583825823E+018,"7 : 0.29043427, 2 : 0.09717069, 6 : 0.07491905",7
1.711601098328E+018,"6 : 0.086607255, 3 : 0.050574426, 7 : 0.047988065",7
1.71097178192748E+018,"3 : 0.24908444, 3 : 0.12167727, 3 : 0.047893837",7
1.71034518732026E+018,"2 : 0.25028488, 3 : 0.059445772, 3 : 0.041847967",7
1.71012139213635E+018,"7 : 0.42062026, 2 : 0.07133284, 2 : 0.048545092",7
1.70903830681116E+018,"3 : 0.7500619, 12 : 0.13067478, 3 : 0.028957246",7
1.70794410940189E+018,"3 : 0.4064867, 3 : 0.12163189, 3 : 0.051135436",7
1.70728709532731E+018,"13 : 0.2554413, 12 : 0.13290931, 12 : 0.05066384",7
1.70670872909077E+018,"2 : 0.42103365, 13 : 0.12351445, 12 : 0.09193375",7
1.7066962746838E+018,"3 : 0.82420325, 3 : 0.045947023, 3 : 0.037555862",7
1.70668697719512E+018,"3 : 0.93014795, 3 : 0.023604466, 3 : 0.015590994",7
1.70666325849847E+018,"7 : 0.2340002, 14 : 0.20419565, 10 : 0.10055603",7
1.70601079516201E+018,"3 : 0.08365037, 3 : 0.07781179, 3 : 0.056565896",7
1.70547985122827E+018,"3 : 0.94723636, 3 : 0.016035229, 2 : 0.012756265",7
1.70502059823667E+018,"3 : 0.990677, 7 : 0.0003267194, 3 : 0.0002519482",7
1.70444804629481E+018,"4 : 0.52897, 1 : 0.061997097, 1 : 0.05837743",7
1.70356281438675E+018,"3 : 0.24388738, 3 : 0.09171149, 3 : 0.044608995",7
1.70241448160612E+018,"3 : 0.9813456, 3 : 0.0023136344, 3 : 0.00083238824",7
1.70183644644354E+018,"3 : 0.9925862, 3 : 0.0018467242, 3 : 0.0007081827",7
1.70144487217806E+018,"3 : 0.60427284, 3 : 0.106384024, 3 : 0.09398829",7
1.70016574986551E+018,"11 : 0.47456035, 11 : 0.08129397, 11 : 0.051100608",7
1.69948445898539E+018,"8 : 0.29608658, 2 : 0.11868994, 4 : 0.046420403",7
1.69853165593949E+018,"7 : 0.08469533, 2 : 0.078046285, 3 : 0.071025155",7
1.69726255883618E+018,"11 : 0.2802635, 1 : 0.26534602, 2 : 0.06864931",7
1.69716804366018E+018,"3 : 0.6298708, 3 : 0.089113094, 2 : 0.07784221",7
1.69270873874444E+018,"3 : 0.31793264, 11 : 0.28495044, 1 : 0.061399944",7
1.6891061464156E+018,"7 : 0.33432114, 9 : 0.09578265, 2 : 0.08218545",7
1.6871245789392E+018,"3 : 0.05931496, 2 : 0.036896694, 11 : 0.02743083",7
1.68497933453973E+018,"1 : 0.53958786, 11 : 0.13802394, 11 : 0.053755596",7
1.68348210634735E+018,"13 : 0.30279744, 2 : 0.045726586, 3 : 0.026432622",7
1.68191039138453E+018,"7 : 0.18705471, 14 : 0.11974264, 7 : 0.07783358",7
1.68122579971989E+018,"2 : 0.116767354, 3 : 0.06695921, 2 : 0.047542974",7
1.67999997898422E+018,"3 : 0.7057109, 12 : 0.047952242, 7 : 0.022873234",7
1.67931127888225E+018,"1 : 0.8852082, 8 : 0.017600639, 1 : 0.008387115",7
1.67712667854536E+018,"3 : 0.075556695, 3 : 0.05220447, 3 : 0.05043167",7
1.67584646123632E+018,"3 : 0.41956517, 2 : 0.12646557, 3 : 0.103495464",7
1.67485948857202E+018,"7 : 0.689588, 3 : 0.020527558, 7 : 0.01944462",7
1.6732253822722E+018,"13 : 0.051296372, 14 : 0.04339564, 3 : 0.038802393",7
1.67169539644164E+018,"1 : 0.33190146, 1 : 0.11035026, 11 : 0.065295406",7
1.67109187694048E+018,"3 : 0.30571893, 3 : 0.3027846, 3 : 0.263355",7
1.6694422840363E+018,"11 : 0.53912574, 2 : 0.06767762, 11 : 0.051310807",7
1.66844635128419E+018,"7 : 0.82691836, 3 : 0.034827232, 3 : 0.019987611",7
1.66692127217598E+018,"3 : 0.6422067, 3 : 0.093239844, 3 : 0.055856396",7
1.66632194534136E+018,"11 : 0.4717194, 1 : 0.25781694, 2 : 0.050546966",7
1.66520339699282E+018,"7 : 0.7426029, 14 : 0.07729875, 7 : 0.02582523",7
1.66416246598392E+018,"3 : 0.12629585, 2 : 0.04104124, 14 : 0.022839077",7
1.66312911706089E+018,"3 : 0.950988, 3 : 0.03566057, 3 : 0.0023185783",7
1.6618559708105E+018,"13 : 0.22941995, 13 : 0.13219227, 1 : 0.100530855",7
1.66045568980515E+018,"3 : 0.7442363, 6 : 0.035636164, 3 : 0.021946775",7
1.66041082670753E+018,"3 : 0.86302066, 3 : 0.03628736, 3 : 0.029541012",7
1.65906158498462E+018,"3 : 0.81841516, 12 : 0.02553346, 13 : 0.013842237",7
1.65808140118004E+018,"3 : 0.599379, 3 : 0.110927165, 3 : 0.045243543",7
1.65745652432468E+018,"2 : 0.76895493, 2 : 0.012521405, 7 : 0.010899383",7
1.65609571612407E+018,"3 : 0.91314995, 3 : 0.009886168, 3 : 0.009688653",7
1.65589686313768E+018,"7 : 0.14825763, 7 : 0.09299077, 4 : 0.09075296",7
1.65511762931831E+018,"3 : 0.69671196, 3 : 0.10380487, 3 : 0.015114781",7
1.65445610640296E+018,"3 : 0.5976049, 3 : 0.08838625, 3 : 0.067004405",7
1.65403736288573E+018,"3 : 0.37221718, 3 : 0.2474716, 3 : 0.03200702",7
1.65403213848565E+018,"3 : 0.8168887, 1 : 0.013705115, 13 : 0.011491277",7
1.65316780623174E+018,"14 : 0.06959635, 4 : 0.054921653, 7 : 0.047980417",7
1.65231943152505E+018,"3 : 0.95825243, 3 : 0.014037946, 3 : 0.002099703",7
1.65136667186656E+018,"3 : 0.33794495, 12 : 0.10556621, 7 : 0.06964789",7
1.64948047875427E+018,"3 : 0.98265094, 3 : 0.00096937927, 3 : 0.0008179329",7
1.64918811246047E+018,"3 : 0.9871475, 3 : 0.0017166013, 3 : 0.0006649524",7
1.64918548529121E+018,"3 : 0.96526897, 3 : 0.0027269146, 3 : 0.0023796598",7
1.64918110212609E+018,"3 : 0.75204664, 3 : 0.04763418, 3 : 0.030616958",7
1.648678095036E+018,"3 : 0.4476038, 3 : 0.10818401, 7 : 0.0413085",7
1.64804986489219E+018,"12 : 0.94997984, 3 : 0.0056931204, 3 : 0.005508605",7
1.64643207472051E+018,"3 : 0.90969914, 7 : 0.043721516, 7 : 0.008424345",7
1.64611808159064E+018,"14 : 0.24905743, 7 : 0.21363486, 7 : 0.10151275",7
1.64501534981873E+018,"10 : 0.10239094, 14 : 0.04993461, 13 : 0.042034745",7
1.64425024077132E+018,"3 : 0.61237943, 7 : 0.09782137, 3 : 0.03185751",7
1.64276777611046E+018,"3 : 0.2301514, 3 : 0.048819263, 7 : 0.046898212",7
1.64190749793571E+018,"13 : 0.119164474, 9 : 0.11706442, 3 : 0.05713707",7
1.64082855501717E+018,"7 : 0.20613162, 4 : 0.1185497, 7 : 0.05442612",7
1.64026774963477E+018,"12 : 0.37082452, 12 : 0.12362744, 3 : 0.10145695",7
1.64014642221172E+018,"3 : 0.46540806, 3 : 0.06565475, 3 : 0.06272941",7
1.63975280391068E+018,"3 : 0.5403587, 12 : 0.1203803, 3 : 0.052019164",7
1.63921813781803E+018,"3 : 0.30999458, 7 : 0.117776245, 3 : 0.08454675",7
1.63907982635672E+018,"3 : 0.9498514, 3 : 0.021034129, 3 : 0.008343265",7
1.63812905768584E+018,"2 : 0.76383245, 2 : 0.013736257, 7 : 0.011365007",7
1.6378403323582E+018,"11 : 0.33972868, 1 : 0.27799642, 11 : 0.074906535",7
1.63704315331942E+018,"2 : 0.4122355, 4 : 0.042804614, 7 : 0.036799815",7
1.63545751160709E+018,"3 : 0.6803084, 3 : 0.07872288, 3 : 0.029500365",7
1.63412181125586E+018,"3 : 0.51287174, 3 : 0.14376184, 3 : 0.013871315",7
1.63223363281698E+018,"12 : 0.38508576, 12 : 0.13610005, 12 : 0.10113547",7
1.63082226146735E+018,"3 : 0.2916332, 4 : 0.19087753, 7 : 0.097606845",7
1.63057580694984E+018,"3 : 0.97297704, 3 : 0.009498001, 3 : 0.0019564591",7
1.62891529273317E+018,"3 : 0.2924933, 3 : 0.21449724, 3 : 0.07744231",7
1.627157811593E+018,"7 : 0.39449093, 3 : 0.19142461, 2 : 0.035866864",7
1.62604921309917E+018,"2 : 0.4036155, 7 : 0.18431598, 2 : 0.089393236",7
1.62494566597926E+018,"3 : 0.43428943, 3 : 0.20070167, 3 : 0.060484678",7
1.62346818858951E+018,"3 : 0.77763265, 3 : 0.093392566, 7 : 0.032151386",7
1.62250322723184E+018,"3 : 0.30395502, 3 : 0.2482271, 3 : 0.0879097",7
1.62043661767462E+018,"7 : 0.10395255, 7 : 0.038794085, 8 : 0.038470645",7
1.61997973495152E+018,"3 : 0.3813722, 3 : 0.069434464, 3 : 0.046551943",7
1.61920230598138E+018,"2 : 0.12196935, 7 : 0.10816763, 2 : 0.07115244",7
1.99609781871634E+018,"11 : 0.2985901, 2 : 0.2736225, 11 : 0.18382396",7
1.99221910763812E+018,"1 : 0.5496018, 1 : 0.25361723, 11 : 0.020303419",7
1.99139850467881E+018,"7 : 0.112854056, 7 : 0.08941332, 13 : 0.0877916",7
1.9913970859888E+018,"7 : 0.18923768, 13 : 0.15284678, 13 : 0.13537459",7
1.99065258315402E+018,"4 : 0.879255, 1 : 0.037914127, 1 : 0.015735386",7
1.98854973045571E+018,"1 : 0.92650235, 1 : 0.0092320535, 11 : 0.0071890354",7
1.98779810919202E+018,"7 : 0.14106245, 9 : 0.12081797, 3 : 0.09408434",7
1.98650506999595E+018,"3 : 0.9379733, 3 : 0.03525421, 3 : 0.01952888",7
1.98649075034004E+018,"2 : 0.19747758, 1 : 0.19574113, 11 : 0.17664447",7
1.98641411413908E+018,"2 : 0.62750894, 1 : 0.06459203, 1 : 0.06433883",7
1.98626873219592E+018,"13 : 0.3108259, 13 : 0.14948185, 13 : 0.13440491",7
1.98586526736375E+018,"2 : 0.44284743, 11 : 0.21332242, 11 : 0.19418134",7
1.98581536522273E+018,"2 : 0.40026048, 2 : 0.38402438, 7 : 0.040995445",7
1.98557038957436E+018,"13 : 0.4037257, 13 : 0.11419416, 1 : 0.08006213",7
1.98493566570772E+018,"1 : 0.8698693, 1 : 0.011052204, 1 : 0.0037206665",7
1.98001465642223E+018,"7 : 0.12807606, 7 : 0.11967673, 7 : 0.0802589",7
1.97784207710455E+018,"7 : 0.86056757, 2 : 0.014714735, 2 : 0.009886475",7
1.97716246135885E+018,"13 : 0.3811916, 11 : 0.15059507, 2 : 0.06922",7
1.97506246106574E+018,"1 : 0.6368164, 11 : 0.05224075, 1 : 0.049439963",7
1.97136851970712E+018,"1 : 0.89901227, 1 : 0.014657718, 1 : 0.0031926825",7
1.96788180797198E+018,"3 : 0.40280062, 2 : 0.14106505, 3 : 0.044434637",7
1.96391393966404E+018,"7 : 0.34305894, 7 : 0.04900051, 7 : 0.03665166",7
1.95870825129589E+018,"7 : 0.2138882, 7 : 0.07791691, 7 : 0.056077413",7
1.95441321210911E+018,"4 : 0.612287, 7 : 0.06285875, 7 : 0.041759264",7
1.94965806314139E+018,"11 : 0.9036442, 2 : 0.017741907, 11 : 0.0059145163",7
1.94874579142777E+018,"2 : 0.3577007, 11 : 0.20355831, 11 : 0.08828693",7
1.94815028120151E+018,"1 : 0.3314138, 2 : 0.12667356, 11 : 0.087924644",7
1.94650841845107E+018,"1 : 0.37145853, 11 : 0.17731218, 7 : 0.08479307",7
1.94514807532035E+018,"1 : 0.54958177, 1 : 0.20976493, 1 : 0.06983797",7
1.94172850130641E+018,"1 : 0.9688464, 12 : 0.0025337336, 11 : 0.0019038676",7
1.93733190007693E+018,"10 : 0.7575773, 9 : 0.04129275, 7 : 0.016723111",7
1.9369563872509E+018,"1 : 0.28410703, 1 : 0.177488, 2 : 0.09103858",7
1.93496823996894E+018,"7 : 0.53849876, 7 : 0.21336554, 7 : 0.03815459",7
1.93481661892436E+018,"11 : 0.12058136, 7 : 0.119076684, 12 : 0.118146025",7
1.92994303002856E+018,"10 : 0.16956428, 10 : 0.10966184, 8 : 0.10482275",7
1.92932149090842E+018,"1 : 0.4895922, 11 : 0.11574558, 1 : 0.023143023",7
1.92790014847087E+018,"1 : 0.16977274, 4 : 0.10485062, 9 : 0.08699923",7
1.92614095181903E+018,"2 : 0.177695, 11 : 0.10443256, 13 : 0.042608466",7
1.92563353481266E+018,"5 : 0.70356154, 13 : 0.11477947, 13 : 0.022567796",7
1.92357153967836E+018,"7 : 0.75744027, 7 : 0.029978963, 7 : 0.029641146",7
1.92045325311246E+018,"1 : 0.651145, 1 : 0.2629, 1 : 0.0045691007",7
1.91823464983904E+018,"1 : 0.26080737, 2 : 0.16721073, 11 : 0.12503976",7
1.91489505401284E+018,"11 : 0.34199238, 11 : 0.30760607, 9 : 0.048380792",7
1.91406833291128E+018,"12 : 0.2541764, 12 : 0.13551034, 3 : 0.12704985",7
1.91334395774657E+018,"9 : 0.23070487, 2 : 0.14075853, 11 : 0.10011982",7
1.91322555121079E+018,"11 : 0.25336775, 13 : 0.18274437, 11 : 0.1508833",7
1.91312823684012E+018,"13 : 0.22478361, 7 : 0.070017815, 2 : 0.0502543",7
1.91310073632391E+018,"13 : 0.22104113, 13 : 0.13281763, 7 : 0.08414439",7
1.91300620971395E+018,"7 : 0.7841531, 7 : 0.041959643, 14 : 0.034694444",7
1.91281443911395E+018,"2 : 0.68893504, 9 : 0.033205193, 13 : 0.028197173",7
1.91275475452023E+018,"11 : 0.3027898, 1 : 0.17937906, 2 : 0.09656455",7
1.9127471903363E+018,"7 : 0.21806559, 12 : 0.07526255, 12 : 0.063002646",7
1.9127367804764E+018,"3 : 0.7999963, 2 : 0.05282693, 2 : 0.01924175",7
1.91271579529118E+018,"2 : 0.2073915, 12 : 0.0807261, 7 : 0.07516887",7
1.91270476871786E+018,"7 : 0.9446675, 2 : 0.005226174, 7 : 0.0023785408",7
1.91265090899566E+018,"13 : 0.27408645, 2 : 0.07338317, 11 : 0.043439",7
1.9116597233821E+018,"1 : 0.5044059, 11 : 0.04831159, 10 : 0.0383143",7
1.91041632490464E+018,"13 : 0.14925152, 1 : 0.14343129, 13 : 0.1048649",7
1.90908374120689E+018,"2 : 0.45646957, 11 : 0.090411924, 1 : 0.03792827",7
1.9068646359661E+018,"1 : 0.79826844, 1 : 0.050087404, 11 : 0.019291272",7
1.90524710860245E+018,"2 : 0.5011219, 7 : 0.0929694, 7 : 0.0757258",7
1.90392357212626E+018,"2 : 0.44659418, 11 : 0.33768034, 2 : 0.006885145",7
1.90380123812043E+018,"13 : 0.510588, 13 : 0.32273155, 1 : 0.039927423",7
1.90299520476151E+018,"1 : 0.89831567, 1 : 0.011008681, 11 : 0.008700303",7
1.90223401579432E+018,"2 : 0.97299564, 2 : 0.0041014054, 2 : 0.0022873653",7
1.90008300555035E+018,"11 : 0.7874592, 2 : 0.12174007, 1 : 0.011877749",7
1.898641392916E+018,"1 : 0.83201414, 1 : 0.014530531, 11 : 0.010544198",7
1.89774614229923E+018,"3 : 0.65579575, 3 : 0.09451388, 3 : 0.028757377",7
1.89650292681203E+018,"11 : 0.27922803, 1 : 0.21430492, 13 : 0.09156997",7
1.89448589170586E+018,"9 : 0.30967224, 1 : 0.3007515, 9 : 0.059539314",7
1.89144446162579E+018,"2 : 0.53701216, 11 : 0.24372831, 11 : 0.09019256",7
1.8892748005521E+018,"1 : 0.51681244, 1 : 0.10776228, 1 : 0.068284884",7
1.88700064859808E+018,"11 : 0.6049327, 2 : 0.23515557, 1 : 0.03969282",7
1.88585974317305E+018,"2 : 0.6698147, 13 : 0.021394469, 12 : 0.016970709",7
1.88492688602396E+018,"13 : 0.3234617, 7 : 0.11711359, 13 : 0.041321676",7
1.88360839403748E+018,"11 : 0.12879935, 7 : 0.10323373, 1 : 0.074854374",7
1.87990780940534E+018,"13 : 0.2795269, 11 : 0.20298192, 13 : 0.1368602",7
1.87774523469275E+018,"1 : 0.5200335, 2 : 0.09722192, 1 : 0.09225276",7
1.87467432008994E+018,"1 : 0.37383488, 1 : 0.15212114, 13 : 0.10015385",7
1.87271891829481E+018,"11 : 0.35178408, 1 : 0.25182626, 2 : 0.070656",7
1.86954972623258E+018,"2 : 0.73338276, 1 : 0.026354458, 11 : 0.017563047",7
1.86453258993235E+018,"1 : 0.37604514, 1 : 0.24029171, 2 : 0.05953687",7
1.86184589068192E+018,"6 : 0.1841535, 11 : 0.16054413, 3 : 0.03297593",7
1.85862903370151E+018,"1 : 0.77623016, 13 : 0.0624796, 11 : 0.04653023",7
1.85448022613248E+018,"2 : 0.46707344, 11 : 0.10777434, 3 : 0.060945373",7
1.85314967119298E+018,"1 : 0.4299292, 9 : 0.18439445, 2 : 0.087762065",7
1.84934859233714E+018,"11 : 0.2014376, 1 : 0.1436798, 13 : 0.12847453",7
1.84594228051752E+018,"9 : 0.5626683, 13 : 0.16408089, 13 : 0.09192524",7
1.84369684051701E+018,"1 : 0.7139468, 2 : 0.076005295, 12 : 0.042796362",7
1.84072819848181E+018,"1 : 0.1833649, 13 : 0.16298728, 11 : 0.09064707",7
1.83656956555298E+018,"2 : 0.5694997, 1 : 0.12978488, 11 : 0.045910448",7
1.83048404996195E+018,"11 : 0.76896495, 11 : 0.08876683, 2 : 0.021090867",7
1.82491651601063E+018,"1 : 0.52596027, 11 : 0.047770355, 2 : 0.035150748",7
1.82199270079104E+018,"1 : 0.3081757, 13 : 0.24772523, 13 : 0.0824147",7
1.81807046899567E+018,"12 : 0.2598966, 13 : 0.16316152, 10 : 0.027742099",7
1.81615497106056E+018,"11 : 0.5728287, 2 : 0.16648261, 11 : 0.07169186",7
1.81533909824971E+018,"13 : 0.6397509, 13 : 0.1367206, 1 : 0.06466615",7
1.81372226614052E+018,"1 : 0.91811365, 1 : 0.01733558, 1 : 0.005206674",7
1.80950084490969E+018,"1 : 0.5076994, 11 : 0.08455953, 11 : 0.061738294",7
1.80756689014788E+018,"14 : 0.5230494, 7 : 0.25393248, 7 : 0.09856134",7
1.80461628198356E+018,"3 : 0.9948866, 12 : 0.00050951715, 2 : 0.0004292384",7
1.80208448988125E+018,"11 : 0.5687773, 11 : 0.11101741, 1 : 0.07849823",7
1.79955137241866E+018,"1 : 0.6205721, 1 : 0.19029234, 9 : 0.023611091",7
1.79872391462162E+018,"7 : 0.100122355, 7 : 0.059484534, 9 : 0.045221675",7
1.79812421346348E+018,"3 : 0.34678116, 11 : 0.15336019, 1 : 0.10183633",7
1.79442329294393E+018,"13 : 0.50282496, 13 : 0.1627818, 1 : 0.15404472",7
1.79429249221496E+018,"7 : 0.2045523, 7 : 0.1724172, 13 : 0.051342532",7
1.79293512138579E+018,"7 : 0.06146522, 9 : 0.055576295, 11 : 0.048359305",7
1.79155769885081E+018,"10 : 0.36434788, 7 : 0.12774728, 7 : 0.11635084",7
1.79087648760026E+018,"2 : 0.5423882, 13 : 0.08475486, 13 : 0.05897453",7
1.78933344581603E+018,"9 : 0.09115677, 8 : 0.08181034, 11 : 0.055712845",7
1.78878644314384E+018,"7 : 0.47906333, 3 : 0.094552435, 3 : 0.023939395",7
1.78862277720582E+018,"1 : 0.80118185, 11 : 0.010598343, 1 : 0.0038788836",7
1.7885780563116E+018,"1 : 0.25703606, 11 : 0.18662484, 13 : 0.14861861",7
1.78790824412534E+018,"11 : 0.26975206, 2 : 0.14605094, 1 : 0.12734064",7
1.7872758881955E+018,"11 : 0.4623489, 11 : 0.20487887, 11 : 0.06747475",7
1.785814901492E+018,"9 : 0.09534983, 7 : 0.04708786, 2 : 0.030755566",7
1.78452431190456E+018,"1 : 0.789543, 1 : 0.021680783, 11 : 0.0066192155",7
1.7834406145551E+018,"2 : 0.36616534, 6 : 0.07723079, 7 : 0.06592787",7
1.78218851468402E+018,"7 : 0.064040594, 2 : 0.053461194, 10 : 0.02500856",7
1.77931601654983E+018,"9 : 0.20474334, 2 : 0.15064706, 4 : 0.078145005",7
1.7789273878937E+018,"2 : 0.8167631, 2 : 0.018254785, 3 : 0.011960568",7
1.778860238747E+018,"7 : 0.9657318, 12 : 0.009371773, 7 : 0.0017931911",7
1.77848522882696E+018,"11 : 0.14836688, 11 : 0.10450513, 2 : 0.07423504",7
1.77824829002054E+018,"13 : 0.20989059, 12 : 0.17792207, 13 : 0.11881935",7
1.77820669165159E+018,"3 : 0.9220814, 7 : 0.0061456263, 2 : 0.004571787",7
1.77776221847865E+018,"10 : 0.4866756, 10 : 0.23957491, 10 : 0.018894618",7
1.77692473167531E+018,"12 : 0.7834031, 12 : 0.14138716, 2 : 0.0031060136",7
1.77427339304077E+018,"13 : 0.13706361, 7 : 0.12597236, 7 : 0.08697413",7
1.77319604827424E+018,"7 : 0.97063196, 2 : 0.0061589275, 7 : 0.0039471863",7
1.77256560988202E+018,"2 : 0.27365905, 7 : 0.2083977, 2 : 0.19455947",7
1.77253339169526E+018,"7 : 0.5387899, 7 : 0.13381831, 10 : 0.017775964",7
1.77138366669882E+018,"1 : 0.12952305, 9 : 0.07936871, 12 : 0.04923833",7
1.7710679141508E+018,"11 : 0.40396932, 1 : 0.16937794, 2 : 0.13015267",7
1.76974196017778E+018,"6 : 0.09380283, 5 : 0.08921506, 5 : 0.042368546",7
1.76965612540771E+018,"2 : 0.59606993, 1 : 0.082472354, 1 : 0.04433565",7
1.76842903197932E+018,"13 : 0.5396906, 13 : 0.15688229, 1 : 0.11602698",7
1.7681867593921E+018,"13 : 0.26374516, 11 : 0.11371006, 1 : 0.10378925",7
1.76752036742471E+018,"1 : 0.3456765, 1 : 0.21725383, 1 : 0.018236052",7
1.7666944739866E+018,"7 : 0.4043178, 13 : 0.10635966, 1 : 0.040398132",7
1.76592931199014E+018,"6 : 0.28443548, 6 : 0.23792653, 6 : 0.08142032",7
1.76398693015095E+018,"2 : 0.56663793, 13 : 0.07834304, 9 : 0.05900126",7
1.76317507092925E+018,"11 : 0.27599913, 1 : 0.13440774, 11 : 0.1292289",7
1.76247232951315E+018,"1 : 0.69641393, 1 : 0.14082713, 1 : 0.010205366",7
1.76225781542407E+018,"3 : 0.59944797, 3 : 0.2493869, 3 : 0.025835888",7
1.76121496815733E+018,"1 : 0.43928978, 11 : 0.32545567, 11 : 0.01285939",7
1.75877585201035E+018,"13 : 0.48175412, 7 : 0.045189224, 7 : 0.025790842",7
1.75874443221032E+018,"3 : 0.1674602, 2 : 0.07867819, 12 : 0.07016264",7
1.75804929405173E+018,"12 : 0.08903238, 2 : 0.071985334, 2 : 0.0623346",7
1.75738060643331E+018,"11 : 0.6273983, 2 : 0.22977033, 11 : 0.02924388",7
1.75675733315912E+018,"11 : 0.58722144, 13 : 0.03656659, 1 : 0.035252847",7
1.75648613842149E+018,"3 : 0.13773707, 7 : 0.07231761, 7 : 0.051946413",7
1.7561312460375E+018,"11 : 0.32670817, 2 : 0.1575268, 1 : 0.079469055",7
1.75581432058685E+018,"13 : 0.69103026, 2 : 0.05074698, 2 : 0.008581974",7
1.75464811575059E+018,"1 : 0.6303018, 1 : 0.09543398, 11 : 0.04584004",7
1.75371118774263E+018,"12 : 0.32815343, 13 : 0.13950697, 13 : 0.09928711",7
1.75313550393407E+018,"2 : 0.1592542, 2 : 0.06373592, 12 : 0.06115329",7
1.75257078184338E+018,"13 : 0.85766685, 13 : 0.08835981, 13 : 0.018389808",7
1.75242986433701E+018,"1 : 0.31478286, 4 : 0.18751988, 2 : 0.06277569",7
1.75230563804375E+018,"1 : 0.7203732, 1 : 0.035993624, 11 : 0.026979096",7
1.75221527194923E+018,"1 : 0.784179, 1 : 0.069665685, 1 : 0.032096848",7
1.75079660353255E+018,"9 : 0.9143129, 2 : 0.00937618, 12 : 0.008907532",7
1.74950032617355E+018,"1 : 0.6045532, 2 : 0.08881485, 11 : 0.07083227",7
1.74873285336799E+018,"3 : 0.9019855, 7 : 0.00829797, 2 : 0.004859637",7
1.74868737305329E+018,"4 : 0.72759753, 2 : 0.025788082, 1 : 0.019990938",7
1.74697003459151E+018,"1 : 0.91879976, 1 : 0.010561955, 9 : 0.0034756765",7
1.74601871091194E+018,"1 : 0.693223, 11 : 0.07840711, 11 : 0.039753247",7
1.74438458652667E+018,"1 : 0.3871206, 1 : 0.080786765, 7 : 0.06646723",7
1.74300747695919E+018,"8 : 0.09197357, 7 : 0.071929604, 13 : 0.05038246",7
1.74297069792136E+018,"7 : 0.18269864, 13 : 0.03798498, 2 : 0.030802358",7
1.74245649012741E+018,"7 : 0.5726096, 7 : 0.0751407, 14 : 0.029103762",7
1.74241049228552E+018,"7 : 0.7298277, 7 : 0.090707555, 7 : 0.041762095",7
1.74226812303542E+018,"13 : 0.2216343, 7 : 0.0861897, 7 : 0.06476038",7
1.74050810671633E+018,"11 : 0.41240695, 2 : 0.1567156, 11 : 0.09708465",7
1.73914587637784E+018,"13 : 0.47229782, 3 : 0.119300336, 9 : 0.03897884",7
1.73785686179942E+018,"11 : 0.1800652, 2 : 0.13529454, 11 : 0.12737764",7
1.73776258536299E+018,"2 : 0.59329283, 11 : 0.10935385, 1 : 0.057434116",7
1.73707746029151E+018,"6 : 0.57317746, 6 : 0.15512866, 6 : 0.09528641",7
1.73426892097161E+018,"8 : 0.4485474, 10 : 0.22930804, 13 : 0.068629056",7
1.73287331451003E+018,"8 : 0.7698559, 10 : 0.023291575, 8 : 0.011841982",7
1.73275599831648E+018,"7 : 0.2790527, 7 : 0.18074062, 11 : 0.072006285",7
1.73054270475476E+018,"11 : 0.38807502, 3 : 0.08803391, 11 : 0.071212634",7
1.72992514560012E+018,"6 : 0.57968545, 3 : 0.11681726, 6 : 0.051478844",7
1.72933389902673E+018,"8 : 0.9149799, 8 : 0.028592862, 10 : 0.004887733",7
1.72694766771781E+018,"1 : 0.14739844, 13 : 0.12051008, 7 : 0.04489208",7
1.72677298069409E+018,"13 : 0.53598666, 13 : 0.2687744, 1 : 0.06567352",7
1.72642689631578E+018,"4 : 0.98350465, 7 : 0.003466811, 13 : 0.0017733998",7
1.72554686604815E+018,"1 : 0.2907519, 8 : 0.18462783, 1 : 0.1342059",7
1.72541758200336E+018,"1 : 0.26593858, 11 : 0.14624543, 11 : 0.08307748",7
1.72527544076532E+018,"4 : 0.30643925, 1 : 0.25194627, 1 : 0.11043823",7
1.72509674633685E+018,"11 : 0.4635134, 7 : 0.12770393, 10 : 0.019385707",7
1.72502785426438E+018,"11 : 0.1415163, 13 : 0.11334505, 1 : 0.09437808",7
1.72502083419921E+018,"11 : 0.20534147, 13 : 0.144808, 11 : 0.067875035",7
1.72485199020095E+018,"12 : 0.18557435, 2 : 0.13268043, 7 : 0.114272356",7
1.72417363923216E+018,"1 : 0.52270013, 11 : 0.026264472, 4 : 0.02098477",7
1.71900066157921E+018,"1 : 0.51402456, 1 : 0.07300357, 2 : 0.021824615",7
1.71772731889281E+018,"11 : 0.3467793, 2 : 0.16440682, 11 : 0.16076437",7
1.71738482307449E+018,"13 : 0.6966523, 13 : 0.22268426, 1 : 0.021257669",7
1.71630399312025E+018,"1 : 0.7743979, 1 : 0.023279497, 1 : 0.008221973",7
1.71369476105436E+018,"13 : 0.7357939, 13 : 0.01665944, 2 : 0.0088442275",7
1.71301175154757E+018,"11 : 0.47477347, 11 : 0.16656615, 13 : 0.07218662",7
1.71253618775296E+018,"7 : 0.18029308, 1 : 0.16714066, 7 : 0.096672",7
1.7117283046243E+018,"13 : 0.084380925, 11 : 0.031849764, 2 : 0.026773335",7
1.71030754606727E+018,"1 : 0.95186085, 11 : 0.003955069, 1 : 0.0024779923",7
1.70757166602617E+018,"13 : 0.29283312, 11 : 0.13048236, 11 : 0.11934574",7
1.70667191237291E+018,"9 : 0.2744721, 11 : 0.25042716, 9 : 0.018345105",7
1.70526379622803E+018,"1 : 0.49633455, 1 : 0.1949768, 11 : 0.015158129",7
1.70233883272808E+018,"3 : 0.4250108, 7 : 0.24029386, 7 : 0.051648736",7
1.69736431543625E+018,"1 : 0.67500615, 11 : 0.06624934, 11 : 0.032880343",7
1.69649330198346E+018,"1 : 0.93370944, 1 : 0.020507334, 11 : 0.0014134104",7
1.69590252374691E+018,"7 : 0.9001288, 7 : 0.071061105, 7 : 0.0038600948",7
1.69589244966626E+018,"11 : 0.29545325, 1 : 0.22235394, 1 : 0.05866439",7
1.69279258092598E+018,"1 : 0.5965603, 1 : 0.023928393, 11 : 0.0069381283",7
1.69005518697633E+018,"9 : 0.97153765, 9 : 0.0028592995, 11 : 0.0008736449",7
1.68779565918319E+018,"5 : 0.72836554, 5 : 0.11628791, 3 : 0.020556731",7
1.68697728734955E+018,"13 : 0.53924245, 13 : 0.11662503, 13 : 0.0749419",7
1.68547869086539E+018,"1 : 0.7078691, 1 : 0.1798865, 11 : 0.02973292",7
1.68435489468732E+018,"1 : 0.9148853, 1 : 0.0044457256, 11 : 0.0023947854",7
1.68203923030343E+018,"11 : 0.4160504, 13 : 0.14946963, 1 : 0.100034334",7
1.68129988049009E+018,"1 : 0.64876044, 11 : 0.11390504, 2 : 0.05485269",7
1.67900011190755E+018,"11 : 0.49596798, 11 : 0.14725523, 1 : 0.09563598",7
1.67864385636483E+018,"11 : 0.16193525, 11 : 0.1388647, 2 : 0.11283463",7
1.67493073113342E+018,"1 : 0.4479061, 11 : 0.1043523, 11 : 0.074476264",7
1.67389568018727E+018,"7 : 0.38446006, 7 : 0.098946065, 3 : 0.070271745",7
1.67185477846615E+018,"1 : 0.75646156, 11 : 0.037313398, 1 : 0.02976125",7
1.66917079639571E+018,"1 : 0.39825356, 11 : 0.24382636, 11 : 0.118702866",7
1.66774207301592E+018,"9 : 0.6104486, 2 : 0.1486208, 2 : 0.09508384",7
1.66668638868502E+018,"3 : 0.9869251, 3 : 0.00061847334, 2 : 0.00041121035",7
1.66606863235622E+018,"12 : 0.62762445, 7 : 0.018509192, 5 : 0.016626444",7
1.6659401701882E+018,"1 : 0.65754557, 4 : 0.027724694, 13 : 0.019849254",7
1.6630824522161E+018,"2 : 0.09469171, 3 : 0.07587841, 10 : 0.06690623",7
1.66181676499176E+018,"2 : 0.37867907, 7 : 0.13075696, 7 : 0.07322241",7
1.66044565203782E+018,"7 : 0.3685372, 9 : 0.111518025, 13 : 0.032315757",7
1.65957517499283E+018,"7 : 0.49174228, 8 : 0.29101083, 13 : 0.1253697",7
1.65943422323443E+018,"12 : 0.088665985, 12 : 0.08737359, 13 : 0.037566803",7
1.65891948998471E+018,"2 : 0.77388316, 12 : 0.033366088, 10 : 0.028131586",7
1.65882175131113E+018,"1 : 0.5983155, 1 : 0.22812732, 1 : 0.0051551266",7
1.6583204734547E+018,"8 : 0.87489873, 7 : 0.041340634, 3 : 0.03406768",7
1.65798524432886E+018,"7 : 0.31562576, 2 : 0.25701436, 3 : 0.11963464",7
1.65728500745702E+018,"7 : 0.4731294, 7 : 0.107597575, 7 : 0.06577521",7
1.6559501751755E+018,"8 : 0.73745847, 13 : 0.013800149, 13 : 0.007731631",7
1.65382807147908E+018,"2 : 0.5420101, 7 : 0.1898884, 3 : 0.03301486",7
1.6532658432302E+018,"2 : 0.5220444, 11 : 0.18467635, 1 : 0.0624724",7
1.6514887265491E+018,"11 : 0.4725761, 1 : 0.12248542, 2 : 0.03493397",7
1.65018438500435E+018,"3 : 0.19050255, 4 : 0.1831473, 7 : 0.13444893",7
1.64844533083391E+018,"11 : 0.96658593, 2 : 0.0034212295, 10 : 0.0009734073",7
1.64661863873081E+018,"6 : 0.09870229, 13 : 0.087563425, 6 : 0.04290035",7
1.64598294660117E+018,"13 : 0.8767334, 13 : 0.03536637, 13 : 0.01968603",7
1.64448884853676E+018,"7 : 0.6331772, 7 : 0.12951766, 7 : 0.10763597",7
1.64440485152557E+018,"14 : 0.49681494, 13 : 0.06735773, 8 : 0.060778573",7
1.6441251821114E+018,"1 : 0.8948822, 11 : 0.035739344, 11 : 0.017161045",7
1.64339682051144E+018,"2 : 0.21342608, 7 : 0.11528647, 2 : 0.0643404",7
1.64199773342148E+018,"3 : 0.30095524, 12 : 0.22531834, 12 : 0.0392734",7
1.64138673861242E+018,"13 : 0.2134174, 3 : 0.18388215, 2 : 0.020288518",7
1.64079816633501E+018,"11 : 0.8212552, 12 : 0.015173645, 11 : 0.011551445",7
1.63929744672238E+018,"11 : 0.26127574, 4 : 0.18923558, 1 : 0.05331987",7
1.63875396623217E+018,"1 : 0.5373852, 11 : 0.10766996, 11 : 0.06216647",7
1.63796732833462E+018,"4 : 0.5464146, 7 : 0.036447812, 7 : 0.023413107",7
1.63699789550414E+018,"1 : 0.90470093, 11 : 0.011570413, 1 : 0.00982014",7
1.6365246657384E+018,"7 : 0.48570684, 7 : 0.17461401, 7 : 0.065435864",7
1.63557973552211E+018,"2 : 0.1355925, 2 : 0.08432545, 2 : 0.07351894",7
1.63292636860467E+018,"1 : 0.8154044, 11 : 0.020119112, 1 : 0.013698438",7
1.63129019870827E+018,"11 : 0.6524453, 11 : 0.06303035, 13 : 0.04957707",7
1.63045466868759E+018,"1 : 0.8398701, 11 : 0.041534416, 1 : 0.021395035",7
1.62563701551516E+018,"2 : 0.38735402, 11 : 0.18749383, 11 : 0.09861916",7
1.6239251424662E+018,"1 : 0.8609128, 1 : 0.011785858, 11 : 0.0032154087",7
1.62044458663551E+018,"7 : 0.8660133, 7 : 0.039415475, 7 : 0.028325388",7
1.61890650715475E+018,"13 : 0.27077165, 2 : 0.10283911, 12 : 0.094710514",7
1.61655311394944E+018,"1 : 0.8319093, 11 : 0.1136703, 2 : 0.0043553193",7
1.61610654108593E+018,"13 : 0.52127874, 13 : 0.16065452, 11 : 0.07471617",7
1.61538394040234E+018,"7 : 0.58185804, 7 : 0.22124092, 7 : 0.0376055",7
1.61472942075739E+018,"3 : 0.094190374, 2 : 0.059139308, 7 : 0.057415605",7
1.61408999261787E+018,"1 : 0.08754285, 9 : 0.074335136, 12 : 0.06974071",7
1.61246389873284E+018,"1 : 0.24337871, 2 : 0.22732961, 11 : 0.16175391",7
1.61140707978301E+018,"9 : 0.98533, 2 : 0.012307595, 9 : 0.00069529854",7
1.61019908777623E+018,"7 : 0.33289465, 7 : 0.16540225, 7 : 0.056940563",7
1.60874795029582E+018,"1 : 0.80296785, 1 : 0.040767044, 11 : 0.012636691",7
1.60721241800067E+018,"4 : 0.21759956, 4 : 0.10971629, 7 : 0.047293223",7
1.60601160024116E+018,"13 : 0.66635126, 13 : 0.20814165, 1 : 0.06433235",7
1.60471089758931E+018,"7 : 0.46308985, 10 : 0.09141776, 7 : 0.05444898",7
1.60288036723705E+018,"2 : 0.09150723, 13 : 0.07640015, 9 : 0.067738675",7
1.59926385969098E+018,"2 : 0.33721468, 11 : 0.16602942, 1 : 0.12084388",7
1.59634666916597E+018,"1 : 0.2464537, 2 : 0.14115773, 11 : 0.13637121",7
1.59488914779636E+018,"9 : 0.7647839, 11 : 0.06417411, 1 : 0.038747344",7
1.59378250081028E+018,"1 : 0.223121, 11 : 0.06257559, 12 : 0.057760756",7
1.59210547845209E+018,"3 : 0.82775676, 13 : 0.036056362, 2 : 0.009473734",7
1.59071028320509E+018,"6 : 0.77254933, 6 : 0.10612837, 6 : 0.020858333",7
1.58868046390381E+018,"2 : 0.4697272, 2 : 0.2432806, 1 : 0.0292664",7
1.58348908692796E+018,"11 : 0.14974296, 7 : 0.05902522, 7 : 0.032780156",7
1.57850047348873E+018,"2 : 0.46292585, 2 : 0.05122451, 3 : 0.047368106",7
1.57538356330876E+018,"1 : 0.8420285, 11 : 0.0074602435, 11 : 0.0046405713",7
1.57172649601458E+018,"1 : 0.7542591, 1 : 0.01639356, 1 : 0.0073390445",7
1.57046212693309E+018,"13 : 0.2530079, 1 : 0.10763592, 2 : 0.048050847",7
1.57022358656407E+018,"1 : 0.2582108, 2 : 0.09815248, 1 : 0.05954282",7
1.56889577629247E+018,"1 : 0.7203395, 1 : 0.02424318, 1 : 0.009954654",7
1.56545002625457E+018,"1 : 0.70167446, 1 : 0.02392689, 1 : 0.010663777",7
1.56480660124813E+018,"1 : 0.85286313, 1 : 0.014230431, 1 : 0.006539577",7
1.56333005201432E+018,"7 : 0.36024427, 2 : 0.07719481, 7 : 0.032109797",7
1.56329672548542E+018,"11 : 0.23239842, 1 : 0.14199194, 11 : 0.074885815",7
1.56160372407674E+018,"9 : 0.73967606, 4 : 0.0982819, 1 : 0.067412466",7
1.56032890305025E+018,"1 : 0.9232607, 1 : 0.004075076, 2 : 0.00092894974",7
1.56023801580405E+018,"4 : 0.13464399, 3 : 0.0929304, 12 : 0.07023524",7
1.55744340323438E+018,"1 : 0.76337683, 11 : 0.025116961, 1 : 0.021038279",7
1.55446935917831E+018,"1 : 0.8934646, 1 : 0.05923287, 11 : 0.0026554228",7
1.55077565831289E+018,"7 : 0.3673352, 3 : 0.11569463, 2 : 0.074255034",7
1.5492989221653E+018,"1 : 0.37009412, 11 : 0.11753572, 1 : 0.07628217",7
1.5491839351791E+018,"2 : 0.4270231, 7 : 0.02951816, 2 : 0.028577993",7
1.5463253980008E+018,"13 : 0.31275916, 7 : 0.0484543, 3 : 0.03096645",7
1.54560257172471E+018,"7 : 0.399082, 2 : 0.15207274, 12 : 0.12779494",7
1.54499372377835E+018,"1 : 0.8486572, 1 : 0.009438642, 11 : 0.0073665",7
1.54443194424556E+018,"3 : 0.75149506, 7 : 0.04687751, 12 : 0.03693017",7
1.54293151291559E+018,"13 : 0.380796, 13 : 0.34355462, 13 : 0.04440632",7
1.54081467791834E+018,"1 : 0.28410465, 11 : 0.16076095, 11 : 0.111044705",7
1.54011204941214E+018,"7 : 0.36698002, 7 : 0.2543877, 3 : 0.092693724",7
1.53618740224958E+018,"13 : 0.20202586, 8 : 0.11766647, 3 : 0.02877766",7
1.53475346108136E+018,"11 : 0.52859753, 1 : 0.20327987, 2 : 0.120674856",7
1.53191401610725E+018,"2 : 0.48289946, 13 : 0.041594427, 13 : 0.041543663",7
1.53069711525523E+018,"7 : 0.36828732, 7 : 0.12421278, 3 : 0.094082646",7
1.53065130411145E+018,"1 : 0.64016277, 1 : 0.14227365, 9 : 0.008763416",7
1.53062780495211E+018,"7 : 0.46204978, 3 : 0.06803121, 2 : 0.030410612",7
1.53059751982919E+018,"1 : 0.861326, 1 : 0.0030200053, 1 : 0.0018111134",7
1.52975406062986E+018,"4 : 0.9928189, 1 : 0.00054085493, 1 : 0.00048567416",7
1.52901617119692E+018,"1 : 0.95124596, 12 : 0.013910601, 11 : 0.0017684164",7
1.52765375419449E+018,"9 : 0.57557744, 7 : 0.04431176, 7 : 0.026882684",7
1.52551940022802E+018,"10 : 0.5092551, 2 : 0.18696448, 2 : 0.051847313",7
1.52551737987355E+018,"13 : 0.66349304, 13 : 0.1036146, 1 : 0.032577127",7
1.52388375075979E+018,"2 : 0.13631386, 10 : 0.029043453, 8 : 0.029023254",7
1.52282015477371E+018,"10 : 0.07654596, 10 : 0.057234213, 6 : 0.056952875",7
1.52249186116272E+018,"2 : 0.53164715, 11 : 0.12609898, 11 : 0.03854643",7
1.5224903827125E+018,"11 : 0.88746035, 11 : 0.034551937, 2 : 0.017380634",7
1.5224890643085E+018,"3 : 0.18712959, 2 : 0.15498821, 7 : 0.06768474",7
1.52248685394373E+018,"2 : 0.88091433, 1 : 0.022634001, 11 : 0.02006813",7
1.52245448147516E+018,"1 : 0.9307646, 1 : 0.0064900396, 11 : 0.005041488",7
1.51974897181927E+018,"11 : 0.27913633, 1 : 0.12431884, 3 : 0.11385688",7
1.51911364112294E+018,"1 : 0.23065409, 7 : 0.17171983, 12 : 0.034741063",7
1.51911014309867E+018,"7 : 0.21141453, 3 : 0.13256107, 2 : 0.115023255",7
1.51910421110275E+018,"14 : 0.08680493, 13 : 0.049121972, 7 : 0.03004055",7
1.519029053076E+018,"7 : 0.8513189, 7 : 0.07094125, 7 : 0.006788801",7
1.51883046947491E+018,"4 : 0.83353883, 11 : 0.031614613, 2 : 0.009662761",7
1.51829986346887E+018,"3 : 0.23500563, 11 : 0.08983575, 7 : 0.06442059",7
1.51677841355636E+018,"2 : 0.9451085, 11 : 0.012487186, 11 : 0.008161719",7
1.5159102083404E+018,"11 : 0.28002968, 1 : 0.17292048, 1 : 0.12424275",7
1.51526797558059E+018,"1 : 0.72793067, 11 : 0.018270502, 1 : 0.015866363",7
1.5134152580219E+018,"1 : 0.23778252, 11 : 0.21659598, 11 : 0.08539415",7
1.51254093000284E+018,"11 : 0.5576693, 2 : 0.039712664, 1 : 0.021166788",7
1.5118471414867E+018,"2 : 0.43063384, 2 : 0.4260168, 1 : 0.012764827",7
1.51166479750942E+018,"2 : 0.60340524, 1 : 0.06811587, 11 : 0.031730212",7
1.50930455193583E+018,"11 : 0.10100506, 8 : 0.08774803, 2 : 0.054252632",7
1.50887311187592E+018,"13 : 0.27091312, 3 : 0.15664175, 13 : 0.051855806",7
1.50797913793815E+018,"7 : 0.12542443, 11 : 0.09233759, 2 : 0.08520235",7
1.50577681703785E+018,"4 : 0.12898958, 12 : 0.039165042, 7 : 0.03350438",7
1.50515306229343E+018,"11 : 0.7384918, 12 : 0.024089903, 12 : 0.017676529",7
1.50457326426484E+018,"3 : 0.45675096, 3 : 0.042019885, 2 : 0.026943438",7
1.50447458524283E+018,"7 : 0.25452188, 12 : 0.022044443, 2 : 0.017468313",7
1.50442789681776E+018,"13 : 0.73150396, 1 : 0.036291968, 1 : 0.020753961",7
1.50417447080516E+018,"7 : 0.0690096, 2 : 0.06777582, 7 : 0.022097144",7
1.50286395431344E+018,"9 : 0.31630364, 1 : 0.15493146, 13 : 0.09197704",7
1.5020956960384E+018,"13 : 0.26341507, 12 : 0.12300816, 12 : 0.089712374",7
1.50143699966387E+018,"2 : 0.15961881, 11 : 0.07038055, 3 : 0.06739743",7
1.50079602531183E+018,"7 : 0.13975604, 12 : 0.120924085, 10 : 0.021039253",7
1.50075536585438E+018,"13 : 0.36318853, 3 : 0.12703627, 1 : 0.03750749",7
1.50025773682605E+018,"11 : 0.31476316, 1 : 0.10235689, 13 : 0.0697064",7
1.50003120962173E+018,"9 : 0.41798463, 13 : 0.35784286, 13 : 0.028398987",7
1.49993002912703E+018,"1 : 0.792743, 1 : 0.046519056, 9 : 0.013536306",7
1.49939088730129E+018,"1 : 0.3240272, 1 : 0.17091994, 11 : 0.09093371",7
1.49885139192998E+018,"1 : 0.7382073, 1 : 0.032029357, 11 : 0.0144901285",7
1.49850050499552E+018,"7 : 0.880669, 7 : 0.041230608, 13 : 0.0045812",7
1.49811205848144E+018,"13 : 0.3420302, 1 : 0.2117599, 13 : 0.096069746",7
1.49786049268374E+018,"7 : 0.3066736, 7 : 0.19854358, 3 : 0.097972035",7
1.49734739204314E+018,"7 : 0.75557834, 7 : 0.042584393, 7 : 0.020008912",7
1.49727353976911E+018,"1 : 0.61305916, 11 : 0.06675467, 11 : 0.066226274",7
1.49664140316091E+018,"2 : 0.27990186, 1 : 0.15712531, 13 : 0.0978975",7
1.49574677857771E+018,"2 : 0.15423812, 2 : 0.14863266, 11 : 0.09702202",7
1.49519738356617E+018,"4 : 0.9813473, 1 : 0.006131119, 1 : 0.0035829549",7
1.49486936881805E+018,"1 : 0.67351073, 11 : 0.05723075, 11 : 0.0081962915",7
1.49374996093161E+018,"11 : 0.2996982, 1 : 0.26014948, 11 : 0.18109304",7
1.49344755375936E+018,"13 : 0.5130915, 11 : 0.1541348, 13 : 0.13243163",7
1.4920644231108E+018,"2 : 0.6472202, 2 : 0.3519392, 7 : 0.00020021103",7
1.4913095119846E+018,"1 : 0.38859457, 11 : 0.13434298, 11 : 0.102932654",7
1.49079626502152E+018,"1 : 0.8151321, 1 : 0.019382255, 11 : 0.011221997",7
1.49071489757009E+018,"7 : 0.5329431, 10 : 0.04812669, 10 : 0.041535687",7
1.49043743878229E+018,"2 : 0.35022637, 1 : 0.29589692, 11 : 0.19947915",7
1.48930038186677E+018,"4 : 0.46977034, 1 : 0.23057032, 11 : 0.058089554",7
1.48902808061357E+018,"13 : 0.7185573, 13 : 0.23224807, 13 : 0.02242069",7
1.48870609158701E+018,"1 : 0.72225356, 1 : 0.028052336, 1 : 0.023307893",7
1.4883945706139E+018,"7 : 0.120800376, 10 : 0.09186192, 13 : 0.043776914",7
1.4883798156055E+018,"3 : 0.60429746, 12 : 0.08770998, 1 : 0.026150065",7
1.48830592160733E+018,"11 : 0.15003487, 11 : 0.14044383, 1 : 0.117235824",7
1.4878825468754E+018,"1 : 0.17415859, 4 : 0.15594415, 7 : 0.1415231",7
1.48781998816921E+018,"1 : 0.8600826, 11 : 0.011150482, 1 : 0.004737513",7
1.48774521969159E+018,"7 : 0.61453277, 8 : 0.11144217, 8 : 0.0494445",7
1.48771260623582E+018,"13 : 0.92611295, 13 : 0.03938952, 13 : 0.011140329",7
1.48766838058009E+018,"7 : 0.21662681, 7 : 0.13506818, 7 : 0.0254797",7
1.48763734486055E+018,"11 : 0.093871534, 4 : 0.07806557, 13 : 0.051840413",7
1.48761804355489E+018,"7 : 0.9285483, 3 : 0.01686328, 7 : 0.0020992046",7
1.48759652898962E+018,"12 : 0.6461401, 2 : 0.13747968, 2 : 0.06409999",7
1.48730779639103E+018,"7 : 0.33210164, 2 : 0.13855296, 7 : 0.05675797",7
1.48728582442802E+018,"2 : 0.1911687, 1 : 0.104246035, 9 : 0.10224056",7
1.48721714022624E+018,"2 : 0.14650203, 2 : 0.09747373, 7 : 0.067100294",7
1.48706177930589E+018,"13 : 0.54246336, 2 : 0.12562, 7 : 0.059721295",7
2.20627113931619E+018,"3 : 0.231664, 13 : 0.09221854, 3 : 0.05098465",8
2.20455146570864E+018,"3 : 0.24715276, 3 : 0.15663832, 3 : 0.108643144",8
2.20454174452884E+018,"3 : 0.40056163, 3 : 0.26837456, 12 : 0.17627108",8
2.19749322291414E+018,"3 : 0.50629586, 7 : 0.17468457, 7 : 0.028998943",8
2.19683915074861E+018,"3 : 0.40111163, 3 : 0.18424767, 7 : 0.13445927",8
2.18918383283446E+018,"3 : 0.5124173, 3 : 0.2947373, 3 : 0.025803065",8
2.18868996100446E+018,"3 : 0.93706346, 12 : 0.04702771, 12 : 0.00050540245",8
2.1784920149334E+018,"3 : 0.3971181, 3 : 0.14043917, 3 : 0.06296094",8
2.15305483055437E+018,"13 : 0.8390493, 3 : 0.02631965, 3 : 0.017629711",8
2.15305421995602E+018,"3 : 0.14805615, 3 : 0.13513753, 7 : 0.064707965",8
2.15305274950842E+018,"2 : 0.65951145, 7 : 0.038497936, 3 : 0.02900503",8
2.1497675289881E+018,"7 : 0.1838122, 7 : 0.07760459, 14 : 0.058001637",8
2.14085685416782E+018,"2 : 0.7545539, 2 : 0.08195629, 6 : 0.017686535",8
2.13786376163837E+018,"8 : 0.12162003, 7 : 0.07151517, 2 : 0.061095864",8
2.13345318287409E+018,"2 : 0.9995617, 2 : 0.000112846945, 7 : 6.323213e-05",8
2.12933743457087E+018,"12 : 0.20122476, 7 : 0.12666933, 7 : 0.08388228",8
2.12837866707684E+018,"2 : 0.447458, 2 : 0.38853884, 3 : 0.008375667",8
2.1283591765236E+018,"3 : 0.43311605, 3 : 0.18513185, 3 : 0.07145345",8
2.12720467531394E+018,"3 : 0.9632289, 12 : 0.0018008187, 13 : 0.001095527",8
2.09053264423585E+018,"3 : 0.5625736, 14 : 0.100915276, 3 : 0.08286688",8
2.08854589846379E+018,"2 : 0.84226185, 13 : 0.10923295, 3 : 0.005659644",8
2.08205429292948E+018,"3 : 0.12200817, 3 : 0.085236736, 12 : 0.0732874",8
2.08153290847826E+018,"3 : 0.427277, 3 : 0.21436629, 12 : 0.040378228",8
2.0670527263843E+018,"1 : 0.17105895, 3 : 0.14642076, 13 : 0.02764125",8
2.05654955948574E+018,"2 : 0.12238928, 3 : 0.0882846, 3 : 0.072876245",8
2.03663753518814E+018,"2 : 0.4085848, 3 : 0.076461665, 11 : 0.053096477",8
2.01914196366791E+018,"12 : 0.35332307, 12 : 0.13570686, 7 : 0.0731218",8
2.01770233072124E+018,"2 : 0.5854265, 3 : 0.14824581, 13 : 0.011883026",8
2.01556238287024E+018,"6 : 0.2557217, 3 : 0.22994801, 3 : 0.19412497",8
2.00482170335588E+018,"2 : 0.60090244, 14 : 0.07519841, 2 : 0.027160583",8
2.00163718316917E+018,"4 : 0.10214276, 7 : 0.082184054, 7 : 0.06443397",8
1.98637499108921E+018,"3 : 0.23879877, 2 : 0.06861445, 13 : 0.03505438",8
1.98189286088807E+018,"3 : 0.17731808, 2 : 0.07721119, 2 : 0.0520262",8
1.98095322636439E+018,"7 : 0.101481594, 3 : 0.092903204, 2 : 0.09173315",8
1.98076214982086E+018,"3 : 0.06700123, 3 : 0.062349387, 3 : 0.049204413",8
1.96922022144948E+018,"3 : 0.44640738, 10 : 0.048775047, 3 : 0.046417054",8
1.96697881763095E+018,"9 : 0.5850521, 7 : 0.031197464, 7 : 0.028307691",8
1.94457157417656E+018,"9 : 0.10053585, 8 : 0.08926898, 4 : 0.05310323",8
1.94210123135246E+018,"12 : 0.7465929, 3 : 0.13328001, 11 : 0.018697415",8
1.94026596992378E+018,"3 : 0.55950814, 3 : 0.13117468, 3 : 0.032388132",8
1.93575844274216E+018,"2 : 0.8390749, 7 : 0.015335859, 2 : 0.0065983683",8
1.93302150234746E+018,"7 : 0.7498321, 3 : 0.013961426, 3 : 0.009416785",8
1.93297578348615E+018,"2 : 0.775755, 3 : 0.04948226, 3 : 0.021130387",8
1.92996545765138E+018,"3 : 0.29442737, 3 : 0.17786682, 3 : 0.10177355",8
1.92502532138225E+018,"9 : 0.20469742, 3 : 0.1921147, 8 : 0.08262722",8
1.92040500043122E+018,"3 : 0.18449588, 3 : 0.15960166, 3 : 0.0528336",8
1.91988615038835E+018,"3 : 0.12991521, 12 : 0.07333894, 2 : 0.062329095",8
1.91537193783735E+018,"3 : 0.45420045, 7 : 0.1802714, 7 : 0.061312325",8
1.91474801901073E+018,"3 : 0.2639428, 3 : 0.2561776, 3 : 0.08122226",8
1.91027472616697E+018,"6 : 0.4531205, 6 : 0.065206334, 7 : 0.02692256",8
1.90970665028799E+018,"12 : 0.16868818, 12 : 0.13889931, 3 : 0.12673531",8
1.9035672121048E+018,"3 : 0.7006508, 13 : 0.023682274, 2 : 0.016590405",8
1.89894364265789E+018,"3 : 0.84345967, 12 : 0.01228022, 7 : 0.009832982",8
1.89792824851007E+018,"9 : 0.61353654, 4 : 0.24930511, 7 : 0.008348267",8
1.89381502135418E+018,"3 : 0.94894433, 7 : 0.0074956752, 3 : 0.0035773665",8
1.89095478063426E+018,"3 : 0.30625868, 7 : 0.13914703, 11 : 0.048825826",8
1.88997449282892E+018,"12 : 0.473861, 7 : 0.12295878, 3 : 0.072323635",8
1.88484708852702E+018,"3 : 0.23473683, 3 : 0.05394197, 3 : 0.046869546",8
1.88068525216384E+018,"3 : 0.62269855, 9 : 0.14359279, 8 : 0.03132935",8
1.88004780898183E+018,"3 : 0.7655492, 9 : 0.112518616, 2 : 0.058368266",8
1.87906193618208E+018,"3 : 0.8114319, 3 : 0.15309866, 3 : 0.0022455356",8
1.87905637945075E+018,"12 : 0.5627093, 12 : 0.42014915, 3 : 0.00040528955",8
1.87905581292604E+018,"3 : 0.43962732, 7 : 0.21047893, 7 : 0.033316597",8
1.8783607090853E+018,"3 : 0.87078375, 3 : 0.01606746, 3 : 0.0068191625",8
1.87348610779174E+018,"3 : 0.40788314, 3 : 0.05907605, 3 : 0.05508274",8
1.87131849337176E+018,"2 : 0.79261714, 2 : 0.016218128, 3 : 0.0121254055",8
1.87058830392782E+018,"3 : 0.32140252, 3 : 0.2828431, 3 : 0.08255532",8
1.86984563193201E+018,"3 : 0.565063, 3 : 0.2088324, 3 : 0.054998025",8
1.86927268583583E+018,"3 : 0.9773796, 12 : 0.0018811899, 12 : 0.0016322805",8
1.8645489570723E+018,"3 : 0.2674271, 2 : 0.12113976, 7 : 0.074709915",8
1.86391107088675E+018,"3 : 0.927631, 3 : 0.012407842, 3 : 0.0058541205",8
1.86336847601628E+018,"3 : 0.6356019, 3 : 0.15356444, 3 : 0.023647398",8
1.85961711987886E+018,"3 : 0.18841763, 9 : 0.13604522, 1 : 0.10840555",8
1.84856723957218E+018,"3 : 0.9360354, 3 : 0.009637132, 3 : 0.0019980182",8
1.8384344580788E+018,"3 : 0.32066643, 3 : 0.09627684, 6 : 0.07997059",8
1.82788431840623E+018,"12 : 0.33481625, 3 : 0.0951614, 3 : 0.067223184",8
1.82788162854893E+018,"3 : 0.35627767, 3 : 0.14284164, 3 : 0.06088412",8
1.82719563454321E+018,"3 : 0.5398863, 3 : 0.1438164, 3 : 0.043055452",8
1.82394075423639E+018,"3 : 0.4558896, 3 : 0.20937619, 3 : 0.06461113",8
1.82279358560941E+018,"5 : 0.6963668, 5 : 0.030386273, 3 : 0.017712615",8
1.82057133387843E+018,"3 : 0.6046659, 3 : 0.11058689, 3 : 0.015925271",8
1.81912209753479E+018,"3 : 0.36549464, 3 : 0.06613823, 3 : 0.060039002",8
1.81846953592386E+018,"3 : 0.45749468, 3 : 0.38821107, 2 : 0.037846148",8
1.81770024915655E+018,"3 : 0.62529725, 9 : 0.015616166, 4 : 0.0141917085",8
1.81768803598076E+018,"4 : 0.112370655, 7 : 0.07335331, 2 : 0.07087906",8
1.81701448370733E+018,"3 : 0.70344675, 7 : 0.037186008, 2 : 0.03131377",8
1.81386420684212E+018,"3 : 0.9417446, 3 : 0.007219859, 3 : 0.0016495102",8
1.81163063514644E+018,"3 : 0.41489178, 3 : 0.3963666, 3 : 0.052950967",8
1.81123966463245E+018,"3 : 0.4860722, 3 : 0.15866105, 3 : 0.11185376",8
1.8103999935276E+018,"3 : 0.35205704, 3 : 0.14400788, 3 : 0.085754685",8
1.7986866024546E+018,"7 : 0.15702069, 14 : 0.11400371, 11 : 0.08684325",8
1.79867080892911E+018,"3 : 0.21070732, 3 : 0.08940567, 3 : 0.06154685",8
1.79799658701875E+018,"3 : 0.33205038, 3 : 0.102815665, 3 : 0.0546407",8
1.79791133949288E+018,"2 : 0.5125448, 3 : 0.11534381, 9 : 0.061225317",8
1.7978488017743E+018,"3 : 0.16265231, 9 : 0.10230167, 4 : 0.08802361",8
1.79352444660864E+018,"3 : 0.9898543, 7 : 0.0014707327, 7 : 0.00087229",8
1.78806140453865E+018,"13 : 0.055178564, 3 : 0.049339395, 7 : 0.04705213",8
1.78290248702072E+018,"3 : 0.9606412, 12 : 0.0049080076, 3 : 0.0016119141",8
1.78221827050438E+018,"3 : 0.61816514, 12 : 0.02461506, 3 : 0.018296214",8
1.78214381241435E+018,"3 : 0.52962834, 3 : 0.36362207, 12 : 0.02041424",8
1.77559368635445E+018,"2 : 0.5607705, 3 : 0.14366844, 12 : 0.07802742",8
1.77559012422428E+018,"3 : 0.53842753, 3 : 0.23267135, 3 : 0.012649783",8
1.77431387492785E+018,"3 : 0.8299156, 12 : 0.0680495, 11 : 0.05230848",8
1.77137862503804E+018,"3 : 0.8977828, 13 : 0.005264888, 2 : 0.0046208785",8
1.77055021960559E+018,"3 : 0.15942654, 3 : 0.05631339, 7 : 0.04454223",8
1.76902142426873E+018,"3 : 0.28202838, 3 : 0.08654295, 3 : 0.07794104",8
1.76311559162259E+018,"3 : 0.5323385, 3 : 0.11045826, 3 : 0.028634248",8
1.75805482338591E+018,"3 : 0.5754089, 12 : 0.07533897, 2 : 0.058716305",8
1.75540986301962E+018,"12 : 0.16928665, 3 : 0.15731613, 3 : 0.12778056",8
1.75292113599112E+018,"3 : 0.34334788, 3 : 0.17957385, 3 : 0.10331515",8
1.74862865930796E+018,"3 : 0.9291974, 3 : 0.013730269, 3 : 0.009203388",8
1.74860737649517E+018,"7 : 0.5282011, 7 : 0.14590526, 7 : 0.07685522",8
1.74860058276292E+018,"3 : 0.83687186, 3 : 0.0391071, 3 : 0.018844886",8
1.74694820139438E+018,"7 : 0.12393051, 10 : 0.084393695, 6 : 0.053131778",8
1.74417077467318E+018,"3 : 0.46532327, 3 : 0.05068301, 3 : 0.045399126",8
1.74374388944478E+018,"3 : 0.8050923, 2 : 0.03402218, 3 : 0.02945745",8
1.74280760457434E+018,"3 : 0.8320716, 3 : 0.021616085, 3 : 0.0054591796",8
1.73709005686134E+018,"2 : 0.21546005, 9 : 0.09465115, 8 : 0.060617562",8
1.70205958109339E+018,"3 : 0.96655834, 12 : 0.005526318, 12 : 0.0021077988",8
1.69987315981661E+018,"3 : 0.26548478, 7 : 0.07876221, 3 : 0.061468292",8
1.69643202495467E+018,"3 : 0.25459287, 3 : 0.120379455, 3 : 0.062266193",8
1.67837746739475E+018,"3 : 0.5832657, 3 : 0.08074788, 3 : 0.06494651",8
1.66921766824603E+018,"12 : 0.6585731, 1 : 0.042256273, 11 : 0.03732366",8
1.66850494296663E+018,"2 : 0.27808386, 3 : 0.11206133, 2 : 0.09808797",8
1.66675283046248E+018,"3 : 0.16838348, 13 : 0.09608009, 7 : 0.048864253",8
1.66671368060233E+018,"3 : 0.24008603, 3 : 0.118882895, 3 : 0.067778036",8
1.66616021734143E+018,"3 : 0.7363588, 12 : 0.07320885, 13 : 0.013495477",8
1.66107575734542E+018,"3 : 0.9620028, 7 : 0.0054517384, 13 : 0.002931392",8
1.65664219521194E+018,"3 : 0.77052945, 9 : 0.055527, 12 : 0.0068829143",8
1.6509957604536E+018,"3 : 0.4627742, 3 : 0.27214614, 3 : 0.16470158",8
1.6509475973362E+018,"2 : 0.302253, 3 : 0.27874064, 13 : 0.028663486",8
1.64966157441349E+018,"7 : 0.28343573, 7 : 0.15140234, 2 : 0.12086143",8
1.64650676516811E+018,"5 : 0.1467511, 9 : 0.053248458, 4 : 0.05234831",8
1.63280168381725E+018,"3 : 0.5901257, 3 : 0.18833832, 3 : 0.061431866",8
1.6322536238612E+018,"3 : 0.6726859, 12 : 0.03913299, 12 : 0.027729593",8
1.63221831836591E+018,"3 : 0.31562644, 3 : 0.1911229, 12 : 0.06758251",8
1.63143137841942E+018,"7 : 0.14898962, 13 : 0.08644306, 3 : 0.07638081",8
1.62696363730463E+018,"3 : 0.45902488, 9 : 0.07263974, 4 : 0.056379132",8
1.62572074625489E+018,"4 : 0.6171019, 7 : 0.14338112, 13 : 0.066684924",8
1.62544837278367E+018,"3 : 0.5489773, 7 : 0.17402619, 3 : 0.028078446",8
1.6211763404135E+018,"3 : 0.21559459, 3 : 0.19499335, 3 : 0.079424046",8
1.61593006115567E+018,"3 : 0.9253692, 12 : 0.0041504456, 7 : 0.001836108",8
1.61189009161228E+018,"3 : 0.9743484, 2 : 0.0023005535, 14 : 0.0010473198",8
1.61121609272925E+018,"3 : 0.9807427, 7 : 0.0014472805, 3 : 0.00045832558",8
1.61120883596253E+018,"3 : 0.3762564, 3 : 0.2785947, 3 : 0.028752707",8
1.61117755731801E+018,"3 : 0.5031371, 12 : 0.13588823, 11 : 0.07100224",8
1.61114508641739E+018,"12 : 0.17865556, 12 : 0.096767075, 3 : 0.04879818",8
1.61108993448279E+018,"12 : 0.356693, 12 : 0.14209662, 2 : 0.029431917",8
1.60868636757001E+018,"3 : 0.7320999, 3 : 0.04855656, 3 : 0.033822607",8
1.60605173181159E+018,"3 : 0.7685572, 12 : 0.051934514, 3 : 0.007773535",8
1.59572825434908E+018,"3 : 0.45301184, 3 : 0.0743001, 3 : 0.05161934",8
1.59519314986821E+018,"3 : 0.5240616, 3 : 0.4421555, 2 : 0.0050513805",8
1.59519036062239E+018,"3 : 0.3357211, 2 : 0.1328927, 3 : 0.12110674",8
1.59018883453944E+018,"3 : 0.151659, 3 : 0.14193429, 3 : 0.071986645",8
1.58002623882604E+018,"3 : 0.180877, 3 : 0.14225124, 3 : 0.14157265",8
1.57343505620124E+018,"3 : 0.45345852, 3 : 0.18941681, 3 : 0.08583754",8
1.57267841274431E+018,"3 : 0.41330028, 3 : 0.32724687, 3 : 0.08270902",8
1.5697702071733E+018,"2 : 0.6502435, 12 : 0.1265236, 3 : 0.10086457",8
1.56472262491408E+018,"3 : 0.5954334, 12 : 0.17331794, 12 : 0.028069101",8
1.56454424179421E+018,"3 : 0.501437, 7 : 0.28046048, 2 : 0.045438062",8
1.55528351952036E+018,"3 : 0.40703678, 5 : 0.29568547, 9 : 0.08264617",8
1.54007572512914E+018,"3 : 0.2696022, 3 : 0.04988921, 3 : 0.0308506",8
1.53974765416095E+018,"3 : 0.96854526, 7 : 0.002554248, 3 : 0.0013752031",8
1.53062230842614E+018,"3 : 0.84152514, 7 : 0.06767996, 7 : 0.024512595",8
1.51451610945361E+018,"3 : 0.2874904, 3 : 0.08490415, 3 : 0.043634754",8
1.505351528328E+018,"2 : 0.30428162, 7 : 0.10774996, 2 : 0.061243437",8
1.49735999189901E+018,"3 : 0.12544557, 3 : 0.11704372, 3 : 0.11010938",8
1.49498712327439E+018,"3 : 0.6822928, 3 : 0.08059779, 3 : 0.038087785",8
1.49496469532376E+018,"3 : 0.28939307, 7 : 0.07985953, 3 : 0.07284519",8
1.49491149148347E+018,"3 : 0.6007894, 3 : 0.051602926, 3 : 0.022600047",8
1.48507268949556E+018,"2 : 0.70254344, 3 : 0.083203554, 13 : 0.023379842",8
1.48426219023533E+018,"3 : 0.8854053, 3 : 0.019055653, 6 : 0.015760193",8
1.48214772016381E+018,"3 : 0.63244396, 12 : 0.0245229, 7 : 0.020368477",8
1.48209144218395E+018,"3 : 0.22625136, 3 : 0.15514004, 3 : 0.108602874",8
1.47996498318093E+018,"3 : 0.95239764, 3 : 0.003113267, 3 : 0.0016559409",8
1.47995185291239E+018,"13 : 0.27048385, 9 : 0.05915073, 8 : 0.04432615",8
1.47826758365147E+018,"3 : 0.959943, 12 : 0.0065623126, 4 : 0.0021526855",8
1.47191657548058E+018,"3 : 0.94871926, 4 : 0.0127887605, 2 : 0.0014414082",8
1.46308840948796E+018,"3 : 0.19056083, 3 : 0.16624245, 9 : 0.053210575",8
1.46092771154267E+018,"3 : 0.57412475, 3 : 0.18061349, 3 : 0.020194307",8
1.45971144497926E+018,"13 : 0.15166722, 2 : 0.12376829, 7 : 0.07514877",8
1.45882814748236E+018,"6 : 0.073955745, 13 : 0.043998558, 8 : 0.028383667",8
1.45534072019739E+018,"12 : 0.45554492, 3 : 0.32936165, 12 : 0.057687875",8
1.45319142927418E+018,"3 : 0.88663405, 3 : 0.05728048, 3 : 0.02126528",8
1.45150012978201E+018,"3 : 0.40282023, 3 : 0.07733079, 3 : 0.040587503",8
1.44945896034024E+018,"3 : 0.11064843, 7 : 0.09790626, 13 : 0.09073997",8
1.44880116552152E+018,"3 : 0.58491373, 3 : 0.34159878, 12 : 0.022774944",8
1.4479221984675E+018,"3 : 0.28765985, 3 : 0.08253179, 2 : 0.07651793",8
1.44380246485505E+018,"3 : 0.3525008, 3 : 0.2640469, 3 : 0.22172597",8
1.44064257088664E+018,"6 : 0.5356065, 6 : 0.33515385, 6 : 0.010705476",8
1.43351542519031E+018,"3 : 0.58379704, 3 : 0.14253356, 3 : 0.087061234",8
1.43145148232282E+018,"2 : 0.11037568, 3 : 0.062147457, 2 : 0.053687852",8
1.42854942769841E+018,"3 : 0.17041145, 6 : 0.12224599, 3 : 0.058523215",8
1.42846491990513E+018,"3 : 0.28194594, 7 : 0.092145525, 3 : 0.059047535",8
1.42566098757527E+018,"3 : 0.51614827, 3 : 0.16966909, 3 : 0.03913098",8
1.42565993100493E+018,"9 : 0.40962917, 5 : 0.11428145, 4 : 0.106851734",8
1.41840139891102E+018,"2 : 0.28541183, 12 : 0.13791083, 12 : 0.078289546",8
2.20364765003664E+018,"2 : 0.36329672, 2 : 0.26088703, 3 : 0.16759105",8
2.2030853405547E+018,"2 : 0.08710218, 7 : 0.06326707, 7 : 0.056903206",8
2.20248338262481E+018,"2 : 0.13027118, 3 : 0.105449796, 2 : 0.06988122",8
2.18722418664536E+018,"2 : 0.035104, 2 : 0.019986292, 12 : 0.019570148",8
2.18393931577249E+018,"10 : 0.16957127, 8 : 0.07979087, 2 : 0.044926878",8
2.17837400059702E+018,"9 : 0.2691436, 13 : 0.26696458, 12 : 0.054888226",8
2.1775964060814E+018,"7 : 0.18550865, 7 : 0.07148954, 12 : 0.035102163",8
2.17197744932417E+018,"3 : 0.1461176, 8 : 0.067523025, 13 : 0.052674197",8
2.16976120850941E+018,"7 : 0.4528922, 7 : 0.39581305, 7 : 0.06862926",8
2.1696837284991E+018,"7 : 0.46721172, 7 : 0.058255363, 7 : 0.048940025",8
2.16955043316556E+018,"2 : 0.763691, 12 : 0.04579614, 9 : 0.03593499",8
2.16954636984973E+018,"2 : 0.14408496, 2 : 0.047123786, 3 : 0.022922084",8
2.16923490215175E+018,"2 : 0.10159498, 2 : 0.07474862, 3 : 0.07150742",8
2.1691221901554E+018,"12 : 0.4657911, 8 : 0.30087534, 2 : 0.14448415",8
2.16886581464054E+018,"6 : 0.65041804, 6 : 0.082118124, 6 : 0.033687714",8
2.16842557950267E+018,"3 : 0.8436819, 7 : 0.036428306, 2 : 0.006625786",8
2.1684238730333E+018,"2 : 0.38711682, 12 : 0.118035875, 12 : 0.07747374",8
2.16831763509628E+018,"9 : 0.92374545, 2 : 0.016574744, 13 : 0.0087979585",8
2.16790721054584E+018,"12 : 0.50404423, 7 : 0.12339437, 13 : 0.053143684",8
2.16782401221484E+018,"2 : 0.4996578, 7 : 0.15463266, 4 : 0.09913498",8
2.16779395880201E+018,"2 : 0.5247285, 2 : 0.090293735, 3 : 0.03837019",8
2.16779310188884E+018,"2 : 0.5468629, 2 : 0.09044268, 3 : 0.034491528",8
2.16778550033373E+018,"12 : 0.32011005, 13 : 0.081534185, 2 : 0.06658798",8
2.16778334636571E+018,"7 : 0.26660457, 13 : 0.09881614, 9 : 0.04548422",8
2.16778183358926E+018,"2 : 0.31247693, 9 : 0.2342403, 2 : 0.17620835",8
2.16778096067065E+018,"9 : 0.11938425, 1 : 0.07496561, 2 : 0.042953618",8
2.16778028419671E+018,"12 : 0.7667066, 12 : 0.055935487, 9 : 0.03947435",8
2.16777411401465E+018,"2 : 0.96254647, 9 : 0.0041044643, 12 : 0.0019798495",8
2.16773392540998E+018,"5 : 0.15837285, 3 : 0.074840255, 12 : 0.052495148",8
2.16768780348439E+018,"2 : 0.11889579, 3 : 0.10218894, 2 : 0.06612116",8
2.16745377690722E+018,"2 : 0.3412366, 12 : 0.12974182, 12 : 0.11513167",8
2.16539861926867E+018,"7 : 0.268078, 2 : 0.03452888, 2 : 0.031623024",8
2.16308485586963E+018,"2 : 0.52802247, 3 : 0.037789796, 2 : 0.013040911",8
2.16023081074215E+018,"7 : 0.5130123, 2 : 0.11062259, 2 : 0.03813749",8
2.15749071916678E+018,"2 : 0.41524658, 7 : 0.07569565, 4 : 0.040856965",8
2.14427850222513E+018,"7 : 0.07628432, 13 : 0.07067254, 7 : 0.05932338",8
2.10027684957071E+018,"2 : 0.14492239, 12 : 0.09820469, 2 : 0.0493146",8
2.08630965762376E+018,"14 : 0.10297694, 2 : 0.10240169, 2 : 0.089504056",8
2.06844244897721E+018,"7 : 0.20679776, 9 : 0.15864553, 13 : 0.09963494",8
2.06374322552483E+018,"9 : 0.35418984, 3 : 0.2625905, 2 : 0.03284343",8
2.0618826981563E+018,"5 : 0.52465403, 13 : 0.045220885, 12 : 0.04113586",8
2.06188076770276E+018,"9 : 0.4656249, 9 : 0.3057177, 2 : 0.090018824",8
2.05954047410605E+018,"1 : 0.827602, 13 : 0.05185433, 12 : 0.040668126",8
2.05778649301124E+018,"7 : 0.09374849, 4 : 0.059091963, 4 : 0.036310457",8
2.05156888721389E+018,"4 : 0.14862312, 12 : 0.062693655, 2 : 0.060017854",8
2.04313487362415E+018,"5 : 0.20757438, 5 : 0.18333179, 1 : 0.077820905",8
2.03986558741013E+018,"2 : 0.7150968, 2 : 0.033745438, 13 : 0.015963947",8
2.0300859602815E+018,"2 : 0.05855614, 7 : 0.05792352, 2 : 0.053956535",8
2.01924470853961E+018,"8 : 0.28826076, 8 : 0.0834941, 8 : 0.061241593",8
2.01137041709394E+018,"2 : 0.34408644, 2 : 0.18895395, 7 : 0.043775123",8
2.01136854464756E+018,"4 : 0.15779877, 2 : 0.14157967, 3 : 0.11052592",8
2.01133024392448E+018,"11 : 0.34383076, 2 : 0.11379352, 3 : 0.071135916",8
2.01132794449786E+018,"9 : 0.3467604, 2 : 0.20198338, 2 : 0.10725169",8
2.0111452147202E+018,"6 : 0.59618694, 6 : 0.04868057, 6 : 0.02640789",8
2.00663663683794E+018,"12 : 0.37788153, 2 : 0.13114758, 7 : 0.096401095",8
1.99219637431769E+018,"11 : 0.49604958, 9 : 0.19651583, 3 : 0.14228372",8
1.99177446323E+018,"9 : 0.3295412, 8 : 0.16162549, 2 : 0.14561792",8
1.99176894255281E+018,"3 : 0.67300195, 9 : 0.04968457, 4 : 0.009162353",8
1.99176659400277E+018,"3 : 0.43344882, 4 : 0.08940471, 12 : 0.050754134",8
1.99133677030262E+018,"7 : 0.10784418, 12 : 0.05114083, 2 : 0.040040936",8
1.9896512528676E+018,"13 : 0.5201514, 2 : 0.11587135, 2 : 0.04429605",8
1.98632506434247E+018,"2 : 0.83965796, 7 : 0.04068559, 7 : 0.025547821",8
1.93659019676209E+018,"7 : 0.6861725, 2 : 0.08758057, 2 : 0.053829536",8
1.93375209120792E+018,"12 : 0.5683743, 7 : 0.16095883, 12 : 0.050600123",8
1.9322048914982E+018,"13 : 0.54445, 13 : 0.037785504, 13 : 0.032698352",8
1.93128951308917E+018,"9 : 0.53944445, 2 : 0.08073013, 13 : 0.054307267",8
1.90907280149581E+018,"2 : 0.08567787, 2 : 0.05940061, 13 : 0.04920892",8
1.9060564727672E+018,"2 : 0.08247879, 13 : 0.07669634, 9 : 0.075550854",8
1.90604922510058E+018,"2 : 0.078231834, 13 : 0.06786802, 4 : 0.054362494",8
1.90510551351313E+018,"13 : 0.9352277, 12 : 0.00451879, 13 : 0.0032289994",8
1.90465391517532E+018,"9 : 0.19127227, 9 : 0.08058514, 3 : 0.041666772",8
1.90458104486349E+018,"2 : 0.8210914, 9 : 0.08307099, 9 : 0.013847047",8
1.90304444317258E+018,"2 : 0.52087384, 7 : 0.21686277, 13 : 0.049042407",8
1.90227768292696E+018,"13 : 0.6318252, 1 : 0.02697275, 9 : 0.026893318",8
1.90223030627504E+018,"9 : 0.10510162, 9 : 0.08348296, 2 : 0.03934868",8
1.90222957975439E+018,"12 : 0.53166586, 9 : 0.033407103, 4 : 0.03240898",8
1.90113141947398E+018,"5 : 0.10168059, 2 : 0.03841891, 6 : 0.021180725",8
1.90098522043987E+018,"9 : 0.24285652, 9 : 0.22557767, 9 : 0.029958032",8
1.8986593113934E+018,"4 : 0.2914461, 2 : 0.19857731, 13 : 0.1631182",8
1.89720944405785E+018,"5 : 0.20597684, 4 : 0.086220086, 9 : 0.049739815",8
1.89702255191046E+018,"5 : 0.20597684, 4 : 0.086220086, 9 : 0.049739815",8
1.88880305222626E+018,"7 : 0.09068337, 7 : 0.05190487, 7 : 0.041170545",8
1.88636379464618E+018,"2 : 0.13530447, 8 : 0.09994901, 8 : 0.09124507",8
1.88576263792202E+018,"2 : 0.13530447, 8 : 0.09994901, 8 : 0.09124507",8
1.88575246810211E+018,"2 : 0.19896473, 8 : 0.07196904, 8 : 0.068037495",8
1.87551784715419E+018,"2 : 0.876986, 2 : 0.07256972, 7 : 0.008325199",8
1.86264227624175E+018,"9 : 0.45848638, 8 : 0.17785205, 3 : 0.03988549",8
1.85541087087021E+018,"12 : 0.28134954, 4 : 0.11911221, 7 : 0.0658623",8
1.83516262883217E+018,"2 : 0.48364016, 7 : 0.13588358, 2 : 0.04824054",8
1.83345673058522E+018,"2 : 0.49349666, 7 : 0.12294511, 2 : 0.046524014",8
1.82264525065919E+018,"7 : 0.61369693, 7 : 0.17888927, 10 : 0.038574856",8
1.82248895085999E+018,"2 : 0.9761168, 7 : 0.003166081, 3 : 0.0008676311",8
1.82240905617257E+018,"7 : 0.123253435, 7 : 0.0637375, 12 : 0.053002022",8
1.82218183486887E+018,"9 : 0.9933286, 8 : 0.0007768969, 9 : 0.0005568623",8
1.82206154014955E+018,"2 : 0.048271228, 14 : 0.04089951, 7 : 0.026434615",8
1.82199721582697E+018,"9 : 0.48388526, 2 : 0.1021779, 12 : 0.059365418",8
1.82198510974868E+018,"9 : 0.06587059, 2 : 0.0528074, 9 : 0.039337832",8
1.82051029780521E+018,"2 : 0.7847846, 13 : 0.022290127, 9 : 0.015943859",8
1.80965568286748E+018,"2 : 0.8336639, 3 : 0.0062962435, 13 : 0.004439212",8
1.80885984901645E+018,"9 : 0.31337202, 2 : 0.027771974, 8 : 0.025151998",8
1.79866000243806E+018,"9 : 0.8984014, 9 : 0.009550572, 2 : 0.0043384233",8
1.79805578744711E+018,"11 : 0.15637699, 3 : 0.13878499, 1 : 0.10077257",8
1.79798754872996E+018,"9 : 0.82788277, 9 : 0.05674673, 2 : 0.012713289",8
1.79792474010018E+018,"13 : 0.7449372, 13 : 0.04107277, 4 : 0.024792964",8
1.79274432085273E+018,"3 : 0.32345057, 8 : 0.08042005, 7 : 0.042287856",8
1.78861643128268E+018,"12 : 0.34201685, 9 : 0.05275889, 12 : 0.05096967",8
1.78665965429174E+018,"3 : 0.2150234, 2 : 0.123988785, 1 : 0.10104973",8
1.77959767820608E+018,"9 : 0.6019895, 2 : 0.07382967, 1 : 0.03649594",8
1.77923785811082E+018,"3 : 0.3759655, 3 : 0.26425713, 3 : 0.02012003",8
1.77922792471539E+018,"7 : 0.069920756, 12 : 0.06805131, 12 : 0.05831936",8
1.77837755725341E+018,"8 : 0.084339574, 11 : 0.047819093, 1 : 0.047149148",8
1.77772143807597E+018,"3 : 0.31466398, 5 : 0.10269588, 12 : 0.10265138",8
1.77771776136597E+018,"13 : 0.2684645, 13 : 0.1021832, 14 : 0.06334424",8
1.77186382147712E+018,"2 : 0.3844307, 2 : 0.17783143, 13 : 0.03461533",8
1.76922683608759E+018,"9 : 0.46067905, 5 : 0.07473698, 13 : 0.07188143",8
1.76917387981195E+018,"12 : 0.49221352, 2 : 0.12189223, 2 : 0.06771051",8
1.76843459422159E+018,"4 : 0.29222506, 2 : 0.08385293, 13 : 0.06414526",8
1.76591601549227E+018,"7 : 0.2699962, 9 : 0.10951053, 9 : 0.08814301",8
1.75890237733418E+018,"7 : 0.20515686, 7 : 0.112872764, 7 : 0.05422671",8
1.75740511771035E+018,"9 : 0.32441333, 7 : 0.042091023, 12 : 0.033090424",8
1.75740487694912E+018,"5 : 0.10280379, 3 : 0.049815033, 5 : 0.0427611",8
1.75683832871069E+018,"7 : 0.46820924, 13 : 0.14350264, 7 : 0.093120515",8
1.75615608288639E+018,"7 : 0.48812065, 7 : 0.39989945, 7 : 0.016584093",8
1.75595218624292E+018,"12 : 0.3631735, 2 : 0.07906906, 7 : 0.043331232",8
1.75368924307784E+018,"10 : 0.70242536, 7 : 0.09019574, 14 : 0.040502068",8
1.75328555541018E+018,"3 : 0.07367756, 4 : 0.044951856, 9 : 0.04017789",8
1.75298271751009E+018,"11 : 0.09379236, 2 : 0.087432474, 11 : 0.073915586",8
1.75231863953164E+018,"2 : 0.08806781, 5 : 0.08282844, 4 : 0.05690357",8
1.7522342247347E+018,"2 : 0.8701437, 13 : 0.0661276, 2 : 0.0057134083",8
1.7516077351932E+018,"7 : 0.38143367, 7 : 0.16606507, 2 : 0.07599378",8
1.75148324586824E+018,"2 : 0.6620342, 9 : 0.20794514, 11 : 0.015316341",8
1.75107174220849E+018,"3 : 0.09976729, 3 : 0.073510595, 2 : 0.05534638",8
1.75088072718636E+018,"9 : 0.81676567, 7 : 0.04134983, 2 : 0.016452445",8
1.75029735556103E+018,"9 : 0.23605128, 2 : 0.09849729, 10 : 0.07029827",8
1.75029669262609E+018,"4 : 0.11865599, 2 : 0.069225095, 12 : 0.06663073",8
1.74865928801012E+018,"2 : 0.97749704, 13 : 0.004146572, 2 : 0.002450972",8
1.74781750738733E+018,"9 : 0.67268056, 2 : 0.11133827, 2 : 0.015463317",8
1.74728380676482E+018,"6 : 0.28470397, 14 : 0.2086809, 5 : 0.11887507",8
1.74728350207384E+018,"5 : 0.1689313, 9 : 0.14934205, 10 : 0.031425685",8
1.74639934754709E+018,"4 : 0.3757122, 5 : 0.088807546, 9 : 0.06033363",8
1.74461452612368E+018,"13 : 0.45869505, 13 : 0.22292207, 13 : 0.1346298",8
1.74419561117011E+018,"9 : 0.501522, 2 : 0.42610773, 13 : 0.03718774",8
1.74313213108706E+018,"6 : 0.21912143, 6 : 0.17569454, 6 : 0.045321986",8
1.74292945140425E+018,"2 : 0.15310213, 13 : 0.1497769, 10 : 0.07686933",8
1.74289551822732E+018,"13 : 0.7112426, 2 : 0.1672766, 2 : 0.029553121",8
1.74289018249309E+018,"9 : 0.45142272, 9 : 0.29679176, 2 : 0.027544593",8
1.7428368968977E+018,"9 : 0.28696415, 5 : 0.113082886, 8 : 0.090301365",8
1.74283487864039E+018,"12 : 0.22177966, 7 : 0.19762227, 12 : 0.0875786",8
1.74283440493585E+018,"9 : 0.2316654, 2 : 0.091245815, 11 : 0.047649894",8
1.74224668619994E+018,"8 : 0.31683704, 9 : 0.15635064, 2 : 0.10485825",8
1.74224640305108E+018,"2 : 0.13770013, 13 : 0.09681943, 8 : 0.08764025",8
1.74219385642401E+018,"12 : 0.29122698, 7 : 0.13894847, 12 : 0.0427172",8
1.74219345887113E+018,"2 : 0.85133725, 12 : 0.0135879535, 3 : 0.008278077",8
1.74217390102454E+018,"3 : 0.7347856, 3 : 0.23444521, 3 : 0.0035325484",8
1.74060035069371E+018,"3 : 0.4468774, 13 : 0.20972984, 2 : 0.05243274",8
1.73984208368105E+018,"7 : 0.869757, 2 : 0.011030498, 7 : 0.010347924",8
1.73915813895401E+018,"3 : 0.6640834, 2 : 0.3247844, 5 : 0.0038626986",8
1.73914169493351E+018,"12 : 0.35815853, 12 : 0.18909813, 12 : 0.15542674",8
1.73850513154754E+018,"2 : 0.20760718, 5 : 0.118712485, 2 : 0.045049068",8
1.73715657796072E+018,"2 : 0.12144089, 9 : 0.097229645, 2 : 0.073931314",8
1.72596428645418E+018,"7 : 0.23885792, 13 : 0.052436233, 7 : 0.047300186",8
1.70365244131193E+018,"4 : 0.33230796, 8 : 0.04996985, 2 : 0.04217228",8
1.69887245497579E+018,"9 : 0.60649115, 2 : 0.05651806, 12 : 0.04043627",8
1.69677239894917E+018,"3 : 0.4750616, 7 : 0.25640756, 7 : 0.026958756",8
1.69355905573148E+018,"5 : 0.78555995, 9 : 0.03655235, 9 : 0.030157646",8
1.69217727311569E+018,"6 : 0.071404494, 6 : 0.067716144, 6 : 0.05437747",8
1.69205603631404E+018,"9 : 0.6273136, 9 : 0.048363753, 8 : 0.042471997",8
1.69205357443366E+018,"2 : 0.083958715, 7 : 0.047674093, 7 : 0.029850107",8
1.67988818897993E+018,"8 : 0.33170086, 9 : 0.07556932, 10 : 0.04635919",8
1.67988769753333E+018,"1 : 0.20935, 1 : 0.15682335, 13 : 0.08094723",8
1.67977558990271E+018,"9 : 0.14980699, 2 : 0.082652815, 13 : 0.043888833",8
1.67921997353092E+018,"2 : 0.5910073, 13 : 0.030080792, 3 : 0.017285233",8
1.67896540211189E+018,"2 : 0.86528033, 13 : 0.01509105, 3 : 0.009544052",8
1.67863784071011E+018,"14 : 0.5831064, 6 : 0.08743114, 7 : 0.017635748",8
1.67478262617316E+018,"3 : 0.24661693, 7 : 0.17083852, 4 : 0.10673728",8
1.67410243970993E+018,"9 : 0.9656563, 2 : 0.023443092, 9 : 0.005596224",8
1.67278952861393E+018,"7 : 0.8882687, 13 : 0.03941347, 2 : 0.0023426285",8
1.67193807779779E+018,"2 : 0.7927808, 13 : 0.026862673, 9 : 0.012413495",8
1.67193650044527E+018,"7 : 0.92668176, 13 : 0.026420629, 2 : 0.0016385396",8
1.67184144308836E+018,"12 : 0.78416175, 2 : 0.037846785, 13 : 0.010940583",8
1.67184071764143E+018,"12 : 0.18613178, 7 : 0.072254725, 2 : 0.021557828",8
1.67184041452762E+018,"2 : 0.31096867, 3 : 0.23219663, 3 : 0.052622676",8
1.67183927313157E+018,"12 : 0.3084915, 2 : 0.027378557, 3 : 0.014066657",8
1.6718390229078E+018,"12 : 0.4376768, 7 : 0.11396382, 2 : 0.049225986",8
1.67183880953504E+018,"3 : 0.25912717, 7 : 0.23856005, 2 : 0.20308627",8
1.67183861374493E+018,"2 : 0.3876306, 3 : 0.15165862, 3 : 0.06444305",8
1.67119496351191E+018,"7 : 0.7747906, 2 : 0.072504915, 2 : 0.06759445",8
1.67069387665682E+018,"2 : 0.20148207, 7 : 0.12349396, 7 : 0.04265467",8
1.66844364016936E+018,"2 : 0.38010573, 12 : 0.24866079, 2 : 0.037311375",8
1.66778718816559E+018,"13 : 0.12296201, 2 : 0.117456056, 3 : 0.043464776",8
1.66778692090442E+018,"12 : 0.4374881, 12 : 0.118495025, 12 : 0.089191966",8
1.6677856220628E+018,"13 : 0.37640414, 9 : 0.23678531, 6 : 0.14054549",8
1.66503097894534E+018,"13 : 0.47245508, 6 : 0.13274463, 9 : 0.07261267",8
1.66467391906201E+018,"7 : 0.14347619, 7 : 0.11583347, 7 : 0.08626006",8
1.66339399238385E+018,"7 : 0.5837253, 13 : 0.09107136, 2 : 0.03816777",8
1.6633924364145E+018,"12 : 0.81004304, 12 : 0.05450498, 12 : 0.05144669",8
1.65758454766173E+018,"3 : 0.73415476, 7 : 0.01604655, 7 : 0.012363538",8
1.65731958036726E+018,"12 : 0.18738319, 2 : 0.16056082, 10 : 0.10479505",8
1.65545088499208E+018,"2 : 0.72901815, 2 : 0.093061216, 2 : 0.028375098",8
1.65251549452616E+018,"2 : 0.4838479, 12 : 0.19780812, 9 : 0.038759083",8
1.65251526046706E+018,"7 : 0.06497308, 7 : 0.057858147, 7 : 0.054371625",8
1.65038263142498E+018,"6 : 0.26084286, 13 : 0.14140286, 7 : 0.09694261",8
1.64999423339629E+018,"7 : 0.20619124, 12 : 0.08999439, 7 : 0.061417155",8
1.64801729291753E+018,"2 : 0.17605758, 7 : 0.019495716, 2 : 0.018258",8
1.64527319556379E+018,"9 : 0.47177666, 14 : 0.12655506, 7 : 0.04154607",8
1.64494490900923E+018,"9 : 0.53983206, 2 : 0.035576135, 9 : 0.021702172",8
1.64301653018186E+018,"1 : 0.22030018, 9 : 0.08438396, 9 : 0.060086105",8
1.64219982669036E+018,"1 : 0.260003, 5 : 0.05104065, 3 : 0.042023107",8
1.64201996532991E+018,"2 : 0.9099911, 7 : 0.07127363, 2 : 0.0012048618",8
1.64161446884407E+018,"2 : 0.96252817, 3 : 0.012955196, 12 : 0.0063520405",8
1.64154307195848E+018,"9 : 0.88517004, 9 : 0.0394496, 2 : 0.019224374",8
1.64151476600168E+018,"9 : 0.5628294, 11 : 0.12594421, 12 : 0.012721897",8
1.6414488407698E+018,"7 : 0.28859985, 2 : 0.27625668, 2 : 0.018918954",8
1.64144854393047E+018,"4 : 0.45458323, 12 : 0.11562349, 12 : 0.041270055",8
1.64140408341145E+018,"12 : 0.09062651, 7 : 0.087247424, 7 : 0.07485802",8
1.64125664030293E+018,"13 : 0.09872908, 4 : 0.09635451, 2 : 0.06557569",8
1.64125575567399E+018,"13 : 0.50241953, 9 : 0.059969127, 4 : 0.026360536",8
1.64092255918444E+018,"12 : 0.14698842, 7 : 0.08203322, 7 : 0.040795613",8
1.64091935934999E+018,"3 : 0.20261802, 2 : 0.1502514, 7 : 0.07187335",8
1.64086119790791E+018,"2 : 0.17835194, 2 : 0.12818772, 5 : 0.09538305",8
1.64084989369669E+018,"7 : 0.28030744, 2 : 0.24776591, 2 : 0.098051414",8
1.64075861609691E+018,"9 : 0.71222246, 5 : 0.19263788, 13 : 0.025302581",8
1.6407273582304E+018,"12 : 0.5823436, 12 : 0.11344487, 4 : 0.054789238",8
1.64072524507163E+018,"2 : 0.8519209, 2 : 0.043045882, 9 : 0.017530983",8
1.64070806130252E+018,"2 : 0.61278284, 3 : 0.03838173, 12 : 0.0114424145",8
1.64070516390309E+018,"9 : 0.21110335, 2 : 0.20557666, 12 : 0.04988424",8
1.64061489283405E+018,"2 : 0.8536814, 5 : 0.042128205, 9 : 0.011207291",8
1.64000264482558E+018,"4 : 0.17707497, 9 : 0.073945686, 6 : 0.061820474",8
1.63904231725016E+018,"7 : 0.13355829, 13 : 0.11019978, 5 : 0.092527546",8
1.63901749780851E+018,"2 : 0.3007754, 12 : 0.18509093, 12 : 0.10810704",8
1.63848994767268E+018,"2 : 0.27462113, 9 : 0.27423954, 9 : 0.07452532",8
1.63839459478397E+018,"4 : 0.28017232, 7 : 0.13023913, 12 : 0.09814",8
1.63799132666633E+018,"9 : 0.19517934, 13 : 0.09020914, 2 : 0.07806317",8
1.63793454157825E+018,"9 : 0.45281482, 2 : 0.27360663, 9 : 0.0723829",8
1.63791554654792E+018,"2 : 0.28357562, 9 : 0.19782378, 4 : 0.14258316",8
1.63789842089449E+018,"9 : 0.22188137, 11 : 0.12190408, 12 : 0.10056732",8
2.20442647589459E+018,"9 : 0.7581987, 9 : 0.050545033, 2 : 0.020643279",8
1.80320443025986E+018,"9 : 0.3441293, 9 : 0.27198732, 3 : 0.0656405",8
1.56000869385936E+018,"2 : 0.43145168, 3 : 0.0669187, 2 : 0.06323696",8
1.55392916397841E+018,"9 : 0.49848112, 8 : 0.107536, 8 : 0.052768555",8
1.53317009532367E+018,"13 : 0.52027494, 13 : 0.04097807, 2 : 0.032204267",8
1.52999339830259E+018,"3 : 0.37699237, 7 : 0.07976983, 7 : 0.038067143",8
1.52906783248938E+018,"6 : 0.2515373, 6 : 0.056372344, 6 : 0.03432552",8
1.52831679640663E+018,"9 : 0.2705517, 7 : 0.061537154, 4 : 0.05901463",8
1.52701493935584E+018,"3 : 0.35608357, 3 : 0.104002446, 3 : 0.07203633",8
1.52591739473918E+018,"9 : 0.64392924, 8 : 0.052938577, 3 : 0.042666424",8
1.52353232947347E+018,"11 : 0.8698977, 11 : 0.027874343, 1 : 0.014858838",8
1.51650089837172E+018,"9 : 0.14200771, 10 : 0.13520722, 4 : 0.0545776",8
1.49670471009024E+018,"5 : 0.5533723, 4 : 0.058659177, 9 : 0.025816265",8
1.47480938048974E+018,"2 : 0.2019635, 7 : 0.101903364, 7 : 0.0401976",8
1.47335819906284E+018,"5 : 0.94887704, 5 : 0.0070461947, 3 : 0.0069594365",8
1.47311333298569E+018,"2 : 0.10912068, 7 : 0.10074608, 2 : 0.07612125",8
1.47192723923001E+018,"2 : 0.13814268, 7 : 0.09835914, 12 : 0.06905369",8
1.46959381531604E+018,"2 : 0.16078526, 7 : 0.11838722, 7 : 0.078462735",8
1.46823880194852E+018,"7 : 0.23078598, 7 : 0.11227827, 4 : 0.05193041",8
1.46744640254334E+018,"13 : 0.36723524, 13 : 0.04889053, 13 : 0.043442667",8
1.46698322900856E+018,"8 : 0.88135, 5 : 0.0076387273, 6 : 0.006211527",8
1.46457333694359E+018,"13 : 0.06669863, 12 : 0.040208295, 2 : 0.03291552",8
1.46001677910357E+018,"3 : 0.09286849, 8 : 0.04462577, 8 : 0.04040667",8
1.45950552878727E+018,"2 : 0.07958562, 10 : 0.065093495, 10 : 0.033504944",8
1.4595051810039E+018,"7 : 0.33769566, 7 : 0.3342411, 9 : 0.016485753",8
1.45937837653927E+018,"7 : 0.52038276, 7 : 0.1843335, 7 : 0.04359129",8
1.45896398452306E+018,"7 : 0.09344719, 10 : 0.044732094, 7 : 0.041897286",8
1.45858595329597E+018,"2 : 0.83975214, 5 : 0.024366735, 9 : 0.010560289",8
1.45796556727281E+018,"4 : 0.14518373, 10 : 0.06736887, 13 : 0.040827572",8
1.4521198444468E+018,"12 : 0.24666849, 3 : 0.08116266, 12 : 0.053693205",8
1.4514258595376E+018,"2 : 0.15868984, 8 : 0.10367994, 8 : 0.059659958",8
1.44440051986683E+018,"2 : 0.51664305, 2 : 0.48275107, 2 : 4.1660453e-05",8
1.44273025446363E+018,"13 : 0.31915632, 13 : 0.13907072, 13 : 0.06740443",8
1.43880657310729E+018,"12 : 0.125334, 7 : 0.0754019, 7 : 0.059497602",8
1.43130163995664E+018,"10 : 0.3193337, 7 : 0.14469138, 3 : 0.07582761",8
1.42815644974129E+018,"8 : 0.7704357, 8 : 0.073764235, 8 : 0.011910388",8
1.42238152227038E+018,"13 : 0.8928175, 8 : 0.03146034, 13 : 0.016534302",8
1.94567359054211E+018,"7 : 0.23191868, 7 : 0.12800281, 7 : 0.08887529",8
2.17837929970593E+018,"6 : 0.8181085, 6 : 0.036071688, 6 : 0.011108055",8
1.94652344834535E+018,"1 : 0.84686863, 1 : 0.026836704, 11 : 0.018622307",8
2.03353633302845E+018,"13 : 0.0503975, 10 : 0.02870253, 13 : 0.024539074",8
2.21054049076298E+018,"1 : 0.2873163, 1 : 0.24790213, 1 : 0.09909803",8
2.13852042219122E+018,"7 : 0.6853655, 7 : 0.039139554, 7 : 0.038038928",8
2.04959762271702E+018,"3 : 0.2701324, 13 : 0.17838468, 2 : 0.034529857",8
2.15827453766223E+018,"1 : 0.70772016, 1 : 0.042163104, 11 : 0.035964597",8
1.91531146912657E+018,"7 : 0.34787056, 1 : 0.3364479, 4 : 0.061359245",8
1.61615459710419E+018,"13 : 0.18685317, 2 : 0.15510015, 9 : 0.058045745",8
2.00949651407949E+018,"1 : 0.18315884, 1 : 0.06922449, 5 : 0.03891687",8
1.80655881421462E+018,"11 : 0.66660666, 1 : 0.13655952, 1 : 0.12994072",8
2.14939691059162E+018,"1 : 0.87953985, 1 : 0.02785059, 11 : 0.015370447",8
1.99377186111641E+018,"1 : 0.7928497, 11 : 0.043921553, 1 : 0.038363114",8
2.04937647608426E+018,"11 : 0.3458438, 1 : 0.22760274, 1 : 0.20667994",8
1.87118649252594E+018,"9 : 0.30278245, 9 : 0.23386863, 2 : 0.106925875",8
1.46836277045728E+018,"1 : 0.15176603, 7 : 0.15144737, 12 : 0.0834718",8
1.45715601603435E+018,"3 : 0.66084635, 3 : 0.07103409, 3 : 0.03854379",8
2.19354574341052E+018,"11 : 0.29305255, 1 : 0.14570116, 9 : 0.0574009",9
2.19279975838422E+018,"13 : 0.56275177, 10 : 0.10107921, 2 : 0.04506047",9
2.19066144364601E+018,"8 : 0.14266081, 13 : 0.044770934, 9 : 0.042637486",9
2.18992161266201E+018,"11 : 0.1905442, 11 : 0.18118839, 2 : 0.067601085",9
2.18922706863512E+018,"11 : 0.29033178, 13 : 0.04033217, 9 : 0.036373924",9
2.18713488274111E+018,"9 : 0.2936543, 1 : 0.07628746, 10 : 0.053403474",9
2.18276124904204E+018,"6 : 0.42989066, 6 : 0.18828954, 6 : 0.026615066",9
2.17577413962181E+018,"2 : 0.22448783, 6 : 0.07581744, 2 : 0.07471354",9
2.1740614240543E+018,"11 : 0.27259028, 11 : 0.12101769, 9 : 0.109839424",9
2.17405209931957E+018,"9 : 0.09327929, 1 : 0.066035405, 9 : 0.03368936",9
2.173445503361E+018,"11 : 0.5934387, 1 : 0.09609966, 11 : 0.09535923",9
2.16926817470144E+018,"9 : 0.18951274, 12 : 0.17982097, 2 : 0.13088425",9
2.16748783147646E+018,"12 : 0.1003487, 13 : 0.08458936, 13 : 0.049527865",9
2.16483672508884E+018,"1 : 0.43771157, 9 : 0.27249837, 11 : 0.111379005",9
2.15462192973516E+018,"6 : 0.09514175, 2 : 0.075110696, 6 : 0.048439693",9
2.14419738150701E+018,"12 : 0.4743681, 12 : 0.16918091, 2 : 0.03410836",9
2.1415120632384E+018,"13 : 0.14930192, 2 : 0.07257011, 4 : 0.042535726",9
2.1413203427436E+018,"12 : 0.21693219, 12 : 0.12628575, 4 : 0.072236426",9
2.13913311472663E+018,"9 : 0.5548029, 4 : 0.15431921, 9 : 0.01874967",9
2.13702176856583E+018,"12 : 0.16104981, 12 : 0.12439015, 4 : 0.059999205",9
2.13569123753442E+018,"12 : 0.7368409, 12 : 0.044803318, 2 : 0.02653648",9
2.13412448056666E+018,"6 : 0.05024923, 7 : 0.039591853, 2 : 0.03696807",9
2.13409095273259E+018,"9 : 0.53659534, 12 : 0.049579084, 2 : 0.020627005",9
2.13194002152822E+018,"6 : 0.28379568, 2 : 0.021417467, 10 : 0.016071642",9
2.1319064659541E+018,"6 : 0.12757969, 9 : 0.07974381, 2 : 0.074161105",9
2.13115331860013E+018,"2 : 0.14982274, 4 : 0.061820306, 12 : 0.060599998",9
2.13057993151538E+018,"4 : 0.20723431, 9 : 0.20610112, 2 : 0.03555017",9
2.12545329743096E+018,"6 : 0.67933255, 12 : 0.09277232, 12 : 0.061971843",9
2.12392468329614E+018,"4 : 0.41169026, 7 : 0.081108615, 9 : 0.05221446",9
2.12176900519456E+018,"2 : 0.45527464, 4 : 0.24332356, 2 : 0.07304122",9
2.12101268664468E+018,"12 : 0.32967812, 4 : 0.2364682, 13 : 0.20281711",9
2.12038003732572E+018,"12 : 0.26569682, 12 : 0.18123521, 12 : 0.091612175",9
2.12029765994394E+018,"2 : 0.37633568, 13 : 0.15354691, 3 : 0.05558047",9
2.11960330726975E+018,"12 : 0.20675853, 12 : 0.10827336, 12 : 0.09625816",9
2.11173340663199E+018,"7 : 0.14618753, 7 : 0.13851532, 13 : 0.11456087",9
2.10184800460821E+018,"2 : 0.14206038, 2 : 0.1210485, 5 : 0.10595344",9
2.09898254585672E+018,"2 : 0.16547136, 10 : 0.08487183, 13 : 0.0644517",9
2.09496779756176E+018,"11 : 0.26778167, 12 : 0.103748366, 12 : 0.08949718",9
2.08861116378192E+018,"12 : 0.09746025, 2 : 0.07532405, 8 : 0.058113813",9
2.0880889831259E+018,"6 : 0.1498055, 6 : 0.12795538, 8 : 0.06162387",9
2.08638676070732E+018,"13 : 0.52420557, 13 : 0.057725146, 7 : 0.037360564",9
2.08435200724303E+018,"11 : 0.67353284, 9 : 0.06468919, 11 : 0.06286458",9
2.08363365752087E+018,"2 : 0.5227535, 4 : 0.07063339, 2 : 0.031146893",9
2.08290558594767E+018,"2 : 0.14005367, 12 : 0.0716886, 13 : 0.05448952",9
2.08144159329514E+018,"10 : 0.32957637, 10 : 0.19483718, 13 : 0.0947149",9
2.07972987122365E+018,"12 : 0.32929415, 12 : 0.23125614, 12 : 0.055721145",9
2.07903455864929E+018,"4 : 0.3357943, 12 : 0.08082149, 1 : 0.04938373",9
2.07861178000498E+018,"1 : 0.13302521, 2 : 0.08330998, 12 : 0.083001055",9
2.07607018187816E+018,"7 : 0.19416615, 6 : 0.16467513, 7 : 0.057646617",9
2.07576493898712E+018,"6 : 0.12252425, 6 : 0.10017615, 6 : 0.07317904",9
2.07104083843177E+018,"12 : 0.21686098, 12 : 0.093610704, 2 : 0.088120416",9
2.06998900409487E+018,"8 : 0.20053448, 13 : 0.13431045, 2 : 0.08057929",9
2.0699021069424E+018,"2 : 0.09820455, 12 : 0.087547965, 9 : 0.057095032",9
2.06680602453488E+018,"3 : 0.23245502, 7 : 0.13393444, 7 : 0.041713193",9
2.06607963962578E+018,"11 : 0.4869161, 1 : 0.26291212, 11 : 0.099075526",9
2.06516886988251E+018,"2 : 0.5415534, 2 : 0.07452217, 12 : 0.03576438",9
2.06471841617176E+018,"9 : 0.06975636, 3 : 0.0681067, 12 : 0.066735536",9
2.06407264668956E+018,"12 : 0.13759841, 2 : 0.11798089, 12 : 0.11233765",9
2.0638792413611E+018,"1 : 0.30835074, 11 : 0.2053577, 11 : 0.121331364",9
2.06345962512679E+018,"12 : 0.23942485, 2 : 0.17991705, 12 : 0.045557946",9
2.0633679892075E+018,"12 : 0.20830682, 2 : 0.11737329, 12 : 0.10560348",9
2.06335696212922E+018,"9 : 0.35118732, 1 : 0.124317996, 11 : 0.06117218",9
2.06321596433579E+018,"1 : 0.5226825, 11 : 0.102024525, 11 : 0.08841612",9
2.06314277939134E+018,"12 : 0.14615259, 12 : 0.093763694, 13 : 0.09174387",9
2.06311133457851E+018,"9 : 0.2815843, 7 : 0.19849119, 7 : 0.09285806",9
2.06270218793034E+018,"9 : 0.9310391, 4 : 0.0030222808, 11 : 0.0027465953",9
2.06268179033436E+018,"12 : 0.3881646, 12 : 0.22196245, 9 : 0.038547862",9
2.06264872424669E+018,"12 : 0.26686922, 7 : 0.024585528, 12 : 0.017790154",9
2.06263229422513E+018,"2 : 0.19894451, 12 : 0.07909233, 12 : 0.04277559",9
2.06262638137364E+018,"2 : 0.1776061, 2 : 0.116651624, 12 : 0.04222437",9
2.0625630301866E+018,"11 : 0.46606532, 2 : 0.11043545, 9 : 0.08751785",9
2.06242111726987E+018,"2 : 0.30677298, 12 : 0.10274402, 12 : 0.04553696",9
2.06180448082911E+018,"1 : 0.3329348, 1 : 0.18607317, 11 : 0.10672477",9
2.05789241433047E+018,"12 : 0.115086585, 12 : 0.09929892, 4 : 0.07081666",9
2.04592907472502E+018,"1 : 0.5347405, 1 : 0.37324, 9 : 0.009943421",9
2.04300941825742E+018,"6 : 0.15916698, 6 : 0.14184354, 10 : 0.024852213",9
2.03993568084736E+018,"1 : 0.6926703, 1 : 0.09964982, 11 : 0.09524784",9
2.03921093518929E+018,"9 : 0.8816813, 1 : 0.020536354, 1 : 0.018214982",9
2.03847778630295E+018,"9 : 0.62314457, 1 : 0.28258985, 1 : 0.029815402",9
2.03365541238082E+018,"12 : 0.69382733, 9 : 0.15632814, 11 : 0.016691461",9
2.0321478484595E+018,"9 : 0.40135884, 11 : 0.1637195, 1 : 0.04855113",9
2.02337003522275E+018,"4 : 0.4195891, 7 : 0.10947807, 12 : 0.05452641",9
2.00686713619006E+018,"8 : 0.22706826, 5 : 0.038330544, 6 : 0.028478023",9
2.00044802425772E+018,"1 : 0.34479496, 8 : 0.1814047, 11 : 0.14154041",9
1.99051491436959E+018,"7 : 0.069561034, 2 : 0.0491436, 7 : 0.043863937",9
1.98845642162138E+018,"12 : 0.13020617, 12 : 0.11160909, 7 : 0.07777865",9
1.98770546759484E+018,"12 : 0.5143622, 12 : 0.076587245, 12 : 0.06867254",9
1.98505828153772E+018,"13 : 0.30914068, 7 : 0.16787295, 2 : 0.073546626",9
1.98425033228146E+018,"12 : 0.35344645, 12 : 0.23128444, 12 : 0.048776586",9
1.98331407728358E+018,"1 : 0.279653, 1 : 0.19379969, 11 : 0.13604397",9
1.97400262914015E+018,"4 : 0.3096846, 1 : 0.12967508, 7 : 0.11508016",9
1.973412389946E+018,"12 : 0.15147066, 12 : 0.083641194, 2 : 0.06354284",9
1.97249827045581E+018,"12 : 0.7979716, 12 : 0.039541036, 12 : 0.017479064",9
1.97180534484316E+018,"12 : 0.858537, 2 : 0.014588677, 12 : 0.013137726",9
1.97167513614047E+018,"7 : 0.72111726, 7 : 0.08252458, 7 : 0.018255275",9
1.9714093861882E+018,"13 : 0.08247621, 3 : 0.05741422, 13 : 0.044066902",9
1.96976012780556E+018,"12 : 0.27763674, 12 : 0.18049893, 12 : 0.117748134",9
1.9688897694688E+018,"12 : 0.64642817, 8 : 0.10872634, 7 : 0.02666215",9
1.96744914167321E+018,"12 : 0.24695623, 12 : 0.08220334, 12 : 0.048955753",9
1.96666346082294E+018,"12 : 0.5468634, 3 : 0.20066032, 12 : 0.04518883",9
1.96451094077198E+018,"12 : 0.08435839, 12 : 0.041829962, 3 : 0.040945522",9
1.96395223812189E+018,"9 : 0.9961218, 2 : 0.0005242629, 9 : 0.0001951815",9
1.96304626329876E+018,"12 : 0.16794126, 12 : 0.061840467, 9 : 0.053765677",9
1.95878983706816E+018,"1 : 0.33634293, 1 : 0.29042932, 11 : 0.024125693",9
1.9581419099788E+018,"9 : 0.3474457, 1 : 0.32856965, 1 : 0.15867859",9
1.95729709295662E+018,"1 : 0.48957446, 1 : 0.1316766, 9 : 0.065663636",9
1.93865479038682E+018,"2 : 0.34935686, 11 : 0.049504373, 13 : 0.030879715",9
1.93656789944946E+018,"6 : 0.12310407, 4 : 0.087918244, 8 : 0.06610063",9
1.92760784855008E+018,"13 : 0.61771715, 13 : 0.075349934, 13 : 0.046832893",9
1.92626393105345E+018,"13 : 0.44411412, 13 : 0.15734352, 13 : 0.11929795",9
1.92547230052393E+018,"6 : 0.063567445, 2 : 0.0244, 6 : 0.020557892",9
1.92478871475442E+018,"1 : 0.4588003, 11 : 0.2301365, 2 : 0.12128475",9
1.91535657902718E+018,"2 : 0.31779784, 2 : 0.04460278, 4 : 0.031539764",9
1.91327818386232E+018,"7 : 0.10634, 14 : 0.04834646, 7 : 0.029185703",9
1.9111944109035E+018,"6 : 0.18151796, 13 : 0.093657084, 6 : 0.044703074",9
1.91096771513931E+018,"11 : 0.9393237, 11 : 0.013927012, 11 : 0.0061589135",9
1.91055663369257E+018,"13 : 0.41176796, 8 : 0.09736722, 2 : 0.064607345",9
1.9049694668407E+018,"2 : 0.22058223, 8 : 0.08941567, 10 : 0.069961935",9
1.90440864245141E+018,"10 : 0.65775114, 2 : 0.025590917, 9 : 0.022862073",9
1.90336630697386E+018,"11 : 0.5021982, 1 : 0.35475937, 11 : 0.056414764",9
1.9023770071831E+018,"3 : 0.47294033, 12 : 0.043124706, 4 : 0.04163737",9
1.90145878348242E+018,"9 : 0.2712026, 12 : 0.12984426, 13 : 0.07056775",9
1.90077664697201E+018,"13 : 0.117165, 3 : 0.11520874, 12 : 0.0870302",9
1.89786201357125E+018,"13 : 0.85739696, 13 : 0.036413662, 13 : 0.011912334",9
1.89709884904483E+018,"1 : 0.23229499, 1 : 0.09325938, 9 : 0.027113704",9
1.89567069239162E+018,"9 : 0.12302787, 4 : 0.07571536, 2 : 0.0721501",9
1.8952691808285E+018,"10 : 0.19405171, 2 : 0.18487783, 6 : 0.06903397",9
1.8940876588899E+018,"11 : 0.43789557, 2 : 0.37935284, 11 : 0.011262627",9
1.89346835883178E+018,"11 : 0.13034916, 13 : 0.07848696, 11 : 0.033612024",9
1.89287315774105E+018,"9 : 0.17751668, 13 : 0.07104169, 7 : 0.057027772",9
1.89276973243878E+018,"11 : 0.7049269, 11 : 0.05076795, 1 : 0.0331677",9
1.8921783786334E+018,"10 : 0.49721444, 2 : 0.08560091, 8 : 0.063365914",9
1.89149676815274E+018,"1 : 0.7699146, 12 : 0.048055094, 2 : 0.015818637",9
1.89081425457237E+018,"12 : 0.6215183, 12 : 0.19013663, 7 : 0.015588301",9
1.89015281912311E+018,"9 : 0.19556656, 1 : 0.18644539, 1 : 0.17516527",9
1.89015247014872E+018,"1 : 0.3442054, 1 : 0.1410471, 1 : 0.031632017",9
1.89015153953334E+018,"2 : 0.82884127, 11 : 0.059684653, 1 : 0.0075788232",9
1.88943102083746E+018,"7 : 0.2892145, 2 : 0.11790316, 7 : 0.09847223",9
1.88873943810532E+018,"6 : 0.3617681, 5 : 0.075999215, 2 : 0.042704068",9
1.88857588380459E+018,"13 : 0.58551204, 9 : 0.2248483, 13 : 0.042856917",9
1.88842639072475E+018,"4 : 0.25827998, 2 : 0.13178492, 12 : 0.07948796",9
1.88802533282729E+018,"13 : 0.21811505, 10 : 0.16048828, 2 : 0.06715672",9
1.88802154683053E+018,"7 : 0.27482438, 2 : 0.2107011, 12 : 0.16811547",9
1.88802037851553E+018,"2 : 0.9606083, 11 : 0.000965947, 7 : 0.00077014614",9
1.88794848236527E+018,"2 : 0.8251738, 12 : 0.16375029, 12 : 0.000903005",9
1.88789682207914E+018,"2 : 0.9100946, 3 : 0.004735978, 7 : 0.0032509645",9
1.88406725862224E+018,"2 : 0.14808077, 7 : 0.07830451, 2 : 0.07336761",9
1.87752293491273E+018,"7 : 0.2914342, 4 : 0.2613174, 12 : 0.19446965",9
1.87682864227558E+018,"8 : 0.30381486, 8 : 0.13857709, 12 : 0.04806632",9
1.87614042330967E+018,"4 : 0.43173555, 9 : 0.11640207, 13 : 0.09474552",9
1.87087777017767E+018,"7 : 0.11825985, 3 : 0.09255507, 7 : 0.039039247",9
1.8703484351884E+018,"2 : 0.32576844, 2 : 0.21281673, 12 : 0.054696966",9
1.87031714281163E+018,"12 : 0.3678879, 2 : 0.072002724, 11 : 0.031357672",9
1.86809011839944E+018,"12 : 0.34487286, 12 : 0.09258954, 4 : 0.08060554",9
1.86756312710288E+018,"12 : 0.6166488, 2 : 0.13565433, 12 : 0.0222671",9
1.79142674472699E+018,"9 : 0.7957784, 8 : 0.15345855, 8 : 0.0138446335",9
1.76272312459937E+018,"9 : 0.10981045, 2 : 0.08575187, 14 : 0.08433852",9
1.73479752806583E+018,"9 : 0.5406779, 11 : 0.300932, 9 : 0.043418262",9
1.73408340405472E+018,"2 : 0.15812841, 4 : 0.09798805, 2 : 0.091488734",9
1.72901905800918E+018,"9 : 0.06677937, 9 : 0.062360186, 1 : 0.04387583",9
1.72825755142422E+018,"9 : 0.6720519, 2 : 0.06388467, 9 : 0.03568534",9
1.72540600733483E+018,"9 : 0.33687976, 9 : 0.07187484, 2 : 0.031122668",9
1.72462054830448E+018,"5 : 0.15355343, 2 : 0.1414127, 9 : 0.10390688",9
1.72387619336085E+018,"2 : 0.43771905, 11 : 0.08082095, 11 : 0.07178769",9
1.72321757715491E+018,"1 : 0.1991386, 11 : 0.1168487, 8 : 0.021636317",9
1.71300944363952E+018,"3 : 0.5310102, 3 : 0.11565326, 3 : 0.03788513",9
1.71091078758727E+018,"2 : 0.3417093, 11 : 0.19288447, 12 : 0.14023004",9
1.71032169215473E+018,"2 : 0.58567953, 11 : 0.22062826, 13 : 0.019644251",9
1.70945428467846E+018,"2 : 0.46491376, 11 : 0.16270527, 11 : 0.022975348",9
1.70881207812468E+018,"12 : 0.051897924, 2 : 0.035953958, 3 : 0.027886003",9
1.70813802387704E+018,"11 : 0.70213735, 2 : 0.22758418, 11 : 0.013635199",9
1.63944582899933E+018,"7 : 0.39254242, 7 : 0.26429433, 2 : 0.08746677",9
1.53843714510967E+018,"5 : 0.52075326, 2 : 0.038088877, 2 : 0.015258269",9
1.5368997005891E+018,"12 : 0.8800049, 3 : 0.014397812, 7 : 0.009556539",9
1.53613321253829E+018,"5 : 0.419109, 3 : 0.056111895, 13 : 0.03822822",9
1.53542089120557E+018,"12 : 0.07096983, 2 : 0.06281268, 2 : 0.057248153",9
1.53322018001124E+018,"2 : 0.09819091, 7 : 0.08974974, 12 : 0.029374711",9
1.53257645011983E+018,"5 : 0.9135627, 8 : 0.005372456, 5 : 0.0030225266",9
1.53201986999733E+018,"9 : 0.15015925, 3 : 0.089274764, 12 : 0.05689858",9
1.53129601779294E+018,"12 : 0.66075003, 2 : 0.06449355, 7 : 0.0603237",9
1.50805013687681E+018,"7 : 0.20772927, 8 : 0.137401, 12 : 0.05385038",9
1.50665346360067E+018,"2 : 0.6392484, 12 : 0.15433708, 7 : 0.026499089",9
1.50572797854478E+018,"12 : 0.63121504, 12 : 0.12517041, 12 : 0.040997475",9
1.5027998971903E+018,"12 : 0.12120251, 2 : 0.10201964, 12 : 0.07090496",9
1.50139556951893E+018,"7 : 0.35441437, 11 : 0.11780724, 12 : 0.0997313",9
1.49717173367621E+018,"7 : 0.2988089, 2 : 0.10562257, 12 : 0.07824386",9
1.49631883196545E+018,"2 : 0.4214313, 4 : 0.07624486, 3 : 0.0624398",9
1.49559293067596E+018,"12 : 0.5245494, 2 : 0.09752301, 7 : 0.016231004",9
1.49286984894955E+018,"12 : 0.0781689, 12 : 0.054857936, 12 : 0.033880495",9
1.49268302353452E+018,"12 : 0.21695513, 12 : 0.16093042, 2 : 0.0865557",9
1.49195650806456E+018,"12 : 0.12948829, 12 : 0.06322361, 4 : 0.05695328",9
1.48546428149479E+018,"9 : 0.39753726, 9 : 0.34281817, 9 : 0.01842128",9
1.45648188878846E+018,"13 : 0.24325532, 9 : 0.20564462, 8 : 0.04846109",9
1.45594457819597E+018,"9 : 0.2644319, 13 : 0.09371626, 9 : 0.061991688",9
1.45144190770719E+018,"13 : 0.3770621, 9 : 0.14311104, 9 : 0.013450883",9
1.44636851082451E+018,"9 : 0.1500186, 2 : 0.09555785, 2 : 0.081678905",9
1.44561979406496E+018,"2 : 0.3565709, 13 : 0.058672383, 2 : 0.054121967",9
1.44052732199084E+018,"2 : 0.18036605, 9 : 0.16710335, 4 : 0.1461885",9
1.43982603074648E+018,"9 : 0.70392317, 7 : 0.008401837, 9 : 0.007396663",9
1.43906025089537E+018,"9 : 0.4351188, 2 : 0.07077208, 10 : 0.03787185",9
1.43619749622856E+018,"2 : 0.19288221, 2 : 0.14136031, 9 : 0.11949974",9
1.43549314914009E+018,"9 : 0.9893512, 2 : 0.0030260447, 9 : 0.0012545502",9
1.43491296871756E+018,"9 : 0.18563917, 4 : 0.12387641, 2 : 0.06745283",9
1.42528982842928E+018,"9 : 0.8687917, 5 : 0.047529053, 8 : 0.026071755",9
1.42460214460623E+018,"9 : 0.81238157, 2 : 0.026082963, 9 : 0.025834069",9
1.42398383873185E+018,"9 : 0.9178649, 2 : 0.007192774, 5 : 0.0036449572",9
2.20610656484308E+018,"13 : 0.055356447, 13 : 0.054311387, 2 : 0.051662333",9
1.77315804466834E+018,"7 : 0.6165595, 7 : 0.17849497, 10 : 0.03251911",9
1.51406934531831E+018,"6 : 0.70186055, 14 : 0.07650131, 7 : 0.037292454",9
1.78342574793734E+018,"10 : 0.45398438, 7 : 0.43659127, 7 : 0.04886949",9
1.92265413718861E+018,"12 : 0.32034165, 2 : 0.062117115, 12 : 0.05371965",9
2.06250763501557E+018,"7 : 0.031569786, 2 : 0.031456172, 2 : 0.024411717",9
1.72777174881384E+018,"2 : 0.38252497, 14 : 0.09139415, 7 : 0.07317499",9
1.65791842347041E+018,"3 : 0.7277352, 3 : 0.034895744, 3 : 0.027701763",9
1.89594794217749E+018,"1 : 0.49897262, 2 : 0.14256601, 11 : 0.07855011",9
1.70454890152229E+018,"7 : 0.8351184, 7 : 0.089495555, 7 : 0.008652485",9
1.89729711176433E+018,"2 : 0.08502134, 3 : 0.06844543, 12 : 0.04861677",9
2.20579217776688E+018,"3 : 0.24441992, 7 : 0.14317417, 7 : 0.1186925",9
2.20309297893437E+018,"3 : 0.7633203, 3 : 0.050529867, 3 : 0.01940903",9
2.2007359867917E+018,"3 : 0.4045269, 3 : 0.32896933, 3 : 0.019035988",9
2.19858187436488E+018,"2 : 0.3354466, 11 : 0.30389076, 3 : 0.05333283",9
2.19792618334209E+018,"3 : 0.4954173, 2 : 0.14654756, 2 : 0.062832616",9
2.19566812587842E+018,"3 : 0.4945416, 3 : 0.37284455, 7 : 0.051784035",9
2.19371301308576E+018,"3 : 0.29702106, 12 : 0.062382024, 7 : 0.0526679",9
2.19287204559587E+018,"13 : 0.93174857, 2 : 0.06390926, 9 : 0.0008139587",9
2.1915769043736E+018,"3 : 0.9029191, 2 : 0.016064275, 2 : 0.0059669972",9
2.19070790977248E+018,"2 : 0.86572146, 4 : 0.08831302, 9 : 0.006685175",9
2.18996747317984E+018,"3 : 0.3296634, 3 : 0.12738888, 3 : 0.08806656",9
2.18723169466744E+018,"3 : 0.52534723, 7 : 0.1912208, 3 : 0.04962713",9
2.18658149865268E+018,"3 : 0.5751326, 3 : 0.053244993, 2 : 0.010203178",9
2.18582059956902E+018,"3 : 0.9019194, 3 : 0.028561622, 3 : 0.010331592",9
2.18552761976051E+018,"2 : 0.39532417, 3 : 0.16515782, 7 : 0.07373421",9
2.18344250412121E+018,"3 : 0.108791865, 3 : 0.0860988, 3 : 0.06661536",9
2.18229565820409E+018,"3 : 0.1183765, 3 : 0.08101301, 3 : 0.072786786",9
2.18070161847189E+018,"2 : 0.13177213, 2 : 0.08785994, 2 : 0.08706819",9
2.18045520694532E+018,"3 : 0.2446411, 3 : 0.22394392, 7 : 0.0986585",9
2.17973702837619E+018,"3 : 0.19377944, 3 : 0.1714263, 3 : 0.09059288",9
2.17906515713792E+018,"3 : 0.23829241, 3 : 0.08649722, 3 : 0.06686927",9
2.17901867544978E+018,"3 : 0.30109274, 3 : 0.17037028, 3 : 0.1185998",9
2.17535016709256E+018,"3 : 0.5231998, 3 : 0.08079913, 3 : 0.07661656",9
2.17489891070652E+018,"3 : 0.74395096, 3 : 0.06765655, 3 : 0.046382718",9
2.17272919213999E+018,"3 : 0.548975, 3 : 0.18758935, 3 : 0.03972287",9
2.17190168652061E+018,"7 : 0.4487776, 3 : 0.22926018, 3 : 0.07921368",9
2.17103842686695E+018,"2 : 0.44061032, 3 : 0.14924608, 2 : 0.105167985",9
2.17028167957543E+018,"3 : 0.863621, 3 : 0.026129222, 3 : 0.018076818",9
2.1688992758734E+018,"3 : 0.06785504, 3 : 0.0674425, 3 : 0.051805936",9
2.16694990389352E+018,"3 : 0.4536002, 3 : 0.07687966, 3 : 0.034571376",9
2.16533542092219E+018,"7 : 0.43724075, 3 : 0.09035131, 3 : 0.07833338",9
2.16349357543491E+018,"3 : 0.88633937, 3 : 0.04367917, 3 : 0.0029730708",9
2.16115996890094E+018,"3 : 0.88233924, 3 : 0.009538437, 3 : 0.0058453083",9
2.15876185529683E+018,"3 : 0.84764236, 3 : 0.13078761, 3 : 0.0018810233",9
2.15802244327331E+018,"3 : 0.25815096, 3 : 0.15962204, 3 : 0.11072935",9
2.15769049740624E+018,"3 : 0.9176649, 3 : 0.026930366, 2 : 0.026532754",9
2.15747035393344E+018,"3 : 0.7743641, 3 : 0.1229438, 3 : 0.03663578",9
2.15504012434225E+018,"3 : 0.3825943, 7 : 0.34610164, 3 : 0.14986967",9
2.154579664279E+018,"3 : 0.29710156, 3 : 0.20562743, 3 : 0.15653704",9
2.15443746906871E+018,"2 : 0.09935345, 3 : 0.06744472, 3 : 0.047919497",9
2.15371439710567E+018,"3 : 0.9936126, 3 : 0.0008959133, 3 : 0.0005278506",9
2.14519677251597E+018,"3 : 0.6256494, 12 : 0.07774538, 9 : 0.016535306",9
2.1436948874476E+018,"4 : 0.37111363, 7 : 0.09284638, 7 : 0.0914986",9
2.14306005579753E+018,"3 : 0.8531701, 3 : 0.09936615, 3 : 0.00472645",9
2.13875832953987E+018,"7 : 0.7245516, 3 : 0.032072555, 13 : 0.01853097",9
2.13836670751807E+018,"3 : 0.72562814, 3 : 0.06336107, 3 : 0.05146632",9
2.1369264813019E+018,"3 : 0.55912054, 3 : 0.069931, 3 : 0.065874934",9
2.13475113800476E+018,"3 : 0.39999634, 7 : 0.17593814, 3 : 0.058042955",9
2.13332230666403E+018,"3 : 0.5635558, 3 : 0.08960627, 3 : 0.083588175",9
2.13258824111994E+018,"3 : 0.1399723, 3 : 0.13691428, 3 : 0.121437475",9
2.1318176496306E+018,"3 : 0.3648949, 3 : 0.04314266, 12 : 0.026269702",9
2.11875922076259E+018,"7 : 0.19712378, 2 : 0.1927607, 7 : 0.10094561",9
2.11826323116959E+018,"3 : 0.12541303, 5 : 0.08796782, 7 : 0.060078703",9
2.1176759429199E+018,"3 : 0.6789105, 3 : 0.032835647, 2 : 0.028863244",9
2.11737685140513E+018,"2 : 0.4225903, 3 : 0.056452077, 3 : 0.047376163",9
2.11601629155588E+018,"3 : 0.9301398, 12 : 0.026909942, 3 : 0.021411981",9
2.11592004937502E+018,"3 : 0.59992135, 3 : 0.037651442, 3 : 0.032374766",9
2.11369279051804E+018,"3 : 0.58580846, 3 : 0.12260385, 3 : 0.023578772",9
2.11302744201803E+018,"7 : 0.08618863, 2 : 0.06494843, 3 : 0.044347957",9
2.11174641391545E+018,"3 : 0.36918017, 3 : 0.19595058, 7 : 0.03488173",9
2.11086159707429E+018,"2 : 0.44238916, 3 : 0.048382774, 3 : 0.031207867",9
2.10864564936595E+018,"3 : 0.123159625, 3 : 0.10145028, 3 : 0.09982501",9
2.10720598877718E+018,"11 : 0.20752047, 3 : 0.09347795, 7 : 0.07998956",9
2.10573363723756E+018,"2 : 0.21943691, 2 : 0.07138437, 11 : 0.07043752",9
2.10459714035459E+018,"2 : 0.50354177, 2 : 0.07263369, 10 : 0.011660573",9
2.10213309026999E+018,"3 : 0.8299376, 3 : 0.054116197, 3 : 0.006134084",9
2.0994785794746E+018,"7 : 0.32186413, 3 : 0.14045997, 3 : 0.09907217",9
2.09919501831826E+018,"3 : 0.66664237, 3 : 0.21100044, 3 : 0.023432175",9
2.09847109281437E+018,"3 : 0.70311856, 3 : 0.14994605, 2 : 0.030492514",9
2.09708787261719E+018,"7 : 0.8804193, 3 : 0.028719116, 3 : 0.0128631",9
2.09585179902317E+018,"3 : 0.18435846, 2 : 0.112401865, 3 : 0.101371385",9
2.09482395578656E+018,"3 : 0.656345, 9 : 0.042413447, 7 : 0.02972536",9
2.09413576187733E+018,"3 : 0.8456094, 3 : 0.024668178, 2 : 0.017393097",9
2.09339785488749E+018,"3 : 0.24581514, 3 : 0.14701542, 3 : 0.102262914",9
2.09284148752505E+018,"3 : 0.32872188, 3 : 0.18047033, 3 : 0.16661826",9
2.09274841393966E+018,"3 : 0.115881704, 2 : 0.08976798, 13 : 0.030923128",9
2.09236956687002E+018,"3 : 0.22376166, 3 : 0.09423998, 2 : 0.08652331",9
2.09124684134679E+018,"3 : 0.8443234, 7 : 0.0060768616, 2 : 0.0029432212",9
2.09063554473331E+018,"3 : 0.34014285, 3 : 0.33484724, 3 : 0.07183772",9
2.09054529964395E+018,"3 : 0.7554631, 3 : 0.07064823, 5 : 0.032179877",9
2.08905054870901E+018,"3 : 0.25882086, 3 : 0.1370651, 3 : 0.10809667",9
2.0883219782735E+018,"3 : 0.523531, 3 : 0.068286985, 3 : 0.044204958",9
2.08770267022908E+018,"3 : 0.4959563, 3 : 0.07012157, 3 : 0.043740656",9
2.08647282906856E+018,"3 : 0.672732, 12 : 0.256312, 3 : 0.016126908",9
2.08616012725536E+018,"3 : 0.8244175, 3 : 0.029051073, 3 : 0.020826574",9
2.08544250151218E+018,"9 : 0.83781505, 3 : 0.01692135, 3 : 0.012332659",9
2.08409773615362E+018,"3 : 0.3650931, 3 : 0.29686788, 3 : 0.045611665",9
2.08337490341707E+018,"3 : 0.26035616, 3 : 0.024442317, 12 : 0.01631202",9
2.08258900989861E+018,"3 : 0.35682333, 3 : 0.098451726, 3 : 0.0745257",9
2.08123153978358E+018,"3 : 0.33563012, 3 : 0.32738096, 3 : 0.15777843",9
2.08041360993612E+018,"3 : 0.7730547, 3 : 0.018330717, 14 : 0.012890317",9
2.077010854165E+018,"3 : 0.23970662, 3 : 0.0737309, 3 : 0.071405835",9
2.07620661726055E+018,"7 : 0.64891565, 3 : 0.06925606, 3 : 0.02459064",9
2.07607588585481E+018,"3 : 0.85125864, 3 : 0.039145328, 3 : 0.005612055",9
2.07547182459182E+018,"3 : 0.24094586, 3 : 0.20414875, 2 : 0.08881541",9
2.07353454173536E+018,"7 : 0.3375018, 2 : 0.13338478, 7 : 0.058175795",9
2.07256279399289E+018,"3 : 0.679705, 12 : 0.23975903, 3 : 0.040358752",9
2.07244837449534E+018,"7 : 0.38679716, 7 : 0.09623502, 3 : 0.0925823",9
2.07172087114124E+018,"3 : 0.26738742, 3 : 0.18343194, 3 : 0.061306242",9
2.06875275287352E+018,"3 : 0.30238393, 3 : 0.1626902, 3 : 0.048505403",9
2.0682125373396E+018,"3 : 0.6925202, 3 : 0.032356013, 3 : 0.031079654",9
2.06802971854175E+018,"3 : 0.6663252, 3 : 0.25452363, 3 : 0.026851164",9
2.06746778204955E+018,"3 : 0.28877681, 3 : 0.22396962, 3 : 0.19420682",9
2.06745582418968E+018,"7 : 0.2828787, 3 : 0.035121087, 6 : 0.02887818",9
2.06662647839483E+018,"7 : 0.3354556, 3 : 0.2363962, 7 : 0.044677913",9
2.06589477320365E+018,"3 : 0.18366322, 7 : 0.11159717, 7 : 0.0970811",9
2.06520960122316E+018,"3 : 0.48230624, 3 : 0.25093684, 2 : 0.028124813",9
2.06395953613537E+018,"6 : 0.4634874, 6 : 0.33533043, 3 : 0.027201049",9
2.06369087144382E+018,"3 : 0.32130504, 3 : 0.29014108, 3 : 0.06648921",9
2.06298830232114E+018,"3 : 0.21462466, 3 : 0.16528861, 3 : 0.09290239",9
2.06229161213592E+018,"3 : 0.050222177, 3 : 0.0429564, 3 : 0.042413007",9
2.06169496905324E+018,"3 : 0.41960904, 3 : 0.2807014, 3 : 0.15468696",9
2.06078398025016E+018,"3 : 0.5023921, 12 : 0.22752975, 13 : 0.092652",9
2.06011703365327E+018,"3 : 0.14777735, 3 : 0.052508764, 3 : 0.023384616",9
2.05866219832418E+018,"3 : 0.48713586, 12 : 0.057112835, 2 : 0.052589178",9
2.05800194347916E+018,"3 : 0.65119606, 3 : 0.04965075, 3 : 0.022481522",9
2.0578855849296E+018,"3 : 0.073275164, 3 : 0.065930605, 3 : 0.053300325",9
2.0574534937462E+018,"3 : 0.98553514, 3 : 0.0017958689, 2 : 0.00048739437",9
2.05649654026201E+018,"13 : 0.13711494, 13 : 0.10957663, 3 : 0.1032611",9
2.05647992687542E+018,"12 : 0.8457814, 7 : 0.008574025, 7 : 0.0039409758",9
2.05602680360458E+018,"3 : 0.7704178, 3 : 0.06963412, 3 : 0.036382172",9
2.05570885008828E+018,"2 : 0.90254325, 2 : 0.02675554, 2 : 0.023453385",9
2.0550432659689E+018,"3 : 0.5487356, 12 : 0.15887181, 7 : 0.020590983",9
2.05353450983361E+018,"2 : 0.75418925, 3 : 0.030309753, 2 : 0.025424713",9
2.05281153917136E+018,"3 : 0.26909542, 2 : 0.16679007, 3 : 0.09778603",9
2.05216795604713E+018,"3 : 0.24999866, 2 : 0.09128651, 11 : 0.071996935",9
2.05151364698046E+018,"3 : 0.55186117, 6 : 0.18165348, 3 : 0.05989505",9
2.05063728549545E+018,"3 : 0.28971708, 3 : 0.12256353, 3 : 0.10396467",9
2.05022357620004E+018,"2 : 0.49401686, 3 : 0.09114289, 3 : 0.048938744",9
2.05004057450715E+018,"3 : 0.5218344, 3 : 0.02876416, 3 : 0.028568052",9
2.0499282173824E+018,"7 : 0.3243572, 3 : 0.29280072, 12 : 0.07612392",9
2.04857011851617E+018,"2 : 0.9901501, 2 : 0.0062110033, 8 : 0.0011928276",9
2.04850883923979E+018,"3 : 0.36989495, 3 : 0.10776358, 3 : 0.09203055",9
2.04773516075933E+018,"3 : 0.33304378, 3 : 0.09704456, 3 : 0.08707958",9
2.04738936100521E+018,"3 : 0.6270389, 3 : 0.21316697, 3 : 0.039324034",9
2.04646373888799E+018,"7 : 0.9959934, 3 : 0.00052368816, 3 : 0.00037460207",9
2.04569670333778E+018,"3 : 0.6431914, 3 : 0.03856501, 3 : 0.034329817",9
2.04561257340098E+018,"3 : 0.22868077, 3 : 0.22241162, 2 : 0.05136872",9
2.0438570465892E+018,"12 : 0.64274806, 12 : 0.0816373, 2 : 0.010825024",9
2.04338853373072E+018,"3 : 0.36809108, 3 : 0.26791996, 3 : 0.08858419",9
2.04279511807264E+018,"3 : 0.2636005, 3 : 0.2601796, 3 : 0.10820805",9
2.04268203118951E+018,"7 : 0.77060467, 3 : 0.065853834, 7 : 0.06187818",9
2.04199389433937E+018,"2 : 0.18411438, 3 : 0.14361376, 3 : 0.10754102",9
2.04135767185797E+018,"3 : 0.7865472, 3 : 0.102143504, 2 : 0.04540973",9
2.04049090785502E+018,"3 : 0.87002355, 3 : 0.021907972, 7 : 0.017092474",9
2.03985260941967E+018,"3 : 0.9620364, 3 : 0.0064112153, 3 : 0.0006922438",9
2.03858999372465E+018,"3 : 0.1008691, 3 : 0.057320543, 3 : 0.03058673",9
2.03774539899214E+018,"3 : 0.22756405, 3 : 0.19319658, 5 : 0.082435764",9
2.03759222872268E+018,"3 : 0.34712473, 2 : 0.15225264, 3 : 0.08135162",9
2.03657659253644E+018,"3 : 0.60390806, 3 : 0.16238976, 3 : 0.036596593",9
2.03647095343036E+018,"3 : 0.46902958, 3 : 0.367856, 3 : 0.099153325",9
2.03646617225082E+018,"7 : 0.5224847, 7 : 0.042210776, 3 : 0.019164104",9
2.03543912119256E+018,"3 : 0.6948831, 3 : 0.035726767, 2 : 0.0123536475",9
2.03349794524168E+018,"12 : 0.930727, 7 : 0.008901834, 6 : 0.0017510445",9
2.03252448422661E+018,"3 : 0.44870284, 3 : 0.308945, 3 : 0.043591313",9
2.03190542720302E+018,"3 : 0.109116256, 3 : 0.083076924, 2 : 0.04808642",9
2.03111459068039E+018,"7 : 0.10235156, 2 : 0.09304213, 2 : 0.08173407",9
2.03036215178625E+018,"3 : 0.36981127, 2 : 0.22817507, 12 : 0.031413667",9
2.02971882766872E+018,"3 : 0.38102484, 3 : 0.1723574, 3 : 0.08005474",9
2.02901193588773E+018,"7 : 0.076007694, 7 : 0.039649498, 3 : 0.027218323",9
2.0269842702515E+018,"3 : 0.08054366, 2 : 0.07699259, 3 : 0.058128446",9
2.02678251002736E+018,"3 : 0.2186128, 3 : 0.14053012, 3 : 0.100848466",9
2.0260748970777E+018,"3 : 0.7963772, 3 : 0.08238354, 3 : 0.049742065",9
2.02570110828015E+018,"7 : 0.2179732, 7 : 0.08886286, 3 : 0.040052507",9
2.0253264011145E+018,"3 : 0.92682284, 3 : 0.015129484, 3 : 0.014887651",9
2.02458668885427E+018,"3 : 0.87854236, 3 : 0.0134129105, 3 : 0.0130219655",9
2.02313284499993E+018,"3 : 0.5563397, 3 : 0.07535503, 3 : 0.06257329",9
2.02259577580638E+018,"3 : 0.80151516, 3 : 0.0288674, 7 : 0.026407052",9
2.02244067852277E+018,"3 : 0.9917971, 3 : 0.0005868217, 3 : 0.0004734616",9
2.02173712427526E+018,"3 : 0.91630197, 3 : 0.017084964, 2 : 0.0024820704",9
2.02062262551E+018,"7 : 0.15892182, 2 : 0.095445484, 3 : 0.07274105",9
2.02026735288692E+018,"3 : 0.60532224, 3 : 0.24341395, 3 : 0.019740444",9
2.01961014803916E+018,"3 : 0.57013905, 3 : 0.09291536, 3 : 0.02734519",9
2.01948898852165E+018,"3 : 0.32998374, 2 : 0.28595826, 3 : 0.043457653",9
2.01805418888771E+018,"12 : 0.914324, 2 : 0.04924899, 3 : 0.031103516",9
2.01740396127322E+018,"3 : 0.32087216, 3 : 0.21905133, 3 : 0.05943392",9
2.0168630029097E+018,"2 : 0.5909462, 3 : 0.032845765, 7 : 0.032687087",9
2.01591281915942E+018,"3 : 0.06670457, 12 : 0.059841853, 12 : 0.04240807",9
2.0153788288114E+018,"3 : 0.11449224, 3 : 0.05403469, 2 : 0.05046025",9
2.01491233656669E+018,"12 : 0.119574465, 4 : 0.10550991, 2 : 0.060541853",9
2.01454726915267E+018,"3 : 0.9669658, 3 : 0.010883304, 3 : 0.00033430368",9
2.01454095618946E+018,"3 : 0.43869242, 3 : 0.22742377, 3 : 0.0879181",9
2.0129968646536E+018,"3 : 0.13578627, 3 : 0.04483394, 3 : 0.03072713",9
2.01238469547378E+018,"3 : 0.588606, 3 : 0.072069556, 7 : 0.046727844",9
2.01227050306438E+018,"4 : 0.46849468, 9 : 0.3165616, 12 : 0.034045946",9
2.01178428156911E+018,"3 : 0.96115524, 3 : 0.010571181, 3 : 0.010370804",9
2.01156342595395E+018,"3 : 0.8868712, 4 : 0.07430137, 14 : 0.006018953",9
2.01084182091519E+018,"3 : 0.77975595, 3 : 0.044311773, 2 : 0.00849392",9
2.01012143889355E+018,"3 : 0.8715458, 3 : 0.03539489, 3 : 0.020028487",9
2.00729260543366E+018,"3 : 0.5229607, 3 : 0.109818004, 3 : 0.08467235",9
2.00719331243378E+018,"3 : 0.9210436, 3 : 0.014236704, 7 : 0.003523329",9
2.00651280803411E+018,"3 : 0.29480717, 3 : 0.28019407, 3 : 0.056254096",9
2.00578689810455E+018,"3 : 0.24186037, 3 : 0.17915738, 3 : 0.12638716",9
2.00503618078758E+018,"3 : 0.5198197, 3 : 0.09408096, 3 : 0.053757768",9
2.00455018431688E+018,"3 : 0.8479116, 3 : 0.050790925, 3 : 0.022653647",9
2.0028529324436E+018,"3 : 0.6293313, 3 : 0.3658771, 2 : 0.00086230016",9
2.00212876462652E+018,"3 : 0.96860695, 3 : 0.0017391042, 3 : 0.0016188782",9
2.00145117978129E+018,"7 : 0.18802448, 3 : 0.041453194, 3 : 0.03827326",9
2.00069959212948E+018,"10 : 0.114617564, 2 : 0.09754225, 3 : 0.031029815",9
2.00010209244422E+018,"3 : 0.783508, 12 : 0.06939521, 3 : 0.026397225",9
1.99994950734723E+018,"3 : 0.9582543, 3 : 0.001223683, 6 : 0.00054309046",9
1.99937896707101E+018,"3 : 0.8043002, 2 : 0.027167933, 2 : 0.016323777",9
1.99922304392884E+018,"7 : 0.111735195, 13 : 0.091599695, 8 : 0.08384512",9
1.99777270547232E+018,"7 : 0.12075932, 7 : 0.07764893, 7 : 0.07764104",9
1.99714796156784E+018,"2 : 0.2482131, 2 : 0.13696548, 3 : 0.1294497",9
1.99704709553589E+018,"3 : 0.1361176, 3 : 0.13402435, 3 : 0.043774363",9
1.99634624688294E+018,"13 : 0.6448121, 2 : 0.017950974, 3 : 0.010888492",9
1.99562654660358E+018,"3 : 0.61953396, 3 : 0.050196033, 3 : 0.042103525",9
1.99488209037447E+018,"3 : 0.5793429, 3 : 0.057494514, 5 : 0.048584405",9
1.99457606245391E+018,"7 : 0.2271045, 3 : 0.13734144, 3 : 0.071644925",9
1.99377962501712E+018,"3 : 0.5646627, 3 : 0.09006412, 3 : 0.06704042",9
1.99274229098493E+018,"3 : 0.10482458, 3 : 0.084603384, 3 : 0.08265092",9
1.99128249801353E+018,"3 : 0.3464633, 7 : 0.13393633, 3 : 0.06956764",9
1.9905720019079E+018,"2 : 0.19386761, 3 : 0.09612729, 2 : 0.03763223",9
1.98987399287423E+018,"3 : 0.58276105, 3 : 0.07552814, 2 : 0.06467631",9
1.98935919711269E+018,"3 : 0.5395594, 3 : 0.1351573, 7 : 0.068616845",9
1.98765897179671E+018,"3 : 0.39312014, 3 : 0.030421019, 2 : 0.024727069",9
1.98691883418369E+018,"3 : 0.5083717, 14 : 0.049340926, 11 : 0.03495797",9
1.98638077188808E+018,"2 : 0.313171, 3 : 0.11883978, 3 : 0.081002325",9
1.98620870887968E+018,"3 : 0.9388027, 3 : 0.006885669, 2 : 0.002357612",9
1.98549410262444E+018,"7 : 0.3808308, 3 : 0.22605477, 3 : 0.06536584",9
1.98474467762279E+018,"3 : 0.4663901, 3 : 0.12809202, 3 : 0.08317062",9
1.98414398571147E+018,"3 : 0.9650149, 2 : 0.007526783, 3 : 0.0041271956",9
1.98262587862691E+018,"5 : 0.26571122, 3 : 0.09303581, 3 : 0.07171012",9
1.98184522493488E+018,"3 : 0.222168, 3 : 0.13020208, 3 : 0.11705248",9
1.97965526572127E+018,"3 : 0.2015633, 3 : 0.13097487, 3 : 0.074145555",9
1.97629702559285E+018,"3 : 0.7438173, 7 : 0.03358672, 13 : 0.014295803",9
1.97178878768487E+018,"3 : 0.6299095, 13 : 0.20132685, 1 : 0.0039087506",9
1.96556172947576E+018,"2 : 0.9624495, 11 : 0.0038762975, 5 : 0.0020612543",9
1.96554462393797E+018,"2 : 0.59346056, 1 : 0.030059561, 13 : 0.028276192",9
1.94294190731315E+018,"3 : 0.40504202, 3 : 0.070348375, 3 : 0.06944052",9
1.94081055066289E+018,"3 : 0.25922588, 12 : 0.11596538, 3 : 0.06709155",9
1.94056739059318E+018,"3 : 0.62085986, 3 : 0.22061968, 3 : 0.042550925",9
1.93983514847217E+018,"2 : 0.5859235, 13 : 0.027143411, 2 : 0.025816826",9
1.93049059907362E+018,"7 : 0.07391528, 7 : 0.050749343, 7 : 0.047332603",9
1.92184002836813E+018,"6 : 0.7257626, 6 : 0.2249691, 6 : 0.012579028",9
1.9203903221881E+018,"3 : 0.40970513, 3 : 0.19001025, 3 : 0.028034214",9
1.92034250306044E+018,"12 : 0.47698548, 2 : 0.07208388, 1 : 0.010841853",9
1.90833984131174E+018,"2 : 0.2090757, 7 : 0.08999586, 12 : 0.06905222",9
1.90019990763964E+018,"3 : 0.23461492, 3 : 0.20695002, 3 : 0.08598077",9
1.88477807864442E+018,"3 : 0.4064734, 3 : 0.30702272, 3 : 0.034716405",9
1.86745934448563E+018,"2 : 0.8866771, 7 : 0.010347741, 12 : 0.0068415627",9
1.86385885341249E+018,"3 : 0.847723, 3 : 0.114700586, 3 : 0.015999233",9
1.86241804839924E+018,"3 : 0.27973387, 3 : 0.18884693, 3 : 0.1769229",9
1.82762305775084E+018,"7 : 0.06403149, 2 : 0.060876712, 2 : 0.03976257",9
1.82320142933606E+018,"3 : 0.3655663, 3 : 0.26088774, 12 : 0.061292894",9
1.81671525147258E+018,"2 : 0.62547594, 3 : 0.3185656, 2 : 0.0030603444",9
1.81188648295806E+018,"2 : 0.5006862, 12 : 0.01852957, 2 : 0.01420411",9
1.80942571926174E+018,"3 : 0.9469278, 3 : 0.008787053, 3 : 0.007298181",9
1.79629073733344E+018,"3 : 0.52761567, 3 : 0.15746558, 3 : 0.0662391",9
2.20907325879222E+018,"7 : 0.38944, 11 : 0.31297204, 1 : 0.027917607",9
2.20736053169897E+018,"2 : 0.039742973, 2 : 0.03897589, 2 : 0.034528702",9
2.20513852674446E+018,"3 : 0.1799577, 2 : 0.15935206, 3 : 0.08982568",9
2.20145450354748E+018,"2 : 0.33000407, 2 : 0.15380138, 2 : 0.058785472",9
2.20023798849467E+018,"7 : 0.30602986, 2 : 0.25995436, 2 : 0.11467258",9
2.19637609436247E+018,"7 : 0.5101548, 12 : 0.06648072, 2 : 0.042140666",9
2.1945740847976E+018,"7 : 0.3958615, 7 : 0.31960583, 2 : 0.082326636",9
2.19131136091518E+018,"7 : 0.7002558, 2 : 0.012331786, 7 : 0.00638922",9
2.19058969685442E+018,"12 : 0.5292495, 3 : 0.26887158, 12 : 0.02592267",9
2.18699037236704E+018,"2 : 0.17190261, 3 : 0.13917586, 11 : 0.0803098",9
2.18447596071272E+018,"3 : 0.0953354, 3 : 0.075817645, 3 : 0.06477331",9
2.18195691295907E+018,"7 : 0.47693065, 7 : 0.3224161, 3 : 0.10754642",9
2.17973127044414E+018,"12 : 0.13857166, 7 : 0.13275416, 2 : 0.09947583",9
2.17939952179311E+018,"12 : 0.19455956, 14 : 0.043893747, 12 : 0.039040893",9
2.17934950970955E+018,"2 : 0.08453734, 2 : 0.057417426, 13 : 0.055112023",9
2.17934710144046E+018,"3 : 0.5104231, 2 : 0.07620594, 2 : 0.012755933",9
2.1792730210957E+018,"13 : 0.29050046, 9 : 0.062072948, 2 : 0.025489377",9
2.17556401299405E+018,"2 : 0.3149832, 3 : 0.20826346, 3 : 0.12617725",9
2.16545209815463E+018,"1 : 0.45981145, 11 : 0.11409942, 11 : 0.08998392",9
2.16019811879313E+018,"7 : 0.16051975, 7 : 0.06677259, 2 : 0.031839643",9
2.15972900348167E+018,"7 : 0.35840708, 3 : 0.18548743, 7 : 0.14019215",9
2.15729288995317E+018,"7 : 0.28882724, 2 : 0.14548042, 7 : 0.07764567",9
2.15506664501027E+018,"13 : 0.16016382, 2 : 0.15074976, 10 : 0.08378917",9
2.15366691484979E+018,"3 : 0.95005494, 12 : 0.00798122, 12 : 0.0035543372",9
2.1507358891695E+018,"7 : 0.2964403, 12 : 0.2408981, 12 : 0.049925815",9
2.14952039374518E+018,"2 : 0.6564393, 2 : 0.03460449, 7 : 0.02992017",9
2.14593071694539E+018,"7 : 0.7958191, 7 : 0.07433639, 7 : 0.025213614",9
2.14376082280401E+018,"3 : 0.82010275, 12 : 0.06871772, 13 : 0.056175057",9
2.14000995703946E+018,"7 : 0.112041965, 7 : 0.09914924, 12 : 0.03941548",9
2.1393925359284E+018,"10 : 0.12531513, 7 : 0.08475733, 7 : 0.04832803",9
2.13871237687101E+018,"2 : 0.3094508, 13 : 0.10905791, 12 : 0.09038507",9
2.1362700079407E+018,"7 : 0.4382485, 7 : 0.14812802, 6 : 0.03179494",9
2.13509609269864E+018,"12 : 0.3392076, 12 : 0.10539414, 12 : 0.06508945",9
2.13413268316549E+018,"13 : 0.23341198, 2 : 0.124155946, 12 : 0.08313696",9
2.12896037506492E+018,"2 : 0.3441068, 7 : 0.13746457, 7 : 0.13056013",9
2.12395220547322E+018,"7 : 0.7481625, 7 : 0.06531532, 11 : 0.027059916",9
2.10455254672209E+018,"2 : 0.19382316, 9 : 0.15486817, 8 : 0.048754517",9
2.09587309904089E+018,"7 : 0.32441822, 7 : 0.033475194, 7 : 0.027720554",9
2.09213289823388E+018,"7 : 0.17273885, 2 : 0.07309307, 3 : 0.06560902",9
2.07894406173515E+018,"7 : 0.57419974, 7 : 0.14616512, 3 : 0.008058471",9
2.077835395158E+018,"7 : 0.24230361, 12 : 0.07508385, 7 : 0.063874885",9
2.07774211805675E+018,"2 : 0.7024604, 8 : 0.08932127, 2 : 0.08083523",9
2.0775345889865E+018,"7 : 0.41857216, 7 : 0.16138326, 2 : 0.062731355",9
2.07604303986593E+018,"2 : 0.57725155, 3 : 0.1210449, 2 : 0.03187682",9
2.07388251262041E+018,"7 : 0.5335154, 2 : 0.07038724, 2 : 0.03769453",9
2.07357788068836E+018,"7 : 0.31699744, 13 : 0.0862782, 7 : 0.08560584",9
2.07281833437146E+018,"12 : 0.07078515, 3 : 0.05838522, 3 : 0.055160712",9
2.07131319754304E+018,"2 : 0.25545868, 7 : 0.23441514, 7 : 0.1683769",9
2.07096960723092E+018,"12 : 0.15900472, 2 : 0.107416146, 13 : 0.105462715",9
2.07024965294461E+018,"2 : 0.22335185, 2 : 0.059771225, 3 : 0.044877037",9
2.06880818765551E+018,"7 : 0.16675426, 2 : 0.13143554, 7 : 0.10528821",9
2.0680714573276E+018,"2 : 0.24718687, 7 : 0.17564341, 3 : 0.036335155",9
2.06760983945867E+018,"2 : 0.103679016, 11 : 0.10012578, 1 : 0.058036346",9
2.06520405114404E+018,"7 : 0.33258697, 2 : 0.2852741, 12 : 0.18643935",9
2.06445045983956E+018,"12 : 0.09571192, 12 : 0.049235065, 12 : 0.02954671",9
2.06372371605716E+018,"11 : 0.25163496, 7 : 0.056463517, 11 : 0.040735424",9
2.06258453643854E+018,"2 : 0.56327665, 2 : 0.0428218, 2 : 0.035304308",9
2.06119072579989E+018,"2 : 0.8954371, 12 : 0.07777834, 12 : 0.0012808208",9
2.06082609047515E+018,"7 : 0.2689033, 3 : 0.17494984, 7 : 0.0494765",9
2.06019165092546E+018,"7 : 0.82365763, 3 : 0.015297291, 2 : 0.006894806",9
2.05971377429002E+018,"2 : 0.25912327, 7 : 0.18737319, 2 : 0.09112045",9
2.05872859351892E+018,"2 : 0.9515212, 12 : 0.033262733, 12 : 0.0006636647",9
2.05760066663082E+018,"2 : 0.34490517, 2 : 0.13345733, 7 : 0.0797286",9
2.05527053246053E+018,"2 : 0.3775508, 2 : 0.08540305, 7 : 0.08335927",9
2.05503666236443E+018,"2 : 0.12584877, 2 : 0.12042026, 7 : 0.070321515",9
2.05371372292236E+018,"7 : 0.20805919, 2 : 0.14490263, 7 : 0.10768296",9
2.05249794871937E+018,"12 : 0.079606906, 13 : 0.033583045, 3 : 0.031765934",9
2.05246021697018E+018,"2 : 0.06858264, 2 : 0.057311684, 7 : 0.03908785",9
2.05143400374927E+018,"2 : 0.26783115, 2 : 0.17371148, 7 : 0.17347755",9
2.05066771615246E+018,"12 : 0.33950898, 13 : 0.2217457, 13 : 0.20867588",9
2.04995988539278E+018,"7 : 0.47937208, 7 : 0.16100594, 9 : 0.1323847",9
2.0485755821005E+018,"7 : 0.31939316, 7 : 0.092926905, 7 : 0.08878364",9
2.04848952059273E+018,"2 : 0.34548151, 12 : 0.06729532, 2 : 0.053862005",9
2.04848837567523E+018,"13 : 0.44644785, 8 : 0.40764567, 7 : 0.022517001",9
2.04738123425593E+018,"2 : 0.1880296, 3 : 0.16113769, 3 : 0.04818936",9
2.04645458553259E+018,"2 : 0.34500128, 7 : 0.2606112, 7 : 0.18640502",9
2.04560141146038E+018,"13 : 0.7154064, 12 : 0.06112211, 3 : 0.02340974",9
2.04498310443683E+018,"3 : 0.21992822, 2 : 0.097566314, 3 : 0.043131225",9
2.04369021484262E+018,"3 : 0.526182, 12 : 0.022229115, 2 : 0.014210434",9
2.04229309313628E+018,"2 : 0.14058533, 3 : 0.13970657, 7 : 0.123724535",9
2.0422639314246E+018,"2 : 0.15482426, 7 : 0.12061676, 7 : 0.090086944",9
2.0420171917856E+018,"7 : 0.3210104, 12 : 0.24703564, 7 : 0.15738702",9
2.04069264220053E+018,"8 : 0.28038192, 2 : 0.07155615, 8 : 0.062730946",9
2.04003353473266E+018,"2 : 0.16299345, 7 : 0.09363364, 2 : 0.082252346",9
2.03979484948314E+018,"7 : 0.104896896, 7 : 0.09902291, 7 : 0.09368186",9
2.03949028356967E+018,"1 : 0.7381463, 3 : 0.040929303, 13 : 0.023306038",9
2.03942446203979E+018,"7 : 0.19405986, 7 : 0.1779907, 13 : 0.15120332",9
2.03907277896902E+018,"11 : 0.36207134, 7 : 0.06984011, 3 : 0.06414047",9
2.03835354242854E+018,"12 : 0.21558852, 7 : 0.19162847, 2 : 0.09695541",9
2.03761847332187E+018,"2 : 0.7967317, 7 : 0.19009666, 7 : 0.0034448593",9
2.03694698779161E+018,"7 : 0.35889852, 7 : 0.09743052, 2 : 0.051254727",9
2.03624381509155E+018,"1 : 0.72859293, 11 : 0.039923694, 11 : 0.033852838",9
2.03573927051086E+018,"3 : 0.21135159, 11 : 0.1758016, 2 : 0.034821965",9
2.03561853238688E+018,"12 : 0.3030383, 13 : 0.08362062, 13 : 0.027907386",9
2.03519953457095E+018,"12 : 0.113588415, 13 : 0.031589657, 2 : 0.02389533",9
2.03505108712946E+018,"2 : 0.6901747, 7 : 0.11798335, 7 : 0.09177999",9
2.03474415567188E+018,"7 : 0.73083234, 2 : 0.07853573, 7 : 0.053465646",9
2.0341043119123E+018,"2 : 0.2953811, 2 : 0.08316845, 7 : 0.053763095",9
2.03338683960513E+018,"2 : 0.113785036, 7 : 0.09038922, 7 : 0.08573531",9
2.03216513915244E+018,"12 : 0.0783997, 7 : 0.059366107, 13 : 0.03019711",9
2.0320402168981E+018,"7 : 0.6164495, 7 : 0.13715471, 7 : 0.060918685",9
2.03114471251065E+018,"7 : 0.15664755, 7 : 0.14517812, 2 : 0.07246204",9
2.03050978003747E+018,"13 : 0.18363515, 4 : 0.14258635, 2 : 0.12403384",9
2.03038954825864E+018,"8 : 0.09017488, 8 : 0.07320725, 12 : 0.043685623",9
2.02923382180038E+018,"3 : 0.40944546, 13 : 0.15340184, 2 : 0.046157513",9
2.02895467041783E+018,"7 : 0.47133356, 7 : 0.1624945, 2 : 0.08320091",9
2.02895388784455E+018,"2 : 0.19469291, 3 : 0.18747655, 2 : 0.06357998",9
2.02857463829797E+018,"11 : 0.5133246, 3 : 0.02326966, 7 : 0.02180471",9
2.02603240571578E+018,"7 : 0.2328855, 2 : 0.21395908, 7 : 0.20732474",9
2.0246641837019E+018,"7 : 0.18903449, 2 : 0.08832425, 3 : 0.052243248",9
2.0245898539009E+018,"7 : 0.21268284, 3 : 0.09654613, 7 : 0.057373896",9
2.024253222392E+018,"2 : 0.41144636, 7 : 0.09120596, 2 : 0.07428181",9
2.02312339935975E+018,"7 : 0.9627555, 7 : 0.031606518, 2 : 0.00028826785",9
2.02201969177526E+018,"3 : 0.95462906, 13 : 0.020534465, 7 : 0.0036791242",9
2.02105193838618E+018,"7 : 0.19333538, 7 : 0.09935916, 13 : 0.03439554",9
2.0202416630345E+018,"7 : 0.85860264, 7 : 0.1292632, 2 : 0.0022183887",9
2.01808136352278E+018,"7 : 0.79774487, 7 : 0.07292357, 2 : 0.034486953",9
2.0173575895593E+018,"2 : 0.64472353, 2 : 0.252833, 7 : 0.016744088",9
2.0169260475528E+018,"13 : 0.6150883, 13 : 0.06409651, 2 : 0.045462135",9
2.01595007706056E+018,"7 : 0.7018818, 7 : 0.18146485, 13 : 0.014851867",9
2.01442579272255E+018,"7 : 0.25011036, 7 : 0.21563986, 2 : 0.18655536",9
2.01298838510399E+018,"7 : 0.6534758, 7 : 0.054368593, 7 : 0.038645063",9
2.01191221230172E+018,"2 : 0.81576455, 3 : 0.040560644, 2 : 0.022050349",9
2.01090718436759E+018,"12 : 0.45875296, 11 : 0.36505526, 12 : 0.04926068",9
2.01014054330832E+018,"2 : 0.47309563, 7 : 0.17452084, 2 : 0.09786992",9
2.0093868709114E+018,"2 : 0.41650775, 8 : 0.119117774, 2 : 0.088968985",9
2.00824817007297E+018,"14 : 0.4033705, 12 : 0.08881666, 2 : 0.055088643",9
2.00823518669713E+018,"2 : 0.13554342, 2 : 0.07495966, 2 : 0.0682776",9
2.00793013802874E+018,"2 : 0.78653485, 12 : 0.08010331, 2 : 0.010720116",9
2.00505043543782E+018,"7 : 0.41810477, 2 : 0.16744146, 2 : 0.050443668",9
2.00448360338759E+018,"12 : 0.07998785, 3 : 0.0703203, 12 : 0.06424728",9
2.00286175840611E+018,"7 : 0.90147567, 7 : 0.018808847, 2 : 0.0115794325",9
2.00081517230588E+018,"2 : 0.53231734, 3 : 0.1785359, 2 : 0.07421387",9
1.99996364316449E+018,"3 : 0.69743925, 2 : 0.12699938, 3 : 0.006967116",9
1.99794723299296E+018,"7 : 0.41267776, 2 : 0.24871282, 2 : 0.02955902",9
1.9977963906041E+018,"3 : 0.43218833, 2 : 0.10988996, 2 : 0.094524816",9
1.9963855897291E+018,"1 : 0.20401134, 3 : 0.09666461, 7 : 0.09205312",9
1.99568459892269E+018,"7 : 0.2729136, 3 : 0.14611231, 3 : 0.10795167",9
1.99508447081799E+018,"7 : 0.4845931, 7 : 0.32079384, 2 : 0.00278554",9
1.99489050309878E+018,"2 : 0.25670543, 2 : 0.24760094, 2 : 0.015867317",9
1.99421598723444E+018,"3 : 0.1388554, 2 : 0.06390562, 3 : 0.05135671",9
1.9936186442565E+018,"8 : 0.23035744, 10 : 0.14363958, 4 : 0.07491435",9
1.99361570989637E+018,"7 : 0.5353799, 7 : 0.38359755, 7 : 0.027456487",9
1.99361294329156E+018,"7 : 0.48405257, 3 : 0.05246347, 7 : 0.04609291",9
1.99361212748256E+018,"7 : 0.8286151, 2 : 0.014102727, 7 : 0.01264273",9
1.99361107849539E+018,"12 : 0.5205034, 2 : 0.072889544, 13 : 0.04288477",9
1.99344900393676E+018,"7 : 0.60140234, 2 : 0.15471154, 2 : 0.06573679",9
1.99272268603548E+018,"7 : 0.8300535, 7 : 0.15134804, 2 : 0.0005342788",9
1.99164349024887E+018,"2 : 0.189238, 13 : 0.15622598, 2 : 0.096042916",9
1.99059575343689E+018,"7 : 0.80029994, 12 : 0.025843386, 2 : 0.011217603",9
1.9898078950213E+018,"2 : 0.49562618, 7 : 0.14267309, 2 : 0.07561438",9
1.98909229378487E+018,"2 : 0.8034419, 2 : 0.03423141, 7 : 0.009031301",9
1.98765103108073E+018,"2 : 0.1685124, 12 : 0.14824206, 7 : 0.06926785",9
1.9855468952711E+018,"7 : 0.122405976, 2 : 0.11805017, 2 : 0.072707556",9
1.98475860256043E+018,"2 : 0.5378324, 2 : 0.063739106, 3 : 0.06360506",9
1.98405623494865E+018,"7 : 0.07544364, 3 : 0.053553477, 7 : 0.051819302",9
1.98257539786222E+018,"2 : 0.32792547, 7 : 0.19258139, 7 : 0.11695559",9
1.9807623311809E+018,"9 : 0.2529121, 10 : 0.09493348, 11 : 0.08393557",9
1.98044560809541E+018,"12 : 0.2121822, 7 : 0.14707239, 12 : 0.13643305",9
1.9796793401783E+018,"14 : 0.705953, 9 : 0.09639401, 2 : 0.027522929",9
1.97926837128319E+018,"3 : 0.25430018, 3 : 0.085984915, 3 : 0.083183885",9
1.97841724978607E+018,"2 : 0.6950628, 2 : 0.19594362, 14 : 0.009072419",9
1.97755902037802E+018,"7 : 0.6413384, 7 : 0.08750968, 2 : 0.023268655",9
1.97647242208324E+018,"12 : 0.668008, 7 : 0.027766578, 11 : 0.016206391",9
1.97542960737726E+018,"2 : 0.84873885, 7 : 0.060329724, 7 : 0.040043574",9
1.97459307652981E+018,"2 : 0.6175873, 2 : 0.22687681, 2 : 0.022834275",9
1.97391059064892E+018,"7 : 0.6264528, 7 : 0.1964321, 2 : 0.075622916",9
1.97245611020811E+018,"7 : 0.6621928, 2 : 0.066959545, 7 : 0.01978589",9
1.97030504366817E+018,"7 : 0.13167126, 2 : 0.08675775, 2 : 0.06734834",9
1.96975479681032E+018,"2 : 0.2988776, 7 : 0.1670168, 7 : 0.07566638",9
1.96956758728935E+018,"4 : 0.57510364, 12 : 0.10132883, 2 : 0.021316187",9
1.96896846620545E+018,"3 : 0.5137195, 2 : 0.23419498, 2 : 0.023449164",9
1.96879859663158E+018,"3 : 0.15372048, 2 : 0.14604023, 7 : 0.11187009",9
1.96810851036977E+018,"12 : 0.2526092, 3 : 0.12621105, 3 : 0.027803035",9
1.96738923132426E+018,"2 : 0.222174, 14 : 0.14166605, 3 : 0.072709516",9
1.96628002936281E+018,"8 : 0.64575046, 13 : 0.10982825, 2 : 0.03630627",9
1.96623673125895E+018,"2 : 0.27673098, 12 : 0.1857, 7 : 0.054485638",9
1.96598335800145E+018,"8 : 0.14584686, 8 : 0.12320608, 4 : 0.07783519",9
1.96522237084729E+018,"4 : 0.2505004, 10 : 0.16163923, 7 : 0.0901161",9
1.96471624972026E+018,"2 : 0.22586729, 7 : 0.15183982, 2 : 0.06691365",9
1.96445525615056E+018,"2 : 0.37863636, 12 : 0.13356316, 7 : 0.11749346",9
1.96393640696328E+018,"10 : 0.28850415, 2 : 0.046197016, 2 : 0.03535555",9
1.96245278933029E+018,"7 : 0.33789667, 3 : 0.05091931, 8 : 0.019463895",9
1.96231119898046E+018,"13 : 0.08804142, 12 : 0.087379016, 12 : 0.051091608",9
1.96187905489844E+018,"3 : 0.2610637, 7 : 0.064501464, 7 : 0.043993726",9
1.96014923567251E+018,"7 : 0.17147629, 13 : 0.16850744, 3 : 0.08057634",9
1.95941933181733E+018,"2 : 0.72696865, 2 : 0.10046921, 12 : 0.019437896",9
1.95894780719894E+018,"13 : 0.2851486, 1 : 0.09581438, 13 : 0.049214687",9
1.95868897645379E+018,"2 : 0.16420299, 12 : 0.12717074, 7 : 0.09198816",9
1.95721370200449E+018,"2 : 0.29025835, 2 : 0.21751809, 3 : 0.05964092",9
1.95590164527983E+018,"3 : 0.4238483, 12 : 0.123584144, 12 : 0.06701184",9
1.95507998443982E+018,"4 : 0.4151438, 2 : 0.21752529, 10 : 0.05128855",9
1.95430907462771E+018,"3 : 0.073483944, 11 : 0.06678871, 12 : 0.056236368",9
1.95289857796572E+018,"2 : 0.2915042, 3 : 0.07580968, 3 : 0.043734137",9
1.95215154137692E+018,"2 : 0.71141136, 11 : 0.083352864, 11 : 0.05556871",9
1.95168173830868E+018,"3 : 0.18261772, 7 : 0.16090335, 12 : 0.10931038",9
1.95074666602172E+018,"7 : 0.357771, 7 : 0.13920142, 2 : 0.047023784",9
1.95030718229365E+018,"7 : 0.5889725, 7 : 0.0315723, 2 : 0.021852775",9
1.94999055305991E+018,"7 : 0.87342995, 7 : 0.0062651006, 2 : 0.0033101807",9
1.9495739737885E+018,"2 : 0.5656714, 12 : 0.042895105, 7 : 0.026924256",9
1.94923927984672E+018,"2 : 0.78608996, 2 : 0.18648726, 12 : 0.0047523375",9
1.94854819119655E+018,"7 : 0.6936998, 9 : 0.054630723, 10 : 0.024780277",9
1.94849293853944E+018,"2 : 0.784689, 3 : 0.05808363, 13 : 0.008080396",9
1.94821105598546E+018,"2 : 0.21162058, 7 : 0.13361931, 7 : 0.097376846",9
1.94716426985436E+018,"2 : 0.22774744, 7 : 0.22357608, 2 : 0.088379726",9
1.94654463488907E+018,"13 : 0.0897789, 12 : 0.07039576, 13 : 0.036067862",9
1.94638562340542E+018,"3 : 0.4263134, 2 : 0.1237948, 3 : 0.089022756",9
1.94520896060068E+018,"7 : 0.73782367, 3 : 0.019829622, 7 : 0.014784181",9
1.94490921810456E+018,"3 : 0.7479577, 3 : 0.011872018, 3 : 0.008394538",9
1.94458340488875E+018,"7 : 0.89367944, 2 : 0.0119085, 7 : 0.00892421",9
1.94419655002043E+018,"7 : 0.19336633, 2 : 0.10983428, 2 : 0.049339693",9
1.94360930252256E+018,"7 : 0.5370677, 3 : 0.099437304, 7 : 0.04553592",9
1.94347021167606E+018,"3 : 0.8440891, 2 : 0.04490276, 14 : 0.039437875",9
1.94280343020032E+018,"2 : 0.37864858, 2 : 0.061039694, 2 : 0.055627037",9
1.9420441134363E+018,"3 : 0.34095502, 7 : 0.23168395, 2 : 0.034127105",9
1.94138619656342E+018,"7 : 0.39622402, 7 : 0.08413997, 2 : 0.05833958",9
1.93985193931974E+018,"2 : 0.21602833, 3 : 0.187327, 7 : 0.15425949",9
1.93933480371541E+018,"12 : 0.2969673, 12 : 0.10710615, 12 : 0.052251667",9
1.93912296174322E+018,"7 : 0.2934479, 2 : 0.25900492, 2 : 0.23264968",9
1.93839068611832E+018,"3 : 0.22910948, 7 : 0.13543913, 6 : 0.12540177",9
1.937855221548E+018,"7 : 0.24326965, 7 : 0.20081091, 2 : 0.13165219",9
1.93694019520737E+018,"11 : 0.5327169, 2 : 0.19029573, 3 : 0.021356585",9
1.93579916939037E+018,"2 : 0.0685677, 2 : 0.066911876, 14 : 0.065910794",9
1.93483724720754E+018,"7 : 0.84530586, 7 : 0.04292985, 12 : 0.015429872",9
1.93405728754727E+018,"7 : 0.58706176, 2 : 0.10265357, 7 : 0.07644285",9
1.93328518384322E+018,"7 : 0.9162358, 7 : 0.011444699, 3 : 0.008506272",9
1.93258390090386E+018,"7 : 0.3763282, 7 : 0.20736608, 7 : 0.11690993",9
1.93187041053478E+018,"7 : 0.57405233, 2 : 0.079873025, 2 : 0.04031537",9
1.93079283525936E+018,"12 : 0.30534405, 7 : 0.0587945, 7 : 0.049070984",9
1.93045166672171E+018,"1 : 0.09680766, 12 : 0.074664965, 12 : 0.06034698",9
1.92970735398961E+018,"13 : 0.920874, 6 : 0.011487287, 6 : 0.005223626",9
1.92933644283871E+018,"12 : 0.29384026, 3 : 0.07979355, 12 : 0.07239428",9
1.92903372304774E+018,"2 : 0.6585949, 2 : 0.046419695, 2 : 0.01685978",9
1.9284942083149E+018,"2 : 0.5275151, 2 : 0.17068498, 2 : 0.12921003",9
1.92827581087206E+018,"12 : 0.19405426, 7 : 0.086341515, 2 : 0.06381593",9
1.92685152075464E+018,"2 : 0.13493134, 3 : 0.058336746, 2 : 0.046131622",9
1.92489386774891E+018,"12 : 0.21980783, 11 : 0.19200039, 12 : 0.04637182",9
1.92417823306713E+018,"3 : 0.10727499, 12 : 0.10268786, 12 : 0.050238248",9
1.92392364648155E+018,"13 : 0.24658296, 8 : 0.15454324, 7 : 0.03163491",9
1.92318579964647E+018,"2 : 0.09197954, 2 : 0.08177195, 3 : 0.06871761",9
1.92257336713151E+018,"8 : 0.9068181, 8 : 0.035197318, 2 : 0.013593582",9
1.92211087097706E+018,"5 : 0.42718545, 2 : 0.2476357, 2 : 0.17288467",9
1.92170745562926E+018,"7 : 0.94499457, 7 : 0.02033719, 2 : 0.008250013",9
1.91896346812437E+018,"7 : 0.23465951, 3 : 0.16362162, 7 : 0.06155774",9
1.91752885219267E+018,"2 : 0.43246087, 7 : 0.19985892, 3 : 0.07041001",9
1.91706555321482E+018,"14 : 0.6977199, 2 : 0.09160367, 12 : 0.008959951",9
1.91661292004997E+018,"2 : 0.9989164, 2 : 0.00049917767, 7 : 4.9737646e-05",9
1.91593472224946E+018,"13 : 0.5154901, 13 : 0.10825058, 12 : 0.058879856",9
1.91525885237957E+018,"12 : 0.37313038, 7 : 0.18456951, 12 : 0.02780448",9
1.91469862759971E+018,"7 : 0.5915455, 7 : 0.26624092, 13 : 0.023095066",9
1.91304089287334E+018,"11 : 0.8330342, 7 : 0.012835663, 12 : 0.011568424",9
1.91227449099846E+018,"2 : 0.18711568, 3 : 0.15698352, 2 : 0.10590861",9
1.91154323349057E+018,"12 : 0.20727164, 1 : 0.12547112, 12 : 0.080327705",9
1.9104346485096E+018,"12 : 0.388041, 3 : 0.1846828, 2 : 0.0686623",9
1.90948028548598E+018,"12 : 0.8337511, 7 : 0.035988327, 12 : 0.018811801",9
1.90868111199587E+018,"7 : 0.91481006, 12 : 0.015042203, 7 : 0.012012801",9
1.90650230546177E+018,"2 : 0.19977148, 2 : 0.16913286, 2 : 0.087121226",9
1.90594300830251E+018,"2 : 0.9971342, 12 : 0.0002408564, 5 : 0.00020755954",9
1.90290321284385E+018,"2 : 0.5860164, 2 : 0.07801516, 13 : 0.030624144",9
1.90139266216707E+018,"3 : 0.2579097, 14 : 0.10424539, 12 : 0.067446016",9
1.89998429498023E+018,"3 : 0.3917095, 12 : 0.33861926, 13 : 0.0676162",9
1.8977871462431E+018,"9 : 0.14474805, 2 : 0.07195864, 2 : 0.07179255",9
1.89632494696608E+018,"10 : 0.1828763, 13 : 0.097963214, 12 : 0.0423126",9
1.89565976898949E+018,"7 : 0.86936355, 7 : 0.02749703, 7 : 0.015215861",9
1.89351715600092E+018,"2 : 0.90211225, 12 : 0.051291484, 2 : 0.00744484",9
1.8935166496728E+018,"2 : 0.37798586, 8 : 0.13782007, 2 : 0.049005143",9
1.89351640643684E+018,"2 : 0.5524227, 2 : 0.38713858, 2 : 0.003861559",9
1.89014093122417E+018,"2 : 0.32559082, 2 : 0.1056017, 4 : 0.06065661",9
1.88930443266453E+018,"12 : 0.84257096, 7 : 0.05724771, 7 : 0.010193359",9
1.88866993000851E+018,"3 : 0.6964592, 2 : 0.016195336, 2 : 0.012227966",9
1.88862455417262E+018,"7 : 0.45604175, 7 : 0.12036815, 2 : 0.03975158",9
1.88768924041953E+018,"2 : 0.6877981, 2 : 0.058847487, 2 : 0.055332657",9
1.88645762266933E+018,"11 : 0.28435183, 1 : 0.252768, 13 : 0.08126102",9
1.88635257708904E+018,"11 : 0.32850397, 1 : 0.11137926, 13 : 0.097357474",9
1.88544491685353E+018,"7 : 0.8137878, 7 : 0.059265103, 12 : 0.020204293",9
1.88363636795622E+018,"2 : 0.62843287, 9 : 0.09551992, 12 : 0.053846113",9
1.88275863560639E+018,"7 : 0.60811806, 7 : 0.061995625, 2 : 0.05948947",9
1.88270183268293E+018,"2 : 0.87474465, 2 : 0.0033804555, 3 : 0.0024736708",9
1.88115723123833E+018,"13 : 0.14131667, 2 : 0.13987142, 13 : 0.068670794",9
1.87988694119994E+018,"12 : 0.9314248, 2 : 0.03343015, 12 : 0.0025346496",9
1.87851306279159E+018,"2 : 0.44999087, 7 : 0.14077257, 2 : 0.11277399",9
1.87755049088416E+018,"2 : 0.32410115, 7 : 0.3115752, 13 : 0.086245164",9
1.87754880791131E+018,"3 : 0.45589036, 12 : 0.13702436, 13 : 0.02292801",9
1.87754497128916E+018,"2 : 0.26395175, 7 : 0.16610697, 3 : 0.089439295",9
1.87617921176177E+018,"3 : 0.26782736, 13 : 0.20060864, 2 : 0.06400208",9
1.875594529752E+018,"13 : 0.27395838, 13 : 0.09515511, 12 : 0.07112445",9
1.87489870792338E+018,"7 : 0.100117095, 13 : 0.08688798, 13 : 0.054256354",9
1.87405423200728E+018,"12 : 0.06937132, 2 : 0.055665907, 7 : 0.041771397",9
1.87100579818675E+018,"11 : 0.17837444, 7 : 0.16781868, 12 : 0.07272712",9
1.86914034148433E+018,"5 : 0.25415418, 4 : 0.11428673, 9 : 0.08605045",9
1.86836470112812E+018,"2 : 0.1425801, 2 : 0.031467337, 7 : 0.03134088",9
1.86518652669689E+018,"4 : 0.48939332, 12 : 0.021097671, 13 : 0.017187618",9
1.86448666196895E+018,"7 : 0.7866837, 12 : 0.12101185, 12 : 0.05741255",9
1.86393401607843E+018,"7 : 0.34970534, 12 : 0.09983682, 12 : 0.079424344",9
1.81245007143576E+018,"7 : 0.37695312, 13 : 0.059559263, 13 : 0.02792811",9
1.80150839708354E+018,"12 : 0.4010916, 7 : 0.32799798, 12 : 0.26054615",9
1.7568135679645E+018,"13 : 0.16858988, 13 : 0.15742107, 13 : 0.034941576",9
1.72779469608723E+018,"2 : 0.4273743, 7 : 0.39408904, 12 : 0.08416334",9
1.71376284064861E+018,"10 : 0.22622211, 7 : 0.062310774, 9 : 0.05881074",9
1.7126070840819E+018,"9 : 0.5381159, 9 : 0.022117892, 7 : 0.011083135",9
1.71192031762022E+018,"12 : 0.8759665, 12 : 0.004926203, 1 : 0.0030500188",9
1.70410860278221E+018,"12 : 0.14129128, 7 : 0.09482207, 11 : 0.064377986",9
1.70360147477895E+018,"8 : 0.90853107, 8 : 0.010353119, 8 : 0.0077441223",9
1.69814292926277E+018,"3 : 0.12858637, 12 : 0.0786552, 1 : 0.054882742",9
1.68063955368868E+018,"2 : 0.85532004, 2 : 0.026291331, 2 : 0.025051873",9
1.67549020490516E+018,"12 : 0.08857848, 12 : 0.026508417, 2 : 0.024655858",9
1.66838490208805E+018,"7 : 0.16969974, 13 : 0.083728805, 3 : 0.039730445",9
1.66561293809598E+018,"11 : 0.23289366, 12 : 0.1502123, 12 : 0.108861275",9
1.66176316939338E+018,"7 : 0.5563814, 7 : 0.34864107, 7 : 0.008476779",9
1.66176217150981E+018,"12 : 0.41689458, 7 : 0.18811424, 7 : 0.048432685",9
1.66127889365332E+018,"12 : 0.23084645, 14 : 0.17809968, 2 : 0.045378204",9
1.62918496384838E+018,"13 : 0.7086305, 13 : 0.13907662, 1 : 0.03131245",9
1.62600344777221E+018,"13 : 0.5679071, 3 : 0.13278246, 2 : 0.021934371",9
1.53790374390309E+018,"12 : 0.09755856, 8 : 0.066729315, 12 : 0.05485063",9
1.52194780750502E+018,"12 : 0.8955757, 12 : 0.010459501, 12 : 0.0082857665",9
1.5219466505817E+018,"2 : 0.53181756, 2 : 0.078437336, 2 : 0.033714313",9
1.51812096627727E+018,"7 : 0.18406853, 7 : 0.15659812, 7 : 0.110482894",9
1.51769742719581E+018,"2 : 0.49703407, 2 : 0.055026572, 13 : 0.05318205",9
1.48440615012352E+018,"7 : 0.9194207, 3 : 0.011735678, 9 : 0.009385073",9
1.47408877587653E+018,"7 : 0.2870608, 3 : 0.1689902, 7 : 0.12520854",9
1.47408763406117E+018,"12 : 0.41727996, 3 : 0.18792692, 7 : 0.05800133",9
1.46091338297854E+018,"7 : 0.12040213, 12 : 0.09261807, 3 : 0.086115494",9
2.00230647624624E+018,"11 : 0.25779548, 2 : 0.22117253, 3 : 0.07086486",9
1.99271834382367E+018,"11 : 0.15553106, 1 : 0.07578985, 2 : 0.037888747",9
1.98300808478916E+018,"3 : 0.13688718, 1 : 0.056294337, 2 : 0.046405442",9
1.9593838597597E+018,"11 : 0.17546383, 11 : 0.1054107, 1 : 0.07727185",9
1.93220986002019E+018,"3 : 0.3095947, 1 : 0.09130593, 13 : 0.07122885",9
1.91538624993619E+018,"4 : 0.6789448, 9 : 0.21579754, 11 : 0.03500591",9
1.89356891716136E+018,"7 : 0.1728392, 13 : 0.104313634, 3 : 0.08583581",9
1.79814477511785E+018,"7 : 0.10134339, 7 : 0.09533891, 2 : 0.093658604",9
1.78191532039583E+018,"6 : 0.20154639, 6 : 0.19830431, 6 : 0.13538904",9
1.77810749507847E+018,"1 : 0.4897601, 11 : 0.036801785, 3 : 0.02809228",9
2.00666614904494E+018,"3 : 0.17618908, 1 : 0.15732162, 13 : 0.051010426",9
2.21042721354224E+018,"11 : 0.13493551, 2 : 0.08452302, 7 : 0.083937354",9
2.20902275848294E+018,"3 : 0.26489776, 3 : 0.15238093, 3 : 0.08209496",9
2.20892779637855E+018,"2 : 0.20405045, 2 : 0.19046785, 2 : 0.055583343",9
2.20814135942102E+018,"2 : 0.11937795, 8 : 0.08981868, 2 : 0.07174682",9
2.20464530367303E+018,"2 : 0.34228596, 7 : 0.047347672, 2 : 0.041136075",9
2.20388965569885E+018,"12 : 0.11216225, 9 : 0.026736505, 3 : 0.02665787",9
2.20231138645849E+018,"7 : 0.31070888, 7 : 0.17084605, 2 : 0.02579573",9
2.20231073561161E+018,"13 : 0.23174837, 13 : 0.05314736, 13 : 0.04898303",9
2.20230983632784E+018,"14 : 0.08173324, 3 : 0.04284775, 2 : 0.040579736",9
2.20153111428841E+018,"6 : 0.25850004, 6 : 0.040493168, 6 : 0.032277178",9
2.20153087874471E+018,"12 : 0.30074087, 14 : 0.28983375, 12 : 0.05866755",9
2.20153061617292E+018,"6 : 0.22096245, 2 : 0.052757103, 2 : 0.02970161",9
2.20000809487717E+018,"4 : 0.55998373, 7 : 0.046774026, 7 : 0.032676805",9
2.19711581944093E+018,"9 : 0.37694737, 12 : 0.031120485, 6 : 0.026294058",9
2.19587723717417E+018,"13 : 0.17762159, 12 : 0.029676085, 12 : 0.028344976",9
2.19460990423763E+018,"10 : 0.216296, 13 : 0.17131893, 12 : 0.04894158",9
2.19256480240098E+018,"7 : 0.28557613, 2 : 0.07252417, 2 : 0.052021813",9
2.19256393891131E+018,"13 : 0.1913287, 12 : 0.14121653, 7 : 0.04212802",9
2.19256203450432E+018,"9 : 0.6927666, 2 : 0.04619924, 4 : 0.032737743",9
2.1925605858253E+018,"7 : 0.50342494, 7 : 0.044362634, 7 : 0.026059695",9
2.1925584845125E+018,"7 : 0.26763844, 7 : 0.05502643, 13 : 0.045914326",9
2.19255637295726E+018,"10 : 0.54381996, 4 : 0.14355655, 10 : 0.10268466",9
2.19255302381387E+018,"10 : 0.10703327, 10 : 0.09350626, 7 : 0.051488217",9
2.1925505808164E+018,"2 : 0.08585679, 8 : 0.05845883, 2 : 0.053724553",9
2.19254725769433E+018,"12 : 0.06975022, 11 : 0.042077582, 4 : 0.039927427",9
2.19254586521908E+018,"1 : 0.66666, 13 : 0.06660677, 7 : 0.0053211455",9
2.19254469487395E+018,"7 : 0.66319644, 10 : 0.12239842, 10 : 0.10206301",9
2.19089028841175E+018,"12 : 0.49209392, 2 : 0.4154768, 12 : 0.019128716",9
2.19088861295505E+018,"3 : 0.23195167, 2 : 0.08610619, 2 : 0.06330381",9
2.19080818143798E+018,"12 : 0.4142868, 11 : 0.15094216, 7 : 0.034323085",9
2.19078075960684E+018,"2 : 0.08577842, 2 : 0.07103984, 6 : 0.07100899",9
2.19078054437215E+018,"7 : 0.14256333, 3 : 0.090695195, 7 : 0.05820101",9
2.19078033120914E+018,"7 : 0.33102345, 7 : 0.14973687, 10 : 0.08874476",9
2.19078007164034E+018,"2 : 0.31161618, 7 : 0.031924985, 7 : 0.029944792",9
2.19077983144107E+018,"9 : 0.14641562, 10 : 0.08512189, 7 : 0.028662836",9
2.19077959783518E+018,"2 : 0.15421505, 4 : 0.13015178, 13 : 0.06459364",9
2.18932098160933E+018,"3 : 0.046584148, 2 : 0.032859497, 12 : 0.02872058",9
2.18728104843865E+018,"2 : 0.6284531, 3 : 0.1504202, 7 : 0.082151",9
2.18724712574739E+018,"7 : 0.11125055, 2 : 0.07238586, 7 : 0.03680114",9
2.18723198493067E+018,"7 : 0.15961087, 2 : 0.08600504, 2 : 0.030469358",9
2.18547873711026E+018,"7 : 0.08130967, 2 : 0.073349364, 2 : 0.05650968",9
2.18518781010225E+018,"13 : 0.8988034, 2 : 0.0118476, 7 : 0.011190313",9
2.18447169017247E+018,"8 : 0.20238408, 8 : 0.08236684, 8 : 0.06010578",9
2.18438447311956E+018,"2 : 0.5297917, 7 : 0.034816746, 13 : 0.033617016",9
2.1841947152382E+018,"8 : 0.11315016, 2 : 0.081080414, 12 : 0.077064484",9
2.18413619814648E+018,"7 : 0.14275514, 6 : 0.13078527, 6 : 0.08860551",9
2.18364402496812E+018,"2 : 0.98574835, 2 : 0.002061162, 2 : 0.00065400533",9
2.18364318713969E+018,"2 : 0.074268006, 7 : 0.04495124, 2 : 0.040603593",9
2.18364302513838E+018,"1 : 0.08838165, 9 : 0.07869802, 4 : 0.063290834",9
2.18356954724117E+018,"7 : 0.17354059, 7 : 0.08479046, 2 : 0.0445596",9
2.18300086579507E+018,"6 : 0.38125056, 6 : 0.09129438, 6 : 0.033653155",9
2.18216485342243E+018,"2 : 0.18629326, 2 : 0.05938746, 2 : 0.03356393",9
2.18214038986833E+018,"3 : 0.84196824, 3 : 0.03269214, 3 : 0.027244894",9
2.1808542347493E+018,"7 : 0.6112476, 7 : 0.18309346, 14 : 0.028233305",9
2.1808132734263E+018,"2 : 0.3354649, 2 : 0.30943757, 2 : 0.09850421",9
2.1798384440969E+018,"6 : 0.4344525, 6 : 0.052921165, 7 : 0.051154144",9
2.17635512394974E+018,"2 : 0.6403669, 2 : 0.03208521, 3 : 0.019707117",9
2.17509617060968E+018,"2 : 0.2772153, 6 : 0.111616015, 12 : 0.05985926",9
2.17480434876522E+018,"7 : 0.91890216, 13 : 0.023502925, 3 : 0.0004481603",9
2.17425048378974E+018,"2 : 0.2505727, 2 : 0.16403875, 13 : 0.06994443",9
2.17351018138327E+018,"1 : 0.90427077, 11 : 0.0081944605, 1 : 0.0048555085",9
2.17343940039932E+018,"3 : 0.78236586, 2 : 0.02868798, 13 : 0.026737396",9
2.17286646948702E+018,"2 : 0.119985685, 2 : 0.09361107, 12 : 0.082138956",9
2.17282661638466E+018,"13 : 0.31063616, 13 : 0.12888747, 7 : 0.0487486",9
2.17181593407437E+018,"2 : 0.26079878, 8 : 0.061721087, 12 : 0.05007489",9
2.17123951986212E+018,"7 : 0.7883584, 7 : 0.117125385, 12 : 0.0036985923",9
2.17062376148014E+018,"3 : 0.20386252, 7 : 0.16411923, 2 : 0.076909654",9
2.17055656490594E+018,"7 : 0.12287031, 12 : 0.076080985, 7 : 0.06465336",9
2.17049503600186E+018,"13 : 0.68789583, 3 : 0.13181105, 3 : 0.043892186",9
2.17042631147517E+018,"7 : 0.1926052, 7 : 0.046486538, 3 : 0.03214898",9
2.17041313003628E+018,"3 : 0.21536097, 7 : 0.035638917, 7 : 0.034180146",9
2.17015317344944E+018,"4 : 0.3297565, 13 : 0.048821002, 4 : 0.03116971",9
2.16990267218129E+018,"7 : 0.3453292, 7 : 0.086390615, 4 : 0.048376817",9
2.16977001538183E+018,"13 : 0.08873946, 7 : 0.04044966, 10 : 0.022314299",9
2.16929092663629E+018,"7 : 0.30063498, 12 : 0.031041134, 7 : 0.030899689",9
2.16923633406028E+018,"13 : 0.079245076, 7 : 0.03561004, 4 : 0.033474125",9
2.16917428088465E+018,"7 : 0.61697507, 7 : 0.15035106, 6 : 0.010995266",9
2.16905471687356E+018,"10 : 0.7461229, 1 : 0.19952218, 3 : 0.005769053",9
2.1690475993479E+018,"2 : 0.48835537, 2 : 0.17565584, 1 : 0.02216683",9
2.16900704374151E+018,"6 : 0.06749203, 2 : 0.023774097, 7 : 0.022155097",9
2.16892572216814E+018,"3 : 0.8333825, 7 : 0.04027402, 2 : 0.024016067",9
2.16890004633293E+018,"2 : 0.20062567, 2 : 0.18366937, 13 : 0.081460595",9
2.16888511376562E+018,"2 : 0.27994806, 6 : 0.07637518, 2 : 0.059696082",9
2.16854642644246E+018,"2 : 0.120084345, 2 : 0.059733335, 12 : 0.041847333",9
2.16850647621665E+018,"2 : 0.22203499, 2 : 0.11502821, 3 : 0.069470555",9
2.16843993627826E+018,"2 : 0.31379116, 2 : 0.08329773, 13 : 0.07070907",9
2.16843265807704E+018,"2 : 0.16980515, 3 : 0.1583661, 7 : 0.067980155",9
2.16843054647336E+018,"12 : 0.8833044, 3 : 0.06363477, 9 : 0.0071610906",9
2.16786996218181E+018,"3 : 0.5528264, 3 : 0.08833104, 3 : 0.018413344",9
2.16780131718839E+018,"13 : 0.55935687, 13 : 0.15146802, 12 : 0.024733832",9
2.16758281131425E+018,"7 : 0.49318022, 7 : 0.31494945, 7 : 0.022333048",9
2.16757979910775E+018,"3 : 0.6946452, 3 : 0.16301544, 7 : 0.009542585",9
2.16752166531533E+018,"7 : 0.56945753, 7 : 0.3610019, 11 : 0.0047084372",9
2.16751930290714E+018,"7 : 0.87208307, 7 : 0.026421076, 2 : 0.015602028",9
2.16699325648721E+018,"2 : 0.8233232, 7 : 0.031648565, 2 : 0.01113501",9
2.16691765706924E+018,"2 : 0.5942597, 3 : 0.24202707, 2 : 0.015910903",9
2.16691258617258E+018,"13 : 0.30718902, 7 : 0.100550786, 2 : 0.08530172",9
2.16632848833536E+018,"6 : 0.38518754, 2 : 0.06393791, 12 : 0.022291413",9
2.16564398702425E+018,"13 : 0.34754932, 2 : 0.22952229, 9 : 0.048639446",9
2.1654254209473E+018,"2 : 0.6265769, 7 : 0.035547458, 7 : 0.03516394",9
2.16406680876466E+018,"3 : 0.9944829, 2 : 0.0005563849, 2 : 0.0005504008",9
2.16121929384817E+018,"4 : 0.13196589, 4 : 0.12154126, 7 : 0.081789196",9
2.1612189325944E+018,"7 : 0.16065328, 7 : 0.106872104, 13 : 0.072198175",9
2.16106129195937E+018,"2 : 0.56664944, 7 : 0.062085025, 12 : 0.052829903",9
2.16096983082461E+018,"13 : 0.47485736, 9 : 0.07784333, 9 : 0.03598722",9
2.16049712319944E+018,"3 : 0.08631644, 2 : 0.06376085, 2 : 0.061659135",9
2.15889817142674E+018,"7 : 0.14833693, 7 : 0.07335983, 7 : 0.039885566",9
2.15818287312823E+018,"8 : 0.053745203, 12 : 0.035357155, 8 : 0.030438844",9
2.15672026452854E+018,"13 : 0.24597616, 7 : 0.1276816, 11 : 0.07816323",9
2.15467630315544E+018,"3 : 0.46762708, 2 : 0.10948905, 2 : 0.059909742",9
2.15433591114228E+018,"7 : 0.453587, 7 : 0.24724232, 2 : 0.01934165",9
2.15402027299957E+018,"2 : 0.21853887, 2 : 0.07070912, 12 : 0.031009536",9
2.15375834626448E+018,"12 : 0.35385257, 2 : 0.32596672, 12 : 0.019144692",9
2.15320535405012E+018,"5 : 0.17072377, 9 : 0.14483094, 4 : 0.08661407",9
2.15248381822558E+018,"2 : 0.08261453, 6 : 0.060060143, 9 : 0.05589446",9
2.15248110899901E+018,"2 : 0.21570697, 6 : 0.10557745, 6 : 0.0656122",9
2.15247199013764E+018,"13 : 0.09223073, 9 : 0.05721706, 13 : 0.04455185",9
2.152252064742E+018,"3 : 0.3973755, 3 : 0.08070498, 3 : 0.047026537",9
2.15161671003834E+018,"10 : 0.400585, 4 : 0.081509456, 4 : 0.044233225",9
2.15076459498601E+018,"13 : 0.8651421, 2 : 0.01374565, 2 : 0.003750067",9
2.15011892934658E+018,"13 : 0.7608181, 7 : 0.015265606, 9 : 0.013970524",9
2.14720252553149E+018,"9 : 0.37999278, 2 : 0.3406347, 12 : 0.033429015",9
2.14605060875159E+018,"7 : 0.5665082, 7 : 0.025701007, 8 : 0.010282373",9
2.14598115372797E+018,"2 : 0.21425618, 9 : 0.048598044, 12 : 0.04631585",9
2.145226586392E+018,"2 : 0.21439834, 3 : 0.18043986, 2 : 0.043571647",9
2.14520302947818E+018,"7 : 0.21951391, 6 : 0.059977267, 2 : 0.041439362",9
2.14516016075337E+018,"8 : 0.06769552, 12 : 0.04780944, 7 : 0.042455614",9
2.14427598376362E+018,"2 : 0.11654628, 13 : 0.11571913, 13 : 0.06398551",9
2.14376309232514E+018,"2 : 0.17935063, 2 : 0.06447537, 2 : 0.038621895",9
2.14301800878072E+018,"6 : 0.6641924, 5 : 0.09925976, 2 : 0.05558396",9
2.1409120912976E+018,"7 : 0.05176617, 7 : 0.024338676, 13 : 0.024231143",9
2.13869309807149E+018,"2 : 0.3449052, 13 : 0.080269866, 2 : 0.0701762",9
2.13660588366939E+018,"13 : 0.9967495, 2 : 0.00042525967, 5 : 0.00034391874",9
2.13289310642804E+018,"7 : 0.05050175, 10 : 0.03152538, 6 : 0.031006146",9
2.07863057194481E+018,"2 : 0.16792747, 2 : 0.09494446, 8 : 0.09481802",9
2.07641611838178E+018,"2 : 0.6227666, 4 : 0.03810401, 12 : 0.01961155",9
2.04091920672351E+018,"7 : 0.068153694, 12 : 0.06743318, 13 : 0.040279362",9
1.55708778194635E+018,"13 : 0.7833781, 12 : 0.01601767, 4 : 0.014746215",9
2.19826637868389E+018,"2 : 0.31033838, 2 : 0.03672233, 2 : 0.019965326",9
2.197358501702E+018,"13 : 0.52814806, 12 : 0.065618135, 13 : 0.0271087",9
2.19589337919644E+018,"12 : 0.49028507, 2 : 0.30669966, 12 : 0.033082332",9
2.18272732377467E+018,"7 : 0.05984028, 7 : 0.036982965, 10 : 0.029894356",9
2.18269078524652E+018,"2 : 0.4519184, 13 : 0.07430665, 10 : 0.015183961",9
2.17767906687062E+018,"3 : 0.17417271, 2 : 0.15184546, 7 : 0.052844677",9
2.17622072443228E+018,"7 : 0.1647194, 13 : 0.12407424, 7 : 0.11872726",9
2.17556523302487E+018,"13 : 0.8041231, 13 : 0.024205029, 13 : 0.015100072",9
2.17178846867447E+018,"2 : 0.24595714, 7 : 0.20305984, 2 : 0.01665378",9
2.14809800274144E+018,"12 : 0.2640845, 7 : 0.19143493, 2 : 0.080726966",9
2.1456461838766E+018,"3 : 0.23460598, 2 : 0.15756974, 12 : 0.031369895",9
2.10586278692075E+018,"2 : 0.3425324, 13 : 0.08004958, 12 : 0.0228416",9
2.09081758170451E+018,"14 : 0.44121328, 2 : 0.056920625, 12 : 0.027731441",9
2.09064042476417E+018,"7 : 0.044516098, 12 : 0.043186884, 13 : 0.04197093",9
2.08987800659728E+018,"7 : 0.66383827, 3 : 0.040493216, 2 : 0.011387865",9
2.01478023859017E+018,"12 : 0.34359056, 12 : 0.23054361, 7 : 0.054215383",9
2.01467509512945E+018,"2 : 0.29569745, 7 : 0.26438326, 3 : 0.010915953",9
2.01467478973373E+018,"2 : 0.30209637, 7 : 0.2462962, 3 : 0.011146119",9
2.0066952149825E+018,"13 : 0.48922202, 7 : 0.20183864, 7 : 0.021302233",9
2.00474163858854E+018,"7 : 0.92642635, 3 : 0.006142485, 7 : 0.0034827285",9
2.00453355870766E+018,"8 : 0.18044029, 8 : 0.10051802, 8 : 0.07409476",9
1.99439313310365E+018,"2 : 0.4414221, 12 : 0.16042767, 13 : 0.11936848",9
1.98794232504229E+018,"12 : 0.2608987, 2 : 0.110245235, 3 : 0.091256596",9
1.96598661764021E+018,"7 : 0.40839654, 12 : 0.08202746, 13 : 0.04206241",9
1.96415217372198E+018,"13 : 0.06969705, 8 : 0.043582283, 13 : 0.037955187",9
1.9501413725563E+018,"7 : 0.27227885, 4 : 0.14279349, 3 : 0.0878097",9
1.92281496313759E+018,"12 : 0.080470875, 7 : 0.06505286, 12 : 0.038077366",9
1.90169816535527E+018,"2 : 0.16999964, 1 : 0.1322858, 11 : 0.10582066",9
1.88220669126219E+018,"2 : 0.16893587, 13 : 0.047230475, 7 : 0.04217818",9
1.8728397608571E+018,"12 : 0.66700304, 12 : 0.06665932, 13 : 0.041555688",9
1.86815647043324E+018,"3 : 0.7650359, 2 : 0.009279562, 3 : 0.00822139",9
1.84870157442182E+018,"1 : 0.8414326, 2 : 0.035971686, 8 : 0.020150077",9
1.80300178959167E+018,"6 : 0.14277942, 13 : 0.10986729, 2 : 0.1045198",9
1.78427053068244E+018,"12 : 0.082094155, 4 : 0.06660467, 9 : 0.05629916",9
1.78352908562212E+018,"7 : 0.07488081, 2 : 0.050161898, 12 : 0.043212574",9
1.77989080787763E+018,"2 : 0.68863046, 13 : 0.0402972, 13 : 0.024497192",9
1.76686254633111E+018,"12 : 0.9207214, 13 : 0.012421231, 7 : 0.011947101",9
1.76156912675459E+018,"7 : 0.37966567, 2 : 0.1368704, 12 : 0.08997581",9
1.73483168456392E+018,"13 : 0.7632439, 13 : 0.07955774, 10 : 0.04197037",9
1.69073727882068E+018,"3 : 0.92845434, 7 : 0.009434342, 7 : 0.0047242437",9
1.66240443293314E+018,"13 : 0.6521554, 12 : 0.045688495, 8 : 0.026054516",9
1.65876562987838E+018,"3 : 0.28370947, 2 : 0.05561541, 11 : 0.051861912",9
1.64854621715865E+018,"2 : 0.21566285, 7 : 0.045209594, 13 : 0.0256036",9
1.64854568527059E+018,"2 : 0.10282963, 12 : 0.061723847, 2 : 0.06140835",9
1.64805432925166E+018,"2 : 0.6055151, 7 : 0.09109658, 2 : 0.07313396",9
1.64804970763187E+018,"3 : 0.08975014, 3 : 0.053505875, 7 : 0.05334739",9
1.64670286974189E+018,"12 : 0.6539279, 12 : 0.066350624, 2 : 0.042011477",9
1.64605605415051E+018,"1 : 0.79689556, 11 : 0.14728017, 11 : 0.025265122",9
1.63353944331725E+018,"4 : 0.3386537, 13 : 0.11864809, 13 : 0.073721685",9
1.6325923956551E+018,"12 : 0.39684916, 2 : 0.19134077, 7 : 0.09360394",9
1.63035811753782E+018,"2 : 0.83434534, 3 : 0.12336182, 2 : 0.032412846",9
1.61159668045323E+018,"13 : 0.26884162, 2 : 0.1447197, 12 : 0.12138507",9
1.60498101547313E+018,"3 : 0.0997129, 7 : 0.09669779, 7 : 0.09305368",9
1.60467347479297E+018,"14 : 0.7168317, 12 : 0.067724496, 13 : 0.026350211",9
1.60460076876457E+018,"7 : 0.31227958, 7 : 0.12378856, 12 : 0.11503011",9
1.60457140593544E+018,"13 : 0.8829016, 13 : 0.058470067, 13 : 0.0080341855",9
1.52814357113027E+018,"12 : 0.54851496, 12 : 0.11530709, 12 : 0.06087991",9
1.52336626740554E+018,"7 : 0.17567396, 7 : 0.049373753, 2 : 0.04773633",9
1.51720414595711E+018,"13 : 0.24475022, 12 : 0.073698804, 7 : 0.07123952",9
1.517198292009E+018,"13 : 0.4568783, 2 : 0.047377992, 7 : 0.03415789",9
1.51592395060856E+018,"6 : 0.33764637, 3 : 0.29812223, 2 : 0.044737637",9
1.51457008870219E+018,"12 : 0.70214146, 7 : 0.123637244, 2 : 0.021052012",9
1.51243640304806E+018,"3 : 0.25506017, 13 : 0.16697705, 1 : 0.052964278",9
1.51177452970443E+018,"2 : 0.20624204, 2 : 0.100057185, 7 : 0.06344326",9
1.50861494711324E+018,"7 : 0.18751386, 2 : 0.05947105, 2 : 0.05478294",9
1.50576632333332E+018,"2 : 0.6041488, 12 : 0.12012367, 2 : 0.04374503",9
1.49144469812013E+018,"12 : 0.25278753, 3 : 0.115350775, 7 : 0.04579255",9
1.48052709004585E+018,"2 : 0.12842502, 14 : 0.093910724, 12 : 0.08892234",9
1.4738920687743E+018,"3 : 0.2900109, 7 : 0.21615446, 7 : 0.12313479",9
1.46699720109163E+018,"2 : 0.33438116, 2 : 0.07809513, 2 : 0.075437576",9
1.46678321472211E+018,"2 : 0.22940363, 2 : 0.122826405, 2 : 0.10557192",9
1.46534479701449E+018,"2 : 0.14578006, 2 : 0.08992952, 2 : 0.07849364",9
1.46251942926686E+018,"3 : 0.4490483, 2 : 0.046764735, 2 : 0.04445678",9
1.46244147990475E+018,"3 : 0.5357808, 2 : 0.059095614, 2 : 0.03817505",9
1.45656269619056E+018,"13 : 0.21553656, 13 : 0.13913512, 13 : 0.11715827",9
1.45226925319699E+018,"2 : 0.2139496, 4 : 0.20473579, 3 : 0.066992454",9
2.19958011533485E+018,"7 : 0.14058155, 7 : 0.09626884, 7 : 0.063509084",9
1.57781561943674E+018,"13 : 0.3673906, 9 : 0.052575026, 13 : 0.04173667",9
1.57767075446796E+018,"2 : 0.3511774, 2 : 0.13794771, 13 : 0.1346517",9
1.57606797651469E+018,"11 : 0.6933855, 1 : 0.2209105, 9 : 0.007147146",9
1.57603505410647E+018,"10 : 0.74023396, 2 : 0.07631596, 2 : 0.028712444",9
1.5735622029216E+018,"2 : 0.6539814, 2 : 0.025174916, 3 : 0.021798588",9
1.57356061733192E+018,"7 : 0.46868083, 3 : 0.18780696, 2 : 0.04911201",9
1.5735591584105E+018,"2 : 0.4800987, 12 : 0.061846014, 7 : 0.022141796",9
1.57129742976377E+018,"7 : 0.19027744, 1 : 0.10234416, 11 : 0.07064354",9
1.571111172325E+018,"11 : 0.70627534, 2 : 0.10475114, 1 : 0.03531976",9
1.5706017896897E+018,"4 : 0.1383791, 7 : 0.07858153, 2 : 0.04750766",9
1.57018310531338E+018,"12 : 0.3032086, 2 : 0.07949529, 2 : 0.077425696",9
1.57016948541835E+018,"9 : 0.846642, 9 : 0.033760622, 3 : 0.00716664",9
1.57016677707244E+018,"2 : 0.6563, 2 : 0.05737656, 6 : 0.029374765",9
1.56984390340923E+018,"2 : 0.19060855, 9 : 0.098006375, 12 : 0.06327176",9
1.5697311285405E+018,"3 : 0.5085964, 4 : 0.068459265, 4 : 0.060805254",9
1.56956005107585E+018,"1 : 0.8214322, 11 : 0.0685495, 1 : 0.012635711",9
1.56871190932981E+018,"4 : 0.84814894, 9 : 0.069681816, 5 : 0.0027285486",9
1.56871179848381E+018,"3 : 0.48037544, 3 : 0.16369823, 3 : 0.11888703",9
1.56870457882732E+018,"11 : 0.1575082, 1 : 0.056065887, 2 : 0.056054447",9
1.56843297735125E+018,"2 : 0.21306942, 2 : 0.17083602, 3 : 0.082086764",9
1.56835696412281E+018,"1 : 0.5351941, 11 : 0.24690111, 2 : 0.019583747",9
1.56833683838385E+018,"9 : 0.53526336, 9 : 0.039595764, 12 : 0.015852759",9
1.56832387391632E+018,"11 : 0.9449313, 1 : 0.01569318, 2 : 0.0045082727",9
1.56829935298357E+018,"11 : 0.7457773, 1 : 0.11048647, 9 : 0.013646608",9
1.56772446235099E+018,"11 : 0.4035999, 2 : 0.24701466, 1 : 0.10192023",9
1.56751688220152E+018,"7 : 0.16112986, 9 : 0.08768047, 1 : 0.06956244",9
1.56668464801646E+018,"11 : 0.46929166, 9 : 0.16314644, 1 : 0.0983006",9
1.56524979663287E+018,"13 : 0.33102563, 4 : 0.095849134, 7 : 0.07136321",9
1.5651410363846E+018,"11 : 0.6912709, 2 : 0.1543118, 11 : 0.039157018",9
1.56514042695071E+018,"7 : 0.83151954, 12 : 0.017894603, 12 : 0.012881879",9
1.56513935603607E+018,"11 : 0.9073145, 1 : 0.047700465, 9 : 0.0075284033",9
1.56457350034613E+018,"2 : 0.8378302, 11 : 0.03642604, 1 : 0.02103296",9
1.56457297557155E+018,"11 : 0.5483328, 1 : 0.32837075, 2 : 0.038845997",9
1.56384768728696E+018,"13 : 0.40159965, 13 : 0.28921807, 13 : 0.05361233",9
1.56319585414286E+018,"7 : 0.09499637, 2 : 0.087700024, 7 : 0.06561889",9
1.5624002980387E+018,"13 : 0.24808402, 7 : 0.16594619, 13 : 0.054574735",9
1.56165130730688E+018,"1 : 0.27692637, 7 : 0.16094041, 2 : 0.08731231",9
1.55810523330102E+018,"1 : 0.8907067, 11 : 0.0315588, 1 : 0.022200048",9
1.55605502332291E+018,"11 : 0.29688308, 1 : 0.28769818, 2 : 0.23011552",9
1.55009266913129E+018,"1 : 0.25898263, 8 : 0.16140048, 11 : 0.041961648",9
1.54863902234207E+018,"1 : 0.5012903, 11 : 0.17146294, 2 : 0.11192064",9
1.54803298356685E+018,"11 : 0.4774671, 1 : 0.26647273, 11 : 0.082183115",9
1.54664847101224E+018,"11 : 0.58360064, 2 : 0.09534267, 1 : 0.070524156",9
1.54595594060375E+018,"11 : 0.40799022, 1 : 0.17037255, 11 : 0.052009426",9
1.54277897959184E+018,"11 : 0.7804448, 11 : 0.029361604, 1 : 0.026572676",9
1.47335882913895E+018,"11 : 0.28078514, 1 : 0.13261561, 11 : 0.057521",9
2.20834133870192E+018,"3 : 0.3201829, 3 : 0.10732237, 3 : 0.10715107",9
2.19816298833313E+018,"13 : 0.94725984, 13 : 0.041818388, 2 : 0.0048382357",9
2.19809900475399E+018,"13 : 0.92570764, 13 : 0.008564127, 13 : 0.0038199553",9
2.19754514861576E+018,"3 : 0.5758513, 12 : 0.1454856, 13 : 0.020163761",9
2.19718446255553E+018,"3 : 0.4744867, 12 : 0.29390076, 3 : 0.025810769",9
2.19589946958581E+018,"3 : 0.16810852, 13 : 0.043024823, 7 : 0.03560234",9
2.19249771025348E+018,"3 : 0.30274436, 3 : 0.20422211, 12 : 0.13924898",9
2.1907360622514E+018,"13 : 0.42834336, 13 : 0.095916316, 13 : 0.08760432",9
2.18155670457622E+018,"3 : 0.8218556, 13 : 0.051399346, 13 : 0.021912575",9
2.17941296340489E+018,"7 : 0.0907275, 11 : 0.029618906, 3 : 0.028519478",9
2.17496472194662E+018,"3 : 0.5131502, 3 : 0.118569106, 3 : 0.08713251",9
2.17138155784413E+018,"11 : 0.16017564, 1 : 0.09124313, 12 : 0.06445476",9
2.17036551444342E+018,"2 : 0.27570015, 3 : 0.23579434, 7 : 0.027535066",9
2.17008883587141E+018,"12 : 0.5792773, 3 : 0.063032664, 3 : 0.023854535",9
2.16785392128531E+018,"12 : 0.39388803, 3 : 0.07471446, 2 : 0.07043802",9
2.16547768512708E+018,"2 : 0.10294031, 10 : 0.057487432, 14 : 0.0383971",9
2.16052307632092E+018,"7 : 0.8317481, 2 : 0.016400434, 3 : 0.010877809",9
2.15736145488664E+018,"3 : 0.75710565, 3 : 0.027655002, 3 : 0.021258364",9
2.15729177035919E+018,"13 : 0.28916705, 12 : 0.12949659, 3 : 0.12849215",9
2.15328834810928E+018,"13 : 0.6050034, 2 : 0.085825734, 2 : 0.077242464",9
2.15328590647024E+018,"2 : 0.27873874, 13 : 0.16911511, 2 : 0.04135425",9
2.14528394655934E+018,"2 : 0.07975815, 3 : 0.074956544, 7 : 0.026183596",9
2.14456918713829E+018,"7 : 0.46731827, 7 : 0.06852638, 8 : 0.050118696",9
2.14284310545652E+018,"7 : 0.3799955, 3 : 0.15591317, 3 : 0.111392185",9
2.14173731671519E+018,"7 : 0.4537541, 2 : 0.096839234, 7 : 0.09403191",9
2.13483544988885E+018,"3 : 0.211647, 7 : 0.13671514, 12 : 0.0780269",9
2.1335328873314E+018,"3 : 0.28002906, 11 : 0.2573954, 12 : 0.07337934",9
2.12633698593764E+018,"13 : 0.11169645, 12 : 0.06297253, 13 : 0.05359234",9
2.12610363060934E+018,"3 : 0.32630762, 7 : 0.10202542, 2 : 0.031595044",9
2.12495318503991E+018,"3 : 0.37749568, 12 : 0.2545832, 3 : 0.069509394",9
2.10470974806353E+018,"2 : 0.47674194, 11 : 0.18956603, 11 : 0.078882836",9
2.10295545664221E+018,"11 : 0.9189229, 7 : 0.005153218, 14 : 0.0027504975",9
2.09940120317059E+018,"14 : 0.6254969, 7 : 0.14446172, 7 : 0.04142323",9
2.09748285288259E+018,"3 : 0.24850069, 3 : 0.18968314, 2 : 0.14347936",9
2.09711470716179E+018,"3 : 0.25058097, 3 : 0.11621478, 3 : 0.026884874",9
2.09536181792995E+018,"3 : 0.83771086, 2 : 0.009193713, 2 : 0.0088712",9
2.08768093171346E+018,"13 : 0.10624295, 2 : 0.0943455, 4 : 0.042710364",9
2.08260420560192E+018,"3 : 0.4187465, 3 : 0.17534795, 2 : 0.11538709",9
2.07487522406342E+018,"3 : 0.57036275, 3 : 0.09465382, 13 : 0.082256354",9
2.07268672976194E+018,"3 : 0.3504419, 3 : 0.20738575, 3 : 0.04275447",9
2.06629480225484E+018,"7 : 0.42041585, 7 : 0.30181086, 7 : 0.1311934",9
2.06194070299659E+018,"13 : 0.30231866, 7 : 0.26493803, 3 : 0.10333303",9
2.05662614419529E+018,"3 : 0.8217082, 3 : 0.047296546, 3 : 0.015236247",9
2.05251377896225E+018,"2 : 0.15893415, 12 : 0.118721284, 2 : 0.019459266",9
2.04884770823345E+018,"3 : 0.32938695, 14 : 0.12068207, 2 : 0.11496477",9
2.04711267654454E+018,"3 : 0.9864116, 3 : 0.003195917, 3 : 0.002046411",9
2.04609120084855E+018,"3 : 0.21117277, 3 : 0.1854743, 3 : 0.057821676",9
2.03708563433551E+018,"3 : 0.30031288, 14 : 0.15368828, 7 : 0.029333865",9
2.02930722295766E+018,"3 : 0.62934965, 3 : 0.040595286, 3 : 0.03653031",9
2.02580416323479E+018,"3 : 0.30048648, 3 : 0.10215346, 7 : 0.038492445",9
2.01993496736405E+018,"3 : 0.1947782, 3 : 0.12567672, 3 : 0.11191456",9
2.01697651605214E+018,"3 : 0.23572187, 7 : 0.10967972, 12 : 0.032202832",9
2.0106078316919E+018,"3 : 0.67670894, 3 : 0.09300592, 3 : 0.0125703495",9
2.0021869473063E+018,"2 : 0.21212518, 3 : 0.04130432, 10 : 0.02844718",9
2.00111898891589E+018,"3 : 0.47002232, 3 : 0.113956645, 3 : 0.08138458",9
2.0010257472561E+018,"3 : 0.326809, 10 : 0.09039795, 2 : 0.07354675",9
1.99822558649425E+018,"3 : 0.24915054, 3 : 0.19159749, 3 : 0.041334826",9
1.99385912688456E+018,"3 : 0.8923777, 12 : 0.05911126, 4 : 0.0035133776",9
1.98875644613458E+018,"7 : 0.122314125, 3 : 0.11794062, 7 : 0.114366375",9
1.98584352778476E+018,"3 : 0.23885813, 3 : 0.14904849, 3 : 0.10239596",9
1.98444279216552E+018,"7 : 0.13215454, 3 : 0.09764428, 3 : 0.08409083",9
1.96561764911947E+018,"11 : 0.61488736, 1 : 0.03595152, 2 : 0.023632871",9
1.9641151601565E+018,"13 : 0.06295978, 2 : 0.054832052, 3 : 0.05481681",9
1.95949978260477E+018,"7 : 0.9217916, 2 : 0.033630673, 12 : 0.021495597",9
1.95605285686136E+018,"11 : 0.92187846, 1 : 0.0048669865, 2 : 0.002270777",9
1.94397046343879E+018,"3 : 0.56194824, 12 : 0.07302503, 3 : 0.033213858",9
1.94155841027312E+018,"3 : 0.5505209, 3 : 0.05647972, 3 : 0.056054007",9
1.939465623899E+018,"13 : 0.073200256, 13 : 0.06707436, 2 : 0.06095965",9
1.93878793762592E+018,"2 : 0.48741257, 12 : 0.47820583, 4 : 0.0020092004",9
1.93591189541263E+018,"3 : 0.46996188, 3 : 0.16166623, 3 : 0.07047112",9
1.93449877496981E+018,"3 : 0.20801136, 3 : 0.07036933, 3 : 0.06833976",9
1.92840516529795E+018,"3 : 0.67970747, 3 : 0.084209435, 3 : 0.046978977",9
1.92511573237303E+018,"3 : 0.247077, 3 : 0.20653795, 3 : 0.061871603",9
1.91460280958181E+018,"13 : 0.14161798, 12 : 0.08489166, 9 : 0.045871273",9
1.91418239414151E+018,"7 : 0.26524064, 3 : 0.09689556, 7 : 0.03636901",9
1.91378143570806E+018,"7 : 0.27625152, 7 : 0.16880661, 13 : 0.08613029",9
1.91193415717933E+018,"3 : 0.22124258, 3 : 0.144345, 3 : 0.09822501",9
1.90902891915388E+018,"2 : 0.28927898, 8 : 0.044331115, 2 : 0.030555945",9
1.90901941337622E+018,"3 : 0.14837767, 3 : 0.0918421, 3 : 0.061638407",9
1.90156387907743E+018,"2 : 0.13103053, 7 : 0.06481534, 13 : 0.05179818",9
1.90077346354484E+018,"3 : 0.25484982, 2 : 0.11609509, 12 : 0.07348584",9
1.88484501191929E+018,"3 : 0.1444791, 3 : 0.055160552, 7 : 0.04738672",9
1.87865239228411E+018,"9 : 0.2791403, 3 : 0.1682097, 3 : 0.05512536",9
1.8756344586634E+018,"3 : 0.981198, 3 : 0.0016464734, 3 : 0.0011518114",9
1.86915383318455E+018,"2 : 0.25514513, 3 : 0.040437, 2 : 0.02972062",9
1.8691272542994E+018,"7 : 0.25804517, 2 : 0.17613278, 7 : 0.101413734",9
1.86561224804062E+018,"3 : 0.8366426, 3 : 0.062418174, 3 : 0.0068044546",9
1.86344150743895E+018,"3 : 0.1472111, 3 : 0.13819572, 3 : 0.117348686",9
1.85474258032588E+018,"3 : 0.38215896, 3 : 0.093474604, 3 : 0.086168334",9
1.85321379654784E+018,"3 : 0.24108881, 3 : 0.19883455, 3 : 0.074376285",9
1.83613276966961E+018,"2 : 0.06324047, 2 : 0.044301342, 2 : 0.043232266",9
1.83006715333457E+018,"7 : 0.40029073, 3 : 0.36097753, 3 : 0.014074299",9
1.83006243573242E+018,"3 : 0.2137974, 2 : 0.13114063, 7 : 0.06503266",9
1.83004657306771E+018,"3 : 0.70503616, 3 : 0.20179042, 3 : 0.009869601",9
1.82412896314257E+018,"2 : 0.4449703, 7 : 0.18690825, 3 : 0.03427325",9
1.81971249409083E+018,"7 : 0.25990477, 2 : 0.10973871, 7 : 0.10467367",9
1.81624533580305E+018,"3 : 0.24544431, 7 : 0.031400725, 13 : 0.029748624",9
1.813417937636E+018,"2 : 0.23021595, 7 : 0.13835198, 2 : 0.067874566",9
1.8086408170346E+018,"3 : 0.23153648, 3 : 0.09704662, 3 : 0.09390329",9
1.80751115156546E+018,"3 : 0.636346, 11 : 0.17481609, 13 : 0.022029364",9
1.80683496502432E+018,"3 : 0.7273758, 3 : 0.13419603, 3 : 0.019353818",9
1.80467590756329E+018,"9 : 0.27462184, 14 : 0.20584738, 13 : 0.044249836",9
1.80175781747051E+018,"3 : 0.123901434, 12 : 0.054292314, 3 : 0.052432634",9
1.79931721580932E+018,"3 : 0.2074775, 2 : 0.096424, 3 : 0.039376944",9
1.79931398247067E+018,"7 : 0.044232327, 13 : 0.03475678, 4 : 0.029183496",9
1.79811576955094E+018,"7 : 0.29405338, 2 : 0.22864358, 7 : 0.062237535",9
1.79309676963606E+018,"3 : 0.07506568, 2 : 0.06773494, 3 : 0.04180412",9
1.79208579375056E+018,"7 : 0.7899435, 7 : 0.018187093, 7 : 0.0061829304",9
1.79168394020364E+018,"3 : 0.19164975, 7 : 0.1580408, 3 : 0.09125467",9
1.79067149460772E+018,"7 : 0.054995414, 7 : 0.052265648, 13 : 0.04907937",9
1.78809571783623E+018,"6 : 0.9193167, 6 : 0.0011477587, 6 : 0.0009530743",9
1.78801201900667E+018,"7 : 0.36613998, 7 : 0.0606667, 3 : 0.049533445",9
1.78582304641052E+018,"13 : 0.25193408, 13 : 0.2358192, 3 : 0.22266397",9
1.78513573385947E+018,"11 : 0.8631208, 9 : 0.029815003, 7 : 0.018295066",9
1.78299550418583E+018,"3 : 0.36694074, 3 : 0.16455026, 3 : 0.07757652",9
1.78289540701974E+018,"12 : 0.5649426, 7 : 0.08556361, 8 : 0.043195073",9
1.77756511810249E+018,"7 : 0.52199376, 3 : 0.066936314, 3 : 0.04555332",9
1.77704699634152E+018,"3 : 0.2725352, 3 : 0.27180675, 3 : 0.104074895",9
1.77132962394766E+018,"3 : 0.36312538, 3 : 0.128185, 3 : 0.062407717",9
1.76910796733119E+018,"11 : 0.27202812, 1 : 0.24668092, 1 : 0.09635468",9
1.76483640917447E+018,"14 : 0.10945066, 12 : 0.07373118, 2 : 0.04195903",9
1.75684298749239E+018,"3 : 0.99467117, 2 : 0.00061263493, 3 : 8.634602e-05",9
1.75320245812724E+018,"13 : 0.22175236, 13 : 0.17150931, 2 : 0.16461322",9
1.73798604506284E+018,"3 : 0.64656246, 2 : 0.007905162, 3 : 0.0070185494",9
1.73654267317674E+018,"3 : 0.8212188, 3 : 0.03770859, 3 : 0.03492962",9
1.73233420483601E+018,"3 : 0.1611652, 3 : 0.11748085, 3 : 0.11476855",9
1.73086363205876E+018,"11 : 0.8452785, 2 : 0.03190837, 12 : 0.006486695",9
1.73075708414594E+018,"3 : 0.46482307, 3 : 0.3302574, 2 : 0.031485517",9
1.73003376005495E+018,"10 : 0.074541144, 2 : 0.06376286, 12 : 0.046558987",9
1.72568931312527E+018,"3 : 0.70558685, 14 : 0.05167254, 2 : 0.050432965",9
1.722031827383E+018,"3 : 0.7572581, 3 : 0.05638227, 3 : 0.013998425",9
1.71704615353712E+018,"2 : 0.30157176, 2 : 0.29968813, 12 : 0.09607348",9
1.71083701420886E+018,"3 : 0.38258398, 3 : 0.32357764, 3 : 0.054990385",9
1.70690517990505E+018,"3 : 0.23624383, 3 : 0.10342632, 3 : 0.070542365",9
1.7068744332258E+018,"7 : 0.19110882, 7 : 0.13210607, 7 : 0.06485999",9
1.70255882233538E+018,"2 : 0.2065686, 3 : 0.042649798, 3 : 0.04158219",9
1.70217958062518E+018,"3 : 0.4190383, 3 : 0.26742443, 3 : 0.0348596",9
1.70217679177361E+018,"3 : 0.653728, 3 : 0.04362892, 3 : 0.036781337",9
1.70178640806982E+018,"2 : 0.6761353, 2 : 0.02305589, 4 : 0.01665113",9
1.70172915017472E+018,"3 : 0.6181901, 3 : 0.067414254, 3 : 0.05988528",9
1.69861588927574E+018,"3 : 0.42172828, 3 : 0.23996194, 3 : 0.1966909",9
1.68225518379334E+018,"4 : 0.24125874, 7 : 0.19582564, 7 : 0.052418828",9
1.68225212273143E+018,"13 : 0.14208415, 2 : 0.09112041, 2 : 0.089392886",9
1.67486436195858E+018,"3 : 0.17282985, 7 : 0.15022671, 3 : 0.08830312",9
1.67201448265656E+018,"7 : 0.16180457, 7 : 0.03426538, 2 : 0.029599473",9
1.66627211356211E+018,"3 : 0.22848447, 7 : 0.13797924, 12 : 0.05725823",9
1.66190672309734E+018,"3 : 0.18427269, 3 : 0.13026254, 14 : 0.056894112",9
1.66160919501701E+018,"3 : 0.49272594, 3 : 0.19975355, 3 : 0.086207286",9
1.66149927782044E+018,"7 : 0.2696255, 7 : 0.088976204, 7 : 0.030389072",9
1.65360964970799E+018,"3 : 0.33960962, 3 : 0.117426574, 3 : 0.0819779",9
1.65074871382744E+018,"3 : 0.9117454, 3 : 0.05711755, 3 : 0.007958488",9
1.65038978881219E+018,"3 : 0.6808997, 3 : 0.19255248, 3 : 0.026939504",9
1.63948552763513E+018,"3 : 0.92755294, 3 : 0.016740682, 3 : 0.01097819",9
1.63807673239246E+018,"13 : 0.7428759, 7 : 0.040288802, 4 : 0.014590175",9
1.63718334735166E+018,"11 : 0.9442373, 7 : 0.007218436, 3 : 0.002714616",9
1.63361301998245E+018,"3 : 0.12117511, 3 : 0.09383572, 2 : 0.080549",9
1.61554399776933E+018,"3 : 0.20175956, 3 : 0.1818302, 3 : 0.0678963",9
1.61551053883371E+018,"3 : 0.22420149, 3 : 0.19983965, 3 : 0.1790002",9
1.61334789828854E+018,"3 : 0.30577868, 3 : 0.13029392, 3 : 0.073411696",9
1.61333093685875E+018,"3 : 0.21781342, 2 : 0.14994165, 3 : 0.099109486",9
1.61260063820918E+018,"11 : 0.19531369, 11 : 0.16836241, 7 : 0.06813175",9
1.59591385906258E+018,"2 : 0.2657311, 3 : 0.24297793, 3 : 0.13632719",9
1.59228505189805E+018,"2 : 0.04646507, 2 : 0.033666022, 2 : 0.028499551",9
1.57859890109487E+018,"3 : 0.17503463, 7 : 0.09333301, 2 : 0.062630616",9
1.57738610145039E+018,"2 : 0.17221744, 9 : 0.13225831, 2 : 0.08199127",9
1.57030613944259E+018,"3 : 0.75881225, 3 : 0.009983835, 3 : 0.009368593",9
1.56477944501727E+018,"3 : 0.080457464, 2 : 0.06757043, 3 : 0.056809865",9
1.55966996145028E+018,"3 : 0.2726127, 3 : 0.12275026, 3 : 0.045618325",9
1.55963628976966E+018,"2 : 0.22083685, 7 : 0.17042539, 13 : 0.030564038",9
1.54343424296328E+018,"14 : 0.17166792, 2 : 0.07329881, 2 : 0.06865335",9
1.53869440329887E+018,"11 : 0.9197111, 2 : 0.00394043, 5 : 0.0031864292",9
1.53576986326239E+018,"3 : 0.36537182, 3 : 0.16576985, 3 : 0.12969144",9
1.53432000304052E+018,"3 : 0.3911709, 2 : 0.06840304, 8 : 0.0415693",9
1.52964750160147E+018,"13 : 0.21589115, 2 : 0.12084276, 12 : 0.09463174",9
1.52129260180507E+018,"11 : 0.61412305, 13 : 0.026382001, 12 : 0.022786027",9
1.51775859291556E+018,"3 : 0.5048067, 3 : 0.094120406, 2 : 0.086065136",9
1.50819735172077E+018,"3 : 0.66467667, 3 : 0.06207716, 3 : 0.019632632",9
1.50764597776252E+018,"7 : 0.19708507, 2 : 0.1245075, 7 : 0.06278693",9
1.50748974763888E+018,"2 : 0.16481392, 7 : 0.1542493, 4 : 0.08288119",9
1.50495608739131E+018,"3 : 0.17121564, 3 : 0.08912007, 2 : 0.0643761",9
1.50353788216874E+018,"3 : 0.50316805, 3 : 0.1076575, 3 : 0.06241839",9
1.49237549742496E+018,"2 : 0.06787222, 3 : 0.06190725, 3 : 0.06079743",9
1.48403371457677E+018,"3 : 0.47304255, 7 : 0.018075343, 2 : 0.017079772",9
1.48398846389948E+018,"3 : 0.41726246, 3 : 0.06942135, 3 : 0.06371993",9
1.48293302043968E+018,"7 : 0.17292778, 2 : 0.15321699, 2 : 0.05972612",9
1.47359063903505E+018,"3 : 0.6622596, 3 : 0.046603847, 3 : 0.033438824",9
1.4735153078754E+018,"3 : 0.18340153, 3 : 0.16678439, 3 : 0.139239",9
1.47133099626755E+018,"3 : 0.73283523, 3 : 0.083039604, 3 : 0.021887172",9
1.47132832164347E+018,"3 : 0.7436471, 3 : 0.059816413, 3 : 0.020497479",9
1.46986834601964E+018,"2 : 0.5538978, 3 : 0.09122669, 2 : 0.044756338",9
1.45683769911306E+018,"7 : 0.71732736, 2 : 0.052061703, 9 : 0.01683935",9
1.45682133282141E+018,"13 : 0.56430805, 13 : 0.28270766, 13 : 0.009428358",9
1.45320636886575E+018,"3 : 0.6766884, 3 : 0.13525341, 3 : 0.028787764",9
1.44262637771955E+018,"7 : 0.1554664, 7 : 0.14406958, 2 : 0.10306194",9
1.43799130604736E+018,"3 : 0.74417174, 3 : 0.03442727, 3 : 0.012737191",9
1.42569614906332E+018,"13 : 0.70499307, 7 : 0.051250633, 10 : 0.028521182",9
1.42569379048862E+018,"7 : 0.52017134, 7 : 0.05471025, 2 : 0.022616869",9
1.42560757008539E+018,"4 : 0.54231775, 7 : 0.1247307, 7 : 0.060712557",9
1.41988773858888E+018,"4 : 0.60378295, 2 : 0.06495452, 3 : 0.04492404",9
1.70387190394801E+018,"13 : 0.1990762, 13 : 0.100958474, 13 : 0.09213252",9
1.66255035734966E+018,"13 : 0.629571, 13 : 0.2009936, 7 : 0.022865506",9
2.16866452433605E+018,"13 : 0.44100702, 13 : 0.06801025, 9 : 0.04257434",9
2.20776026317271E+018,"3 : 0.40319318, 2 : 0.08556019, 3 : 0.06794169",9
2.20438715281764E+018,"3 : 0.28064016, 3 : 0.116106324, 3 : 0.0851327",9
2.20270259007143E+018,"13 : 0.2376099, 13 : 0.08031503, 7 : 0.07432742",9
2.19739971747477E+018,"3 : 0.2257512, 7 : 0.09251192, 3 : 0.07379225",9
2.1949876229287E+018,"3 : 0.3291827, 3 : 0.19434965, 3 : 0.085693486",9
2.19176064307451E+018,"3 : 0.43394765, 3 : 0.20556594, 7 : 0.07159467",9
2.19097852751628E+018,"3 : 0.4232858, 12 : 0.107325956, 12 : 0.07951173",9
2.18716178630687E+018,"2 : 0.19566919, 3 : 0.18916444, 11 : 0.07423079",9
2.18277157797686E+018,"4 : 0.033256307, 7 : 0.03242566, 13 : 0.029146342",9
2.18135822954051E+018,"3 : 0.052694984, 3 : 0.035656925, 3 : 0.026114982",9
2.17731024327317E+018,"3 : 0.4103951, 2 : 0.07234494, 3 : 0.042452138",9
2.17273433245257E+018,"7 : 0.14195561, 3 : 0.10942835, 7 : 0.10902981",9
2.17116799236526E+018,"3 : 0.36823028, 12 : 0.22995833, 12 : 0.023402883",9
2.16984270750214E+018,"3 : 0.7271475, 3 : 0.124880016, 3 : 0.03405481",9
2.16761203773639E+018,"2 : 0.15194537, 2 : 0.1268073, 3 : 0.086734414",9
2.16610853239135E+018,"12 : 0.24576569, 2 : 0.13259025, 12 : 0.08640345",9
2.1631573211031E+018,"3 : 0.4577529, 3 : 0.3035643, 3 : 0.039575562",9
2.16192044429932E+018,"2 : 0.544349, 2 : 0.17745705, 2 : 0.022031926",9
2.15768580409746E+018,"3 : 0.11678507, 7 : 0.09084611, 7 : 0.07323436",9
2.15548753557174E+018,"2 : 0.46938303, 3 : 0.15996934, 2 : 0.081099674",9
2.15267770551523E+018,"2 : 0.258152, 4 : 0.088282004, 2 : 0.05161312",9
2.15248449888602E+018,"7 : 0.18047301, 12 : 0.14324255, 13 : 0.04992107",9
2.14875274953423E+018,"3 : 0.28106484, 3 : 0.13940361, 3 : 0.052312613",9
2.14584636569208E+018,"3 : 0.2727021, 3 : 0.068547726, 3 : 0.049652465",9
2.14295472757974E+018,"2 : 0.8924204, 3 : 0.0253599, 7 : 0.00523563",9
2.14098459251748E+018,"13 : 0.18636946, 7 : 0.14364721, 3 : 0.04893483",9
2.13697275045403E+018,"3 : 0.9967759, 3 : 0.00073132286, 3 : 0.000591031",9
2.13343480710824E+018,"13 : 0.741639, 13 : 0.043165296, 7 : 0.026246924",9
2.13143588905478E+018,"7 : 0.45145577, 7 : 0.3777991, 4 : 0.047498625",9
2.11855439250379E+018,"3 : 0.15753873, 3 : 0.07818321, 10 : 0.05763552",9
2.1177617118389E+018,"11 : 0.73906094, 11 : 0.024197184, 10 : 0.010127187",9
2.1170621537239E+018,"3 : 0.071324326, 2 : 0.06436114, 3 : 0.05652055",9
2.11258319415595E+018,"3 : 0.53136617, 3 : 0.28525674, 3 : 0.057697266",9
2.11035007284473E+018,"3 : 0.16400594, 2 : 0.092366986, 3 : 0.072925836",9
2.10320940984399E+018,"3 : 0.18027738, 3 : 0.15738332, 3 : 0.14666829",9
2.10176700557614E+018,"9 : 0.5118709, 11 : 0.043259975, 3 : 0.03727033",9
2.10005484730798E+018,"3 : 0.17262392, 3 : 0.08061368, 3 : 0.07861151",9
2.0974774971171E+018,"3 : 0.5531299, 3 : 0.106526196, 2 : 0.10089573",9
2.09528483548985E+018,"3 : 0.3093757, 2 : 0.06781835, 7 : 0.052147537",9
2.09318870383819E+018,"2 : 0.65917945, 2 : 0.0970778, 3 : 0.032147247",9
2.08740187415732E+018,"3 : 0.19172692, 12 : 0.11530597, 3 : 0.061744176",9
2.08666821799255E+018,"2 : 0.9874877, 3 : 0.0020067987, 2 : 0.0014727793",9
2.08616589954025E+018,"7 : 0.5579252, 7 : 0.06200511, 3 : 0.060863756",9
2.0855130453601E+018,"3 : 0.5207949, 3 : 0.07596414, 3 : 0.04751665",9
2.0814849535726E+018,"1 : 0.64756465, 11 : 0.14660469, 1 : 0.018778592",9
2.07502935629769E+018,"3 : 0.63547796, 3 : 0.08672541, 3 : 0.052201852",9
2.07199178241085E+018,"4 : 0.18031958, 7 : 0.09134444, 12 : 0.07958687",9
2.06628276814241E+018,"2 : 0.25081152, 3 : 0.24956794, 3 : 0.034956202",9
2.06177043260188E+018,"12 : 0.15824465, 3 : 0.06530422, 3 : 0.055465456",9
2.05987917285144E+018,"2 : 0.28730318, 3 : 0.2803958, 3 : 0.03266282",9
2.05889588142977E+018,"7 : 0.7375411, 7 : 0.119083844, 3 : 0.03868563",9
2.05627177092278E+018,"3 : 0.23973131, 3 : 0.074236125, 3 : 0.02622951",9
2.05242874067328E+018,"3 : 0.65913695, 3 : 0.052726403, 3 : 0.025333691",9
2.05087298143925E+018,"3 : 0.22293545, 3 : 0.09594106, 2 : 0.092157625",9
2.04936287087936E+018,"3 : 0.3884872, 3 : 0.14333639, 3 : 0.09414332",9
2.04873876178264E+018,"3 : 0.19083959, 3 : 0.14651686, 2 : 0.099526055",9
2.04686362705037E+018,"3 : 0.3201992, 7 : 0.31139898, 3 : 0.04608714",9
2.04642602194477E+018,"3 : 0.42157307, 3 : 0.15176247, 8 : 0.03964089",9
2.04533032401939E+018,"3 : 0.19187248, 3 : 0.15854688, 3 : 0.15269896",9
2.04240126176168E+018,"3 : 0.43149215, 3 : 0.12292589, 3 : 0.09392667",9
2.04085130811554E+018,"3 : 0.6070632, 9 : 0.09700204, 12 : 0.046297915",9
2.03717321595812E+018,"11 : 0.39700946, 14 : 0.0412408, 2 : 0.03900771",9
2.03491859579371E+018,"3 : 0.12337335, 12 : 0.08903796, 3 : 0.083444476",9
2.03073792120126E+018,"12 : 0.27986243, 7 : 0.066036545, 2 : 0.045058526",9
2.03001540484052E+018,"3 : 0.61627984, 12 : 0.041299928, 3 : 0.033427272",9
2.02649354669072E+018,"3 : 0.45583737, 3 : 0.05007239, 3 : 0.0458557",9
2.025721138648E+018,"3 : 0.29617304, 2 : 0.033352785, 7 : 0.029872533",9
2.02478959673844E+018,"3 : 0.17431323, 7 : 0.07755774, 12 : 0.07710063",9
2.02036771268254E+018,"3 : 0.16401404, 3 : 0.09608049, 3 : 0.095517576",9
2.01603766513387E+018,"3 : 0.52781194, 2 : 0.18297099, 7 : 0.032674797",9
2.0154154364279E+018,"7 : 0.28774336, 3 : 0.18204534, 3 : 0.08054746",9
2.01126101699405E+018,"7 : 0.072155215, 3 : 0.046554886, 12 : 0.04465952",9
2.01011842650011E+018,"3 : 0.26197985, 3 : 0.2490772, 3 : 0.18131123",9
2.00655567353355E+018,"3 : 0.19813345, 3 : 0.09478013, 3 : 0.07881989",9
2.00544456333988E+018,"7 : 0.48636198, 11 : 0.04487352, 3 : 0.04315469",9
2.00475633023726E+018,"3 : 0.2546266, 3 : 0.087477535, 3 : 0.06833127",9
1.9997122032296E+018,"3 : 0.18181509, 7 : 0.14617607, 3 : 0.07674719",9
1.99756336018419E+018,"3 : 0.2559709, 2 : 0.24004792, 3 : 0.056009885",9
1.99539564444676E+018,"2 : 0.9142906, 12 : 0.04310037, 3 : 0.01962032",9
1.99447856912163E+018,"3 : 0.42132846, 3 : 0.062443648, 3 : 0.052853305",9
1.99114093463252E+018,"9 : 0.19534329, 3 : 0.08607048, 3 : 0.056126792",9
1.9902044719691E+018,"3 : 0.34506246, 7 : 0.08344414, 3 : 0.07338579",9
1.98591813311987E+018,"3 : 0.12216426, 3 : 0.09738228, 3 : 0.06941724",9
1.98012538108929E+018,"3 : 0.1832974, 2 : 0.10231116, 3 : 0.060021084",9
1.97285726524545E+018,"2 : 0.15718444, 13 : 0.12254215, 2 : 0.07500327",9
1.97071081669487E+018,"12 : 0.36011752, 3 : 0.16220851, 11 : 0.08779837",9
1.96822034756008E+018,"3 : 0.19335048, 3 : 0.14229076, 3 : 0.04840382",9
1.9617308876046E+018,"3 : 0.3312082, 3 : 0.031289767, 2 : 0.02300793",9
1.95990020461202E+018,"2 : 0.15426797, 3 : 0.08173097, 14 : 0.06816385",9
1.95454876515278E+018,"3 : 0.50252545, 3 : 0.062576815, 13 : 0.031673923",9
1.95266697852326E+018,"3 : 0.1249448, 2 : 0.0996427, 2 : 0.048820578",9
1.94826478358542E+018,"3 : 0.24065202, 3 : 0.23300727, 3 : 0.10843681",9
1.94089652844268E+018,"12 : 0.15711671, 3 : 0.11474461, 3 : 0.10061225",9
1.93953795264981E+018,"8 : 0.219126, 3 : 0.12108877, 3 : 0.09527618",9
1.93015059776217E+018,"3 : 0.8017734, 3 : 0.09514923, 3 : 0.007929374",9
1.92561678421225E+018,"3 : 0.7450596, 3 : 0.026796129, 3 : 0.026351603",9
1.92212047421503E+018,"2 : 0.696007, 10 : 0.06001921, 3 : 0.022085603",9
1.91778271353459E+018,"7 : 0.83790946, 3 : 0.055827666, 3 : 0.010048236",9
1.91569367138924E+018,"7 : 0.17124347, 7 : 0.1361206, 4 : 0.10760034",9
1.91270269012132E+018,"3 : 0.22407335, 7 : 0.09505858, 3 : 0.05615596",9
1.91119596548034E+018,"2 : 0.34198615, 3 : 0.16620812, 10 : 0.070017286",9
1.90752881313208E+018,"2 : 0.19937888, 7 : 0.11069635, 7 : 0.059192125",9
1.90548853274947E+018,"3 : 0.4217971, 3 : 0.1862329, 3 : 0.07329032",9
1.89756264591005E+018,"5 : 0.28146687, 10 : 0.12648983, 8 : 0.11311895",9
1.89460100166133E+018,"3 : 0.4396038, 3 : 0.08414361, 3 : 0.08149402",9
1.89392922596065E+018,"7 : 0.48456168, 3 : 0.077935025, 3 : 0.045927104",9
1.89287177704476E+018,"3 : 0.1440915, 3 : 0.11274823, 3 : 0.110890515",9
1.8895359513835E+018,"3 : 0.9406747, 3 : 0.013755178, 3 : 0.010663801",9
1.88446058274154E+018,"7 : 0.35951832, 7 : 0.05623775, 3 : 0.053456943",9
1.88343456743385E+018,"13 : 0.33001187, 3 : 0.1317005, 12 : 0.053348318",9
1.876394517014E+018,"3 : 0.54216933, 3 : 0.051731344, 7 : 0.0311347",9
1.8723640883051E+018,"3 : 0.18316314, 3 : 0.1714905, 3 : 0.05216603",9
1.87040064835766E+018,"3 : 0.48104852, 2 : 0.1709726, 3 : 0.11262271",9
1.86921781470938E+018,"3 : 0.43784082, 3 : 0.16416064, 3 : 0.04004722",9
1.86851361740011E+018,"3 : 0.3027846, 2 : 0.21018839, 3 : 0.032763243",9
1.86691925256727E+018,"2 : 0.3299477, 3 : 0.30850008, 7 : 0.18915491",9
1.85459775176272E+018,"3 : 0.49626932, 3 : 0.06821101, 3 : 0.055553984",9
1.85370991025925E+018,"3 : 0.44692466, 3 : 0.2253657, 3 : 0.109048024",9
1.85106834801026E+018,"3 : 0.43050036, 2 : 0.08501768, 3 : 0.061533295",9
1.84541090131662E+018,"3 : 0.77836394, 3 : 0.08687398, 3 : 0.030976493",9
1.84445417564966E+018,"3 : 0.8636608, 3 : 0.014586506, 3 : 0.013188892",9
1.84143294539755E+018,"3 : 0.48632905, 7 : 0.15763035, 7 : 0.025874833",9
1.83877403098516E+018,"3 : 0.2036868, 3 : 0.13808365, 12 : 0.094573505",9
1.83869015967812E+018,"3 : 0.78284603, 2 : 0.083483785, 3 : 0.020935455",9
1.83700710890434E+018,"3 : 0.38190982, 3 : 0.122434355, 7 : 0.08679959",9
1.83559698940266E+018,"6 : 0.4453246, 6 : 0.026706573, 6 : 0.024334008",9
1.83407550271582E+018,"3 : 0.6317763, 2 : 0.08424362, 3 : 0.042523004",9
1.83107676180779E+018,"3 : 0.77407664, 3 : 0.09414688, 3 : 0.02577234",9
1.83030502760532E+018,"3 : 0.24175052, 3 : 0.08977909, 12 : 0.08888748",9
1.82359984193696E+018,"2 : 0.36551714, 3 : 0.07311929, 9 : 0.060931433",9
1.82283047457151E+018,"3 : 0.37280217, 3 : 0.06669466, 3 : 0.049407694",9
1.81878307382139E+018,"2 : 0.16415033, 2 : 0.11633714, 12 : 0.07433069",9
1.81695334978049E+018,"3 : 0.17361528, 3 : 0.08309004, 3 : 0.08094561",9
1.81345141513562E+018,"10 : 0.17555386, 13 : 0.1370136, 2 : 0.117441155",9
1.81302681452466E+018,"3 : 0.06037966, 3 : 0.058421686, 14 : 0.048130188",9
1.81191255697587E+018,"2 : 0.49915785, 3 : 0.122296944, 9 : 0.05574023",9
1.80910054564309E+018,"3 : 0.39160004, 10 : 0.098181866, 3 : 0.04379468",9
1.80757036377976E+018,"11 : 0.15548545, 6 : 0.05664073, 2 : 0.016429871",9
1.80475548875397E+018,"7 : 0.044960827, 2 : 0.037784994, 6 : 0.026560808",9
1.80222179631115E+018,"7 : 0.059501898, 8 : 0.056544833, 6 : 0.04105439",9
1.8007179978501E+018,"3 : 0.3432022, 8 : 0.023846842, 9 : 0.015499761",9
1.79884812437129E+018,"3 : 0.062260322, 12 : 0.05938333, 2 : 0.0585004",9
1.79812811696807E+018,"3 : 0.37435994, 3 : 0.13611367, 3 : 0.032449808",9
1.79354913429925E+018,"3 : 0.29449457, 3 : 0.1948065, 3 : 0.07577122",9
1.79232841778685E+018,"3 : 0.1017367, 7 : 0.05898081, 3 : 0.048703693",9
1.7843556024603E+018,"3 : 0.30298778, 3 : 0.09045807, 12 : 0.0709443",9
1.78415683065226E+018,"7 : 0.07524591, 7 : 0.05244144, 7 : 0.046123408",9
1.78298783071498E+018,"7 : 0.3006323, 3 : 0.07710534, 13 : 0.06803604",9
1.78228192311722E+018,"3 : 0.51893777, 2 : 0.10149578, 3 : 0.024192343",9
1.77723543770445E+018,"2 : 0.3980541, 3 : 0.09931149, 3 : 0.04723528",9
1.77678274965971E+018,"3 : 0.24647634, 3 : 0.08363707, 2 : 0.07754716",9
1.77321715566534E+018,"3 : 0.33015516, 6 : 0.10609805, 3 : 0.066006035",9
1.768262938975E+018,"2 : 0.9435169, 3 : 0.02128362, 12 : 0.0021774024",9
1.76523173611894E+018,"3 : 0.96573913, 3 : 0.0058718803, 3 : 0.004854921",9
1.76203340824905E+018,"3 : 0.44048062, 2 : 0.0836097, 3 : 0.057231996",9
1.75767327958938E+018,"3 : 0.23107672, 3 : 0.13172151, 3 : 0.118721895",9
1.75675915394172E+018,"7 : 0.3528214, 3 : 0.14991112, 3 : 0.12785238",9
1.75218955188202E+018,"2 : 0.96896297, 2 : 0.0053844005, 3 : 0.0047660787",9
1.74932561397553E+018,"12 : 0.15064535, 3 : 0.10392387, 3 : 0.056127273",9
1.74258878796264E+018,"7 : 0.6213877, 7 : 0.021614023, 7 : 0.011536589",9
1.74234366032944E+018,"3 : 0.35190815, 3 : 0.1451365, 3 : 0.113270365",9
1.74097355576145E+018,"3 : 0.1653365, 3 : 0.11622131, 12 : 0.066408515",9
1.74010393298091E+018,"2 : 0.848162, 11 : 0.027751213, 3 : 0.017764205",9
1.73851750468463E+018,"3 : 0.080172695, 2 : 0.06875739, 2 : 0.026122024",9
1.7334296134873E+018,"3 : 0.74939644, 3 : 0.032759942, 3 : 0.01753449",9
1.73215504351321E+018,"3 : 0.14756037, 3 : 0.112842515, 2 : 0.062111285",9
1.73150389859595E+018,"3 : 0.70391375, 3 : 0.10028972, 3 : 0.030111976",9
1.72703910299979E+018,"12 : 0.1457624, 3 : 0.1426067, 2 : 0.038581606",9
1.72535318357409E+018,"3 : 0.36769068, 3 : 0.0892215, 3 : 0.063148126",9
1.72492780189286E+018,"12 : 0.090572655, 2 : 0.072069846, 3 : 0.06891754",9
1.7221859832541E+018,"14 : 0.1284903, 7 : 0.059821818, 2 : 0.032916814",9
1.72135428928777E+018,"3 : 0.18030612, 3 : 0.06370805, 3 : 0.061768275",9
1.71742255459838E+018,"3 : 0.5117166, 12 : 0.1063534, 3 : 0.037456967",9
1.71565741088538E+018,"3 : 0.16269863, 3 : 0.087109976, 3 : 0.0657327",9
1.71175195406293E+018,"6 : 0.241469, 2 : 0.12549978, 7 : 0.053812515",9
1.70647151766117E+018,"3 : 0.18198149, 12 : 0.12678273, 3 : 0.060179856",9
1.70186980955722E+018,"6 : 0.13813776, 3 : 0.10845365, 14 : 0.080425456",9
1.69878426104316E+018,"2 : 0.3273491, 3 : 0.1391491, 12 : 0.04598209",9
1.69680869048393E+018,"3 : 0.50070864, 3 : 0.050157126, 2 : 0.02877274",9
1.6968079215506E+018,"3 : 0.35614333, 3 : 0.21620835, 3 : 0.047698095",9
1.69680692558778E+018,"3 : 0.15388957, 3 : 0.089666516, 3 : 0.059904832",9
1.69246888793056E+018,"3 : 0.24141763, 3 : 0.13178284, 3 : 0.110916674",9
1.69226616618013E+018,"3 : 0.10868266, 3 : 0.07737855, 3 : 0.07506427",9
1.69131486521686E+018,"2 : 0.18852489, 3 : 0.099463426, 3 : 0.06687606",9
1.6899582379393E+018,"3 : 0.1826693, 2 : 0.05864858, 3 : 0.054490764",9
1.68864872495929E+018,"3 : 0.50120246, 3 : 0.12269693, 3 : 0.020354344",9
1.68004713217293E+018,"3 : 0.10812998, 3 : 0.044049677, 3 : 0.039826073",9
1.67196309088149E+018,"3 : 0.27235693, 3 : 0.17986892, 3 : 0.12490702",9
1.67067854573867E+018,"3 : 0.2908139, 3 : 0.24141057, 5 : 0.046799485",9
1.66532100661909E+018,"7 : 0.38729036, 7 : 0.24739562, 3 : 0.09901739",9
1.6648408465139E+018,"3 : 0.18559134, 3 : 0.11848809, 2 : 0.08871691",9
1.65621323580583E+018,"3 : 0.13035929, 5 : 0.060949508, 3 : 0.058753558",9
1.6538217819598E+018,"3 : 0.22749864, 3 : 0.06432232, 2 : 0.05226257",9
1.65120052429561E+018,"7 : 0.06505133, 2 : 0.05905194, 7 : 0.04287402",9
1.65092408886633E+018,"3 : 0.6097961, 3 : 0.069824584, 3 : 0.0680631",9
1.64391658382932E+018,"7 : 0.09765677, 2 : 0.09712296, 7 : 0.049105164",9
1.64058633090579E+018,"3 : 0.5224595, 3 : 0.19685802, 3 : 0.10205334",9
1.63868866195937E+018,"3 : 0.33365858, 3 : 0.092045955, 3 : 0.03457929",9
1.63701938755306E+018,"7 : 0.8540951, 2 : 0.018139968, 2 : 0.007776094",9
1.63585147146737E+018,"3 : 0.2448149, 13 : 0.10647487, 3 : 0.06077097",9
1.63285472436379E+018,"2 : 0.15448417, 13 : 0.11947167, 8 : 0.081743054",9
1.63116742576803E+018,"3 : 0.18032819, 3 : 0.10098159, 2 : 0.060796287",9
1.62932818055502E+018,"3 : 0.297106, 3 : 0.2429384, 3 : 0.06643996",9
1.62499096630102E+018,"3 : 0.2559549, 7 : 0.18586642, 3 : 0.08868133",9
1.62271861226684E+018,"3 : 0.42226273, 3 : 0.19761887, 3 : 0.0359584",9
1.62058417954697E+018,"14 : 0.20994757, 12 : 0.16097684, 2 : 0.11474211",9
1.62012753312187E+018,"2 : 0.2619784, 2 : 0.1597104, 3 : 0.073478",9
1.61917756737261E+018,"7 : 0.23489685, 3 : 0.23233443, 3 : 0.036493048",9
1.61845350108265E+018,"3 : 0.3090337, 3 : 0.20441274, 3 : 0.18055488",9
1.61407041786123E+018,"3 : 0.44625202, 3 : 0.29776844, 3 : 0.04169447",9
1.61157098565849E+018,"3 : 0.48937404, 12 : 0.10795094, 3 : 0.071421266",9
1.61038799800403E+018,"3 : 0.191512, 3 : 0.16405247, 3 : 0.10408778",9
1.60472172249259E+018,"3 : 0.69948673, 3 : 0.118518576, 2 : 0.06799325",9
1.60359612036447E+018,"7 : 0.36053005, 12 : 0.35445142, 7 : 0.062557474",9
1.59020685045081E+018,"2 : 0.49857256, 12 : 0.102857225, 12 : 0.043284897",9
1.58801764922352E+018,"14 : 0.5932936, 7 : 0.081923254, 14 : 0.021027243",9
1.58508932256232E+018,"3 : 0.8720547, 3 : 0.056410152, 3 : 0.014844212",9
1.57974385803906E+018,"3 : 0.29898825, 3 : 0.08766835, 3 : 0.07626571",9
1.57825867209802E+018,"3 : 0.053581126, 3 : 0.04998887, 3 : 0.04739511",9
1.57548932453868E+018,"3 : 0.5516806, 3 : 0.43015113, 3 : 0.0046617934",9
1.57504318247802E+018,"7 : 0.46416694, 3 : 0.037502248, 3 : 0.027732365",9
1.57422920715473E+018,"8 : 0.67029834, 8 : 0.3106982, 9 : 0.004166685",9
1.57101974841821E+018,"3 : 0.32231322, 12 : 0.06864117, 12 : 0.036094096",9
1.56866257731071E+018,"7 : 0.22634816, 14 : 0.16920406, 7 : 0.11030198",9
1.5670725446063E+018,"3 : 0.13700464, 2 : 0.07402955, 3 : 0.068972066",9
1.56544351161923E+018,"2 : 0.17310894, 2 : 0.13917224, 3 : 0.10421596",9
1.56476893335269E+018,"3 : 0.81223595, 3 : 0.077552855, 3 : 0.015369933",9
1.56263098766219E+018,"3 : 0.9261603, 2 : 0.01083635, 3 : 0.009913438",9
1.55897852275089E+018,"3 : 0.49426597, 3 : 0.1282723, 2 : 0.09602778",9
1.55508849044248E+018,"3 : 0.233628, 3 : 0.21848135, 3 : 0.14314166",9
1.55321150453838E+018,"3 : 0.15191205, 3 : 0.08686164, 3 : 0.071601525",9
1.55091692467729E+018,"2 : 0.30494946, 12 : 0.042676143, 2 : 0.039633777",9
1.54959007796419E+018,"3 : 0.37821895, 3 : 0.07392269, 3 : 0.06444544",9
1.54947691201048E+018,"3 : 0.40105802, 3 : 0.22185524, 2 : 0.17287464",9
1.5451276464202E+018,"8 : 0.16008402, 11 : 0.13017724, 1 : 0.08903567",9
1.53949296455615E+018,"3 : 0.3871336, 3 : 0.021362172, 3 : 0.020746514",9
1.53865870626573E+018,"3 : 0.9570418, 3 : 0.013093572, 3 : 0.010391577",9
1.53650306469735E+018,"3 : 0.0710452, 3 : 0.06269687, 9 : 0.040634003",9
1.53500417380891E+018,"3 : 0.13667193, 12 : 0.087936364, 3 : 0.08752919",9
1.53397419245682E+018,"3 : 0.6399081, 12 : 0.12765396, 3 : 0.072455615",9
1.53004134494321E+018,"6 : 0.28649446, 5 : 0.073662005, 3 : 0.069796845",9
1.52999593132783E+018,"3 : 0.2371548, 3 : 0.14266063, 3 : 0.07097207",9
1.52788853529384E+018,"2 : 0.12657166, 12 : 0.07817134, 13 : 0.04337838",9
1.52483388429853E+018,"3 : 0.85268193, 3 : 0.035922963, 3 : 0.034636028",9
1.52131145070497E+018,"7 : 0.09491124, 3 : 0.07779675, 3 : 0.07357406",9
1.51897947939622E+018,"3 : 0.22712334, 14 : 0.18598348, 3 : 0.09591741",9
1.51743855793274E+018,"2 : 0.59741783, 3 : 0.15959214, 3 : 0.028473878",9
1.51460139536476E+018,"3 : 0.4127779, 7 : 0.07264412, 3 : 0.0351525",9
1.51408090373093E+018,"7 : 0.50164706, 7 : 0.20527014, 13 : 0.10266096",9
1.51401736671937E+018,"3 : 0.3085507, 3 : 0.19620934, 3 : 0.04300749",9
1.50908683771151E+018,"3 : 0.3925988, 3 : 0.046694748, 12 : 0.044284005",9
1.50886523639928E+018,"12 : 0.79913396, 12 : 0.05629536, 3 : 0.029605288",9
1.50466216393911E+018,"3 : 0.5399514, 3 : 0.056472506, 3 : 0.04564529",9
1.50403604321232E+018,"2 : 0.31219545, 7 : 0.18980378, 2 : 0.053132527",9
1.50241206393322E+018,"3 : 0.11095934, 3 : 0.07590045, 3 : 0.06786131",9
1.49964748924114E+018,"10 : 0.1324711, 2 : 0.118919946, 2 : 0.04488469",9
1.49881081580522E+018,"3 : 0.3953622, 3 : 0.14345834, 3 : 0.117821805",9
1.49380414681675E+018,"3 : 0.10968849, 3 : 0.096655935, 2 : 0.040379953",9
1.49308634181863E+018,"7 : 0.40247113, 3 : 0.14520985, 3 : 0.11539868",9
1.48876649688081E+018,"3 : 0.7322766, 3 : 0.08001662, 2 : 0.011297628",9
1.4880130339293E+018,"7 : 0.13161577, 3 : 0.05205413, 7 : 0.04311909",9
1.48509361358691E+018,"3 : 0.22345795, 9 : 0.16898307, 3 : 0.030870771",9
1.48426117986919E+018,"3 : 0.3208587, 3 : 0.14720835, 3 : 0.06514106",9
1.48396861043835E+018,"3 : 0.17883813, 3 : 0.0814498, 3 : 0.061980877",9
1.48355215717243E+018,"3 : 0.25159392, 3 : 0.13156655, 3 : 0.06308326",9
1.48154898653117E+018,"3 : 0.82118326, 3 : 0.015726022, 3 : 0.008670959",9
1.48063807060833E+018,"3 : 0.27258626, 3 : 0.16377746, 3 : 0.15041745",9
1.47933666144286E+018,"7 : 0.39220408, 7 : 0.09916798, 2 : 0.058737017",9
1.47926719686497E+018,"3 : 0.41224828, 3 : 0.06897775, 3 : 0.05908319",9
1.47860750474456E+018,"3 : 0.29496542, 3 : 0.037558537, 7 : 0.032633662",9
1.47633934066127E+018,"9 : 0.5249915, 3 : 0.13512865, 3 : 0.05764598",9
1.47610284159222E+018,"3 : 0.14002547, 3 : 0.12666465, 3 : 0.07987946",9
1.47397557958139E+018,"3 : 0.73497427, 3 : 0.07292772, 7 : 0.054170016",9
1.47347510921286E+018,"4 : 0.36467212, 4 : 0.3194286, 2 : 0.030246915",9
1.47198970455596E+018,"3 : 0.92851555, 3 : 0.0579244, 3 : 0.004039479",9
1.46874370731333E+018,"2 : 0.13233727, 3 : 0.09348255, 3 : 0.064004555",9
1.46840851386389E+018,"4 : 0.98181975, 9 : 0.005895667, 9 : 0.0018602626",9
1.46619001083424E+018,"2 : 0.1347587, 3 : 0.06357548, 2 : 0.041587748",9
1.46308778674356E+018,"3 : 0.6675689, 3 : 0.24852264, 3 : 0.010590691",9
1.46268793353353E+018,"3 : 0.3601698, 3 : 0.09508615, 5 : 0.08489796",9
1.46079976890508E+018,"7 : 0.24970447, 7 : 0.12377807, 7 : 0.12134775",9
1.45841211239753E+018,"3 : 0.15708342, 3 : 0.052040566, 3 : 0.041950878",9
1.45784792705278E+018,"3 : 0.25210738, 3 : 0.17141527, 3 : 0.1375972",9
1.45742775801138E+018,"3 : 0.446033, 3 : 0.19565874, 3 : 0.08449355",9
1.45396341974829E+018,"3 : 0.10894878, 3 : 0.06629438, 3 : 0.0629969",9
1.44382878328325E+018,"3 : 0.21988201, 3 : 0.21250536, 3 : 0.121828586",9
1.44341996049518E+018,"2 : 0.45062754, 4 : 0.14949243, 13 : 0.045664847",9
1.44310412115773E+018,"3 : 0.14163864, 3 : 0.08265097, 3 : 0.0812145",9
1.44226250921395E+018,"3 : 0.9317453, 3 : 0.00994108, 3 : 0.006767523",9
1.44046667428504E+018,"3 : 0.23570381, 12 : 0.13628025, 8 : 0.10813415",9
1.43726587357159E+018,"3 : 0.83096033, 12 : 0.03493164, 3 : 0.017790841",9
1.43325621977921E+018,"3 : 0.22510597, 3 : 0.13079143, 3 : 0.09159529",9
1.43262844992687E+018,"3 : 0.07637337, 5 : 0.056601245, 3 : 0.05613636",9
1.43249106267237E+018,"3 : 0.42708302, 3 : 0.06936629, 2 : 0.06243086",9
1.4292499153556E+018,"2 : 0.90875024, 2 : 0.04154537, 12 : 0.023221444",9
1.42815782669844E+018,"3 : 0.40787724, 2 : 0.068322256, 7 : 0.062023763",9
1.42703087211716E+018,"2 : 0.20973454, 12 : 0.18766761, 3 : 0.08688572",9
1.42646993173868E+018,"2 : 0.77188426, 7 : 0.04800437, 3 : 0.014965777",9
1.42474659965725E+018,"1 : 0.9383873, 1 : 0.00992523, 11 : 0.0050928374",9
1.42279441847461E+018,"3 : 0.5089457, 3 : 0.091692954, 3 : 0.062874764",9
1.42210529524177E+018,"3 : 0.30741197, 3 : 0.21719047, 3 : 0.20160185",9
1.42127004717971E+018,"2 : 0.70513314, 4 : 0.12977828, 7 : 0.046004955",9
1.42053510787769E+018,"3 : 0.22811583, 3 : 0.15199943, 3 : 0.12206697",9
2.21053637988564E+018,"11 : 0.5554168, 11 : 0.15266551, 1 : 0.13285875",9
2.20316754497054E+018,"2 : 0.2871965, 2 : 0.18867543, 12 : 0.16133995",9
2.19881962999502E+018,"9 : 0.11183936, 5 : 0.078163065, 7 : 0.05406432",9
2.196867836627E+018,"7 : 0.83364826, 7 : 0.0072597144, 13 : 0.004871091",9
2.1891098044664E+018,"1 : 0.7556228, 3 : 0.07345396, 1 : 0.06726287",9
2.18860825317741E+018,"1 : 0.6831709, 13 : 0.09531347, 11 : 0.066533364",9
2.18731549071103E+018,"3 : 0.35597277, 7 : 0.17342308, 7 : 0.04492045",9
2.18451284285314E+018,"2 : 0.9418017, 7 : 0.0011939331, 13 : 0.0005764686",9
2.18298967207937E+018,"12 : 0.17953263, 13 : 0.1157548, 2 : 0.09308835",9
2.17759842457998E+018,"11 : 0.28365794, 9 : 0.13588339, 12 : 0.084890276",9
2.17465783888289E+018,"5 : 0.25688994, 14 : 0.24274625, 9 : 0.056472015",9
2.17428288848125E+018,"2 : 0.9615127, 7 : 0.0036487472, 6 : 0.0011980816",9
2.17427709814375E+018,"9 : 0.5959196, 9 : 0.094237246, 13 : 0.08388164",9
2.17194635725967E+018,"2 : 0.56181175, 7 : 0.12547663, 3 : 0.028840886",9
2.16910152697548E+018,"2 : 0.15684153, 12 : 0.15242183, 9 : 0.065748565",9
2.1688271933285E+018,"4 : 0.8307951, 7 : 0.043479662, 2 : 0.01146495",9
2.16772970104982E+018,"4 : 0.2721391, 5 : 0.1757978, 5 : 0.038858134",9
2.1676447370077E+018,"2 : 0.25464377, 7 : 0.11669342, 2 : 0.05459654",9
2.16667022370061E+018,"11 : 0.9380053, 11 : 0.010628429, 1 : 0.007842913",9
2.16401834406863E+018,"12 : 0.71425694, 3 : 0.21645623, 9 : 0.02484949",9
2.15828343907439E+018,"1 : 0.5419856, 9 : 0.18127356, 8 : 0.0172512",9
2.14889263387574E+018,"12 : 0.29162002, 7 : 0.08884299, 12 : 0.07811204",9
2.13696609761685E+018,"2 : 0.5819028, 9 : 0.06594561, 7 : 0.030476065",9
2.13268828765192E+018,"8 : 0.11665148, 8 : 0.093439005, 8 : 0.043349154",9
2.12347967216297E+018,"2 : 0.20105168, 13 : 0.04478732, 5 : 0.031481914",9
2.12171920086258E+018,"1 : 0.28453892, 2 : 0.19645631, 11 : 0.08000074",9
2.09230430048003E+018,"10 : 0.22198732, 7 : 0.12363406, 7 : 0.03428098",9
2.09092865722581E+018,"1 : 0.7714713, 12 : 0.044401396, 13 : 0.041340556",9
2.0768710196255E+018,"13 : 0.55989707, 13 : 0.06276655, 13 : 0.027412543",9
2.06822736452974E+018,"3 : 0.514864, 2 : 0.06459745, 7 : 0.02354804",9
2.06413095409192E+018,"7 : 0.5660035, 7 : 0.13103525, 7 : 0.024340408",9
2.20544320571831E+018,"2 : 0.2716765, 2 : 0.19478327, 2 : 0.168801",10
2.20528200964801E+018,"2 : 0.54212576, 2 : 0.08781575, 6 : 0.061618328",10
2.20291588437316E+018,"2 : 0.68102646, 3 : 0.13618165, 7 : 0.06675578",10
2.20167275137945E+018,"12 : 0.66946965, 2 : 0.046003573, 2 : 0.03959762",10
2.20113586513306E+018,"2 : 0.3488182, 7 : 0.15359299, 13 : 0.14460188",10
2.1994484112128E+018,"2 : 0.78527135, 7 : 0.046420395, 3 : 0.006758119",10
2.19855474359338E+018,"3 : 0.78858453, 2 : 0.13317038, 7 : 0.0030085917",10
2.1981852265098E+018,"2 : 0.78999346, 7 : 0.066075735, 2 : 0.019922463",10
2.19808272816381E+018,"2 : 0.31251633, 7 : 0.29335564, 2 : 0.09041472",10
2.19493467400301E+018,"2 : 0.3527984, 4 : 0.14443319, 7 : 0.050167084",10
2.19447269373113E+018,"7 : 0.36330426, 7 : 0.26629484, 2 : 0.1859324",10
2.19362945322207E+018,"2 : 0.6685925, 2 : 0.045151904, 7 : 0.03634844",10
2.19362801255422E+018,"2 : 0.7834955, 3 : 0.018535003, 2 : 0.015028164",10
2.1884707279389E+018,"2 : 0.36711133, 2 : 0.05137477, 2 : 0.045774836",10
2.18507851334268E+018,"3 : 0.16125686, 2 : 0.12545602, 7 : 0.09233302",10
2.17905831615261E+018,"7 : 0.79835045, 2 : 0.034160413, 7 : 0.007282768",10
2.17192657659439E+018,"2 : 0.51033765, 7 : 0.055394776, 3 : 0.042420592",10
2.17124014173412E+018,"3 : 0.6527753, 8 : 0.037919518, 3 : 0.021373283",10
2.16896324915298E+018,"7 : 0.21280876, 7 : 0.18261276, 7 : 0.14655977",10
2.16761056361457E+018,"2 : 0.9288461, 2 : 0.009425506, 2 : 0.004531143",10
2.16548824796323E+018,"9 : 0.20313658, 7 : 0.09687934, 7 : 0.064929694",10
2.16541197540895E+018,"2 : 0.2576345, 4 : 0.03360498, 7 : 0.02514915",10
2.16541132700329E+018,"7 : 0.462879, 7 : 0.33133766, 2 : 0.07798873",10
2.16468726432054E+018,"7 : 0.9277717, 7 : 0.025368305, 13 : 0.0063162968",10
2.16468685638242E+018,"7 : 0.93436766, 7 : 0.025039863, 2 : 0.0056603584",10
2.16465212533077E+018,"2 : 0.54711664, 7 : 0.009046808, 2 : 0.0059755556",10
2.16399257699111E+018,"7 : 0.41074717, 7 : 0.28641212, 2 : 0.03214534",10
2.16399208980575E+018,"7 : 0.41679156, 7 : 0.2674346, 2 : 0.032686528",10
2.16263286174892E+018,"3 : 0.18202071, 8 : 0.08176115, 7 : 0.057271373",10
2.16251688636596E+018,"7 : 0.70985204, 7 : 0.13524036, 3 : 0.019623648",10
2.16182844061393E+018,"7 : 0.5790634, 2 : 0.05271658, 2 : 0.045146",10
2.16097102953145E+018,"7 : 0.21374215, 2 : 0.18332443, 1 : 0.09683971",10
2.16096541355145E+018,"2 : 0.37842575, 13 : 0.109595925, 13 : 0.09671424",10
2.16030428101465E+018,"7 : 0.483225, 2 : 0.08955432, 3 : 0.088300966",10
2.15890518510824E+018,"7 : 0.2677393, 2 : 0.10415711, 7 : 0.0925777",10
2.15667543839157E+018,"7 : 0.65165955, 7 : 0.07247028, 7 : 0.025621824",10
2.15658779195023E+018,"2 : 0.5141254, 7 : 0.1812039, 2 : 0.023728771",10
2.15605756639284E+018,"7 : 0.90652245, 7 : 0.04847679, 4 : 0.0047579804",10
2.15096805746877E+018,"7 : 0.384777, 7 : 0.27652302, 3 : 0.057158925",10
2.15089569590157E+018,"7 : 0.38958696, 7 : 0.14506343, 9 : 0.07232122",10
2.14791507901071E+018,"2 : 0.111537136, 2 : 0.06782854, 2 : 0.042457435",10
2.14724690922874E+018,"7 : 0.3275611, 2 : 0.29353458, 2 : 0.1700741",10
2.14655425960129E+018,"2 : 0.23257177, 5 : 0.06454126, 7 : 0.063488394",10
2.14583468005916E+018,"10 : 0.3491017, 2 : 0.13451755, 14 : 0.07799212",10
2.14514611445062E+018,"7 : 0.2877284, 2 : 0.24486598, 7 : 0.063406795",10
2.14505289635458E+018,"6 : 0.86435735, 2 : 0.04884886, 7 : 0.008260228",10
2.14432686526805E+018,"2 : 0.39794156, 2 : 0.37920424, 2 : 0.06976316",10
2.14310463544394E+018,"12 : 0.4271284, 12 : 0.21684058, 13 : 0.056343805",10
2.14303583249236E+018,"7 : 0.152617, 13 : 0.05250316, 7 : 0.049220633",10
2.14226795379262E+018,"2 : 0.08283174, 2 : 0.034391068, 7 : 0.032319758",10
2.14154691452555E+018,"7 : 0.47874063, 6 : 0.041253965, 3 : 0.030759435",10
2.13942598154339E+018,"2 : 0.8695054, 7 : 0.045721304, 2 : 0.0027003868",10
2.13937142840379E+018,"2 : 0.9455903, 7 : 0.036679763, 3 : 0.0026526717",10
2.13710458519878E+018,"7 : 0.8540018, 12 : 0.02090345, 9 : 0.01892914",10
2.13428483208849E+018,"2 : 0.1187632, 7 : 0.080763705, 3 : 0.056447603",10
2.13424057940469E+018,"5 : 0.85634166, 5 : 0.01344721, 5 : 0.0087234005",10
2.13287524042284E+018,"2 : 0.41105467, 7 : 0.31067058, 11 : 0.062241107",10
2.13202121596413E+018,"12 : 0.2866459, 2 : 0.11992366, 7 : 0.102446415",10
2.13202080118093E+018,"12 : 0.2973391, 2 : 0.14677462, 7 : 0.1027502",10
2.12987029068817E+018,"2 : 0.88219965, 7 : 0.0054576057, 7 : 0.0043181246",10
2.12986999238089E+018,"2 : 0.86762697, 7 : 0.0059613357, 7 : 0.004846797",10
2.12842549395588E+018,"7 : 0.41236964, 2 : 0.064149894, 7 : 0.051168438",10
2.12842509772014E+018,"7 : 0.37625235, 2 : 0.067707784, 7 : 0.044295218",10
2.12703678436274E+018,"7 : 0.6868821, 13 : 0.031894658, 2 : 0.024261862",10
2.12630623374618E+018,"4 : 0.12888601, 2 : 0.08235248, 5 : 0.03391348",10
2.12630568956024E+018,"4 : 0.107973985, 2 : 0.10020142, 13 : 0.04381805",10
2.12624286136946E+018,"2 : 0.5304933, 7 : 0.08533295, 7 : 0.041088983",10
2.12282528552841E+018,"3 : 0.124602795, 7 : 0.06027645, 12 : 0.054992534",10
2.12262219701825E+018,"7 : 0.6110075, 7 : 0.3553983, 3 : 0.0019015808",10
2.12134324216019E+018,"2 : 0.63387865, 7 : 0.032199915, 13 : 0.029284308",10
2.12118270887405E+018,"7 : 0.61263734, 7 : 0.17347051, 7 : 0.04858232",10
2.12054638334702E+018,"2 : 0.1027412, 2 : 0.090151325, 2 : 0.0559547",10
2.11541923382432E+018,"2 : 0.13041948, 7 : 0.09107539, 3 : 0.0674933",10
2.11173185077172E+018,"7 : 0.32466358, 12 : 0.18478647, 12 : 0.090467",10
2.11097505486833E+018,"7 : 0.264463, 7 : 0.15623873, 2 : 0.050740734",10
2.11038841802758E+018,"2 : 0.62722826, 7 : 0.034250744, 13 : 0.024248578",10
2.10966711684098E+018,"13 : 0.19755052, 2 : 0.0917078, 5 : 0.07270666",10
2.10888164515835E+018,"5 : 0.17452177, 5 : 0.10681225, 5 : 0.08789812",10
2.10888131347492E+018,"5 : 0.15609348, 5 : 0.12232444, 2 : 0.07613271",10
2.10885990761805E+018,"2 : 0.58389485, 12 : 0.109088466, 7 : 0.08594833",10
2.10814342633262E+018,"2 : 0.43129414, 2 : 0.18197444, 3 : 0.05488045",10
2.10808710004282E+018,"2 : 0.32372496, 7 : 0.17020917, 3 : 0.13158442",10
2.10446019188088E+018,"2 : 0.8192909, 7 : 0.08779324, 7 : 0.0057499227",10
2.10445615078013E+018,"2 : 0.84929645, 7 : 0.05968339, 6 : 0.0065975566",10
2.10305282688127E+018,"1 : 0.29540178, 2 : 0.07566425, 12 : 0.04437471",10
2.10157072762803E+018,"7 : 0.7593391, 7 : 0.072711445, 10 : 0.05325099",10
2.09950205547241E+018,"6 : 0.3340569, 2 : 0.15260015, 7 : 0.06934846",10
2.09662555923384E+018,"7 : 0.21353061, 2 : 0.15354607, 2 : 0.07692833",10
2.0958753185324E+018,"7 : 0.24041817, 13 : 0.11558813, 2 : 0.07237491",10
2.09375305619063E+018,"7 : 0.6534796, 2 : 0.053301126, 6 : 0.0419882",10
2.09367980367797E+018,"7 : 0.51985043, 7 : 0.14129417, 7 : 0.067235895",10
2.09289278248725E+018,"2 : 0.6099666, 2 : 0.05954209, 7 : 0.055958495",10
2.09289085477664E+018,"2 : 0.6452072, 7 : 0.04350253, 13 : 0.015682468",10
2.08425143895713E+018,"2 : 0.08616612, 7 : 0.08489567, 11 : 0.06871348",10
2.08420023870234E+018,"9 : 0.25907648, 8 : 0.12711878, 2 : 0.06715669",10
2.08419962817093E+018,"9 : 0.29947728, 8 : 0.10873142, 2 : 0.06783983",10
2.0827898254564E+018,"2 : 0.16877677, 9 : 0.1459505, 2 : 0.095286146",10
2.08134819575096E+018,"7 : 0.44310656, 2 : 0.19805832, 7 : 0.18297733",10
2.0813372259598E+018,"2 : 0.28077278, 2 : 0.19582741, 7 : 0.0884047",10
2.08059466585122E+018,"2 : 0.38150162, 4 : 0.06739544, 4 : 0.034348097",10
2.0805931531168E+018,"7 : 0.35413396, 2 : 0.15147638, 2 : 0.05667508",10
2.0797895160397E+018,"5 : 0.26229045, 5 : 0.12118672, 5 : 0.08460777",10
2.07915697529336E+018,"7 : 0.26046932, 7 : 0.18385974, 2 : 0.04099604",10
2.0769861240118E+018,"7 : 0.62550557, 2 : 0.23544157, 7 : 0.03612804",10
2.07698289864217E+018,"7 : 0.4915513, 3 : 0.13434958, 7 : 0.09973755",10
2.07475456607691E+018,"12 : 0.10245554, 12 : 0.09749813, 5 : 0.09563568",10
2.07415033419805E+018,"2 : 0.29145125, 4 : 0.11610844, 2 : 0.04093266",10
2.07333772667087E+018,"2 : 0.20766117, 3 : 0.20661746, 3 : 0.053028338",10
2.07050311707568E+018,"7 : 0.44108576, 7 : 0.10158676, 2 : 0.027019685",10
2.06817900224328E+018,"6 : 0.1781104, 6 : 0.12410274, 14 : 0.1089115",10
2.06745719632265E+018,"2 : 0.6402864, 7 : 0.082902685, 3 : 0.04261901",10
2.06475496453169E+018,"7 : 0.9885793, 2 : 0.0045815725, 3 : 0.0034604506",10
2.06453713347929E+018,"7 : 0.6289295, 7 : 0.22709408, 3 : 0.015740033",10
2.06190241032807E+018,"2 : 0.4814717, 12 : 0.074820794, 7 : 0.05563302",10
2.06036030690901E+018,"7 : 0.9980381, 7 : 0.0008043799, 2 : 8.4976185e-05",10
2.06031893718006E+018,"7 : 0.8560233, 3 : 0.04152375, 2 : 0.010581511",10
2.05808621324563E+018,"7 : 0.4744251, 2 : 0.09695464, 7 : 0.033390686",10
2.05735471350824E+018,"7 : 0.3162605, 2 : 0.113190934, 7 : 0.10751087",10
2.05592809409267E+018,"2 : 0.25752988, 3 : 0.06966609, 2 : 0.04673004",10
2.05586119935626E+018,"7 : 0.9549526, 7 : 0.033699933, 2 : 0.0006123574",10
2.0553139772793E+018,"7 : 0.9949332, 7 : 0.00376118, 7 : 0.00021179278",10
2.05520422549714E+018,"7 : 0.9638391, 2 : 0.010680474, 13 : 0.0035848415",10
2.05442067094054E+018,"7 : 0.9664797, 7 : 0.0054465965, 5 : 0.0015665349",10
2.05163059196049E+018,"7 : 0.9122024, 7 : 0.02796779, 2 : 0.010140822",10
2.05082996904469E+018,"2 : 0.3143448, 2 : 0.15899386, 2 : 0.10373018",10
2.050150645392E+018,"2 : 0.3660602, 3 : 0.13828444, 7 : 0.10315404",10
2.05004173346031E+018,"2 : 0.4319633, 2 : 0.2521907, 7 : 0.06045735",10
2.04732561767599E+018,"7 : 0.5091211, 7 : 0.17092742, 7 : 0.07538989",10
2.04717756103489E+018,"7 : 0.45358166, 3 : 0.14056793, 2 : 0.052250385",10
2.04711882234061E+018,"7 : 0.056165636, 2 : 0.05596417, 2 : 0.05115749",10
2.04575025521294E+018,"7 : 0.14364624, 7 : 0.1348475, 12 : 0.09795112",10
2.04503544241337E+018,"7 : 0.5071482, 2 : 0.21094751, 7 : 0.031603977",10
2.04442015158925E+018,"6 : 0.40195304, 12 : 0.07110319, 12 : 0.06086168",10
2.04355897189121E+018,"7 : 0.8156485, 3 : 0.044955958, 2 : 0.0133559825",10
2.04223109289244E+018,"7 : 0.22132736, 2 : 0.101306945, 7 : 0.062347125",10
2.04221035644658E+018,"7 : 0.42817536, 7 : 0.16763079, 7 : 0.01730342",10
2.04220734688239E+018,"7 : 0.41652134, 7 : 0.19195333, 7 : 0.015139196",10
2.04155562272308E+018,"2 : 0.44827184, 7 : 0.3507423, 12 : 0.033545155",10
2.04146421993869E+018,"7 : 0.96659845, 3 : 0.0050313426, 2 : 0.004638409",10
2.04071778751443E+018,"7 : 0.9897564, 7 : 0.0034394362, 2 : 0.00044114824",10
2.03569331314458E+018,"13 : 0.8362508, 2 : 0.006359846, 4 : 0.0044478257",10
2.03489280329022E+018,"7 : 0.9668957, 7 : 0.021464614, 2 : 0.00425583",10
2.03485292993795E+018,"2 : 0.24040101, 2 : 0.15127218, 7 : 0.09489777",10
2.03485257172762E+018,"2 : 0.24039237, 2 : 0.15948461, 13 : 0.101493806",10
2.0327393092465E+018,"13 : 0.4421845, 2 : 0.094519235, 13 : 0.073843434",10
2.03273859598852E+018,"7 : 0.77025694, 2 : 0.023325708, 2 : 0.022356885",10
2.03208583664996E+018,"7 : 0.78168297, 12 : 0.15753256, 12 : 0.016987687",10
2.03193756036976E+018,"6 : 0.73820984, 7 : 0.082021356, 6 : 0.048135467",10
2.03134906082207E+018,"7 : 0.38858163, 8 : 0.12293583, 2 : 0.052048773",10
2.03067173664442E+018,"1 : 0.5250878, 7 : 0.021107262, 1 : 0.017804006",10
2.03060242036028E+018,"13 : 0.12416266, 13 : 0.112382665, 7 : 0.03620804",10
2.02988539583712E+018,"7 : 0.94023895, 2 : 0.012851677, 7 : 0.011619389",10
2.02684263108793E+018,"2 : 0.6675826, 7 : 0.1413271, 11 : 0.01326644",10
2.02540209304219E+018,"7 : 0.23880641, 7 : 0.06769818, 13 : 0.04508947",10
2.0247660199787E+018,"7 : 0.8690305, 7 : 0.032606516, 7 : 0.028162492",10
2.02415480619438E+018,"7 : 0.983648, 7 : 0.011408535, 2 : 0.0009762058",10
2.02406506101563E+018,"2 : 0.76522624, 4 : 0.044272758, 2 : 0.030093273",10
2.02331791160862E+018,"7 : 0.4752285, 12 : 0.19764747, 2 : 0.047194906",10
2.02190644167513E+018,"7 : 0.8955267, 7 : 0.01828156, 13 : 0.006429662",10
2.02177497067104E+018,"7 : 0.51041514, 7 : 0.12316705, 2 : 0.0824432",10
2.02121061102859E+018,"2 : 0.9887283, 7 : 0.0012539916, 7 : 0.0006860245",10
2.02049585182394E+018,"5 : 0.17454137, 9 : 0.080921784, 9 : 0.062129382",10
2.0203980369973E+018,"7 : 0.92692435, 2 : 0.05449255, 7 : 0.0070245615",10
2.01959527873595E+018,"7 : 0.86171156, 7 : 0.10920676, 2 : 0.01811235",10
2.01824592767793E+018,"2 : 0.79145277, 7 : 0.09781104, 7 : 0.04821194",10
2.01812433197804E+018,"3 : 0.4334139, 7 : 0.05174143, 7 : 0.041071016",10
2.01751977016678E+018,"7 : 0.8719351, 7 : 0.035545092, 3 : 0.021311693",10
2.01679533723589E+018,"7 : 0.9473947, 2 : 0.012784829, 7 : 0.0036157619",10
2.01675062760803E+018,"7 : 0.57067955, 7 : 0.12074219, 2 : 0.068197094",10
2.0160500459056E+018,"7 : 0.69962037, 7 : 0.2151076, 2 : 0.0201736",10
2.01527601144609E+018,"7 : 0.77008355, 7 : 0.0936843, 12 : 0.09108494",10
2.01389221397006E+018,"7 : 0.9221768, 2 : 0.011928466, 2 : 0.009342897",10
2.01323703890541E+018,"7 : 0.41333625, 2 : 0.069596805, 2 : 0.06081107",10
2.01321628316559E+018,"7 : 0.39693993, 3 : 0.11732191, 7 : 0.09519288",10
2.01270794531521E+018,"7 : 0.37664235, 7 : 0.20946716, 2 : 0.17977445",10
2.01254597155398E+018,"12 : 0.18969896, 2 : 0.084522136, 2 : 0.079637885",10
2.01173856887283E+018,"7 : 0.10644259, 9 : 0.088954225, 12 : 0.06733422",10
2.01168157317191E+018,"7 : 0.8677239, 7 : 0.020512724, 2 : 0.013741607",10
2.01167933428605E+018,"12 : 0.4653174, 12 : 0.084411226, 3 : 0.028166419",10
2.0103706028476E+018,"3 : 0.4619957, 7 : 0.22287537, 2 : 0.07644865",10
2.01029308243751E+018,"2 : 0.042120676, 7 : 0.036674038, 8 : 0.030182319",10
2.01024844967426E+018,"2 : 0.1894552, 7 : 0.14877352, 7 : 0.08310006",10
2.01021531043656E+018,"7 : 0.6160543, 6 : 0.07044642, 6 : 0.027670542",10
2.00955381210623E+018,"7 : 0.24160053, 2 : 0.17054139, 2 : 0.045500915",10
2.00893582037687E+018,"2 : 0.14135966, 7 : 0.13041528, 7 : 0.1179193",10
2.00882293752967E+018,"3 : 0.1712408, 7 : 0.09437391, 7 : 0.050809484",10
2.0074848516926E+018,"2 : 0.17327936, 7 : 0.13469455, 2 : 0.06092585",10
2.00736112542893E+018,"2 : 0.22922947, 7 : 0.18377933, 7 : 0.18342625",10
2.00666919647503E+018,"2 : 0.5006663, 12 : 0.14935471, 3 : 0.033521272",10
2.00602184543976E+018,"7 : 0.9766663, 12 : 0.009206879, 7 : 0.0008788927",10
2.00527674549571E+018,"2 : 0.22667414, 4 : 0.16057783, 7 : 0.059589002",10
2.00527556767626E+018,"7 : 0.29849854, 2 : 0.15347463, 2 : 0.060474034",10
2.00520950279143E+018,"7 : 0.70008975, 3 : 0.07980981, 2 : 0.023185886",10
2.0045338610667E+018,"7 : 0.3155861, 7 : 0.30371132, 7 : 0.08323817",10
2.00450466449122E+018,"2 : 0.17654383, 7 : 0.1154135, 2 : 0.063549966",10
2.00444052376011E+018,"5 : 0.28018463, 6 : 0.119192876, 5 : 0.09285508",10
2.00378900306666E+018,"7 : 0.77172947, 2 : 0.035020515, 2 : 0.022872414",10
2.00377852050273E+018,"7 : 0.36435845, 2 : 0.19075102, 3 : 0.08363175",10
2.00315944351386E+018,"7 : 0.33183154, 2 : 0.20186499, 7 : 0.040620863",10
2.00315908364263E+018,"7 : 0.33724323, 2 : 0.1715542, 7 : 0.042466506",10
2.00306482483082E+018,"7 : 0.7509352, 7 : 0.08657194, 2 : 0.04517389",10
2.00296215676646E+018,"3 : 0.21822914, 7 : 0.049813855, 3 : 0.034950875",10
2.00153741936026E+018,"6 : 0.38348687, 7 : 0.14884871, 6 : 0.11408579",10
2.00093383321962E+018,"5 : 0.10575249, 6 : 0.08502112, 2 : 0.07148127",10
1.99942425991631E+018,"7 : 0.9406636, 2 : 0.0143497195, 7 : 0.008761613",10
1.99810381220986E+018,"2 : 0.3039551, 12 : 0.18223825, 7 : 0.043785628",10
1.99649871489955E+018,"7 : 0.4620968, 2 : 0.18209736, 2 : 0.14232334",10
1.99649777521625E+018,"2 : 0.46693975, 2 : 0.06147936, 3 : 0.04437376",10
1.99500118316645E+018,"7 : 0.27029526, 7 : 0.17567, 7 : 0.17103237",10
1.99445432968502E+018,"7 : 0.5362066, 12 : 0.39475042, 7 : 0.04694871",10
1.99423597707088E+018,"7 : 0.5587096, 2 : 0.06647362, 3 : 0.057226945",10
1.99362255572175E+018,"7 : 0.94498426, 13 : 0.008841743, 2 : 0.005238297",10
1.99355807076607E+018,"7 : 0.9595487, 13 : 0.005412092, 2 : 0.0052797883",10
1.99219486244042E+018,"9 : 0.40129185, 2 : 0.15902497, 7 : 0.083911635",10
1.99216390685777E+018,"7 : 0.3166486, 7 : 0.2599612, 2 : 0.03359864",10
1.9907183011114E+018,"7 : 0.18257274, 8 : 0.09070248, 2 : 0.07998781",10
1.98920664835629E+018,"2 : 0.16845183, 12 : 0.15691969, 2 : 0.1091989",10
1.98848251974738E+018,"7 : 0.827841, 7 : 0.035799805, 12 : 0.028247619",10
1.98705891728634E+018,"7 : 0.52131623, 7 : 0.41012344, 2 : 0.0074501853",10
1.98705818550604E+018,"7 : 0.5695174, 14 : 0.03347421, 7 : 0.029041851",10
1.98650093332157E+018,"7 : 0.5216768, 7 : 0.26630697, 12 : 0.0916433",10
1.98639142448173E+018,"1 : 0.24906643, 12 : 0.053613298, 12 : 0.042523757",10
1.98482936817984E+018,"7 : 0.08018031, 3 : 0.07042379, 7 : 0.059672207",10
1.98481088792544E+018,"7 : 0.70383805, 2 : 0.17266776, 7 : 0.023404617",10
1.98480907613705E+018,"7 : 0.49436903, 7 : 0.41459838, 2 : 0.007876087",10
1.98346405641903E+018,"7 : 0.99070674, 7 : 0.0027497397, 12 : 0.00040675275",10
1.98213086655951E+018,"7 : 0.42776915, 2 : 0.14094025, 7 : 0.13419646",10
1.98213043105657E+018,"7 : 0.5079801, 2 : 0.12104437, 7 : 0.09039524",10
1.98054204792202E+018,"2 : 0.20601708, 7 : 0.10451027, 7 : 0.08460776",10
1.97902613341825E+018,"7 : 0.73657525, 13 : 0.035320222, 12 : 0.0344105",10
1.97853558637954E+018,"12 : 0.19399591, 9 : 0.07101664, 7 : 0.06418141",10
1.97846445632713E+018,"3 : 0.0980049, 2 : 0.07764802, 3 : 0.060332015",10
1.9769613891615E+018,"7 : 0.2597603, 3 : 0.07095136, 2 : 0.055751942",10
1.97695994017203E+018,"2 : 0.55721265, 7 : 0.09792027, 7 : 0.014938378",10
1.97623082097889E+018,"7 : 0.7444805, 2 : 0.031472567, 7 : 0.029377693",10
1.97615934030802E+018,"7 : 0.6122238, 7 : 0.022250392, 3 : 0.020822665",10
1.97543104117666E+018,"2 : 0.92282254, 7 : 0.02609094, 7 : 0.0019237015",10
1.97543050053957E+018,"2 : 0.9191457, 7 : 0.023685092, 7 : 0.0021243854",10
1.97407518312561E+018,"7 : 0.97904986, 2 : 0.003472089, 13 : 0.0031131427",10
1.97400320508563E+018,"7 : 0.35779288, 7 : 0.29937968, 7 : 0.07607363",10
1.97271216120324E+018,"6 : 0.5242486, 6 : 0.2763795, 6 : 0.022282667",10
1.97259583078108E+018,"7 : 0.24461403, 7 : 0.21501364, 7 : 0.15394501",10
1.97178299357369E+018,"7 : 0.42114538, 2 : 0.29553682, 12 : 0.0095911715",10
1.97107016989763E+018,"2 : 0.2311531, 2 : 0.0619271, 2 : 0.03582661",10
1.97106816591799E+018,"2 : 0.26853967, 2 : 0.23239627, 2 : 0.16477667",10
1.96894910679121E+018,"13 : 0.15641274, 13 : 0.13465604, 7 : 0.12613776",10
1.9689019641985E+018,"3 : 0.26730826, 7 : 0.18034242, 3 : 0.151309",10
1.96840736962267E+018,"7 : 0.37237978, 7 : 0.10124852, 2 : 0.06719807",10
1.96839735114151E+018,"7 : 0.37237978, 7 : 0.10124852, 2 : 0.06719807",10
1.96837936544609E+018,"2 : 0.9122381, 7 : 0.0036560178, 2 : 0.0020969284",10
1.96676921485528E+018,"2 : 0.17646657, 2 : 0.084463365, 2 : 0.07677338",10
1.96676815765559E+018,"2 : 0.39899617, 2 : 0.16709195, 2 : 0.11109143",10
1.96676787083243E+018,"2 : 0.37804115, 2 : 0.17630261, 2 : 0.112265214",10
1.96455372243013E+018,"12 : 0.056463867, 13 : 0.05618302, 8 : 0.03464562",10
1.96381755481828E+018,"7 : 0.6369642, 2 : 0.10654749, 7 : 0.017769756",10
1.9638169463001E+018,"7 : 0.20089422, 2 : 0.12658066, 3 : 0.10953284",10
1.96250686944652E+018,"6 : 0.4125028, 6 : 0.2205197, 6 : 0.09018185",10
1.96250308842386E+018,"6 : 0.4125028, 6 : 0.2205197, 6 : 0.09018185",10
1.9623720805381E+018,"2 : 0.3771106, 2 : 0.36696562, 6 : 0.027947376",10
1.96111585106487E+018,"2 : 0.18923396, 3 : 0.1190976, 2 : 0.08294003",10
1.96094796435849E+018,"7 : 0.68584067, 7 : 0.08710506, 2 : 0.04611099",10
1.96094594117737E+018,"12 : 0.20514007, 3 : 0.11221977, 2 : 0.08847653",10
1.95878417257716E+018,"7 : 0.30394074, 7 : 0.1054718, 7 : 0.099599",10
1.95878144218581E+018,"7 : 0.6720589, 7 : 0.21980625, 3 : 0.035489194",10
1.95517670519257E+018,"7 : 0.8073586, 2 : 0.05382088, 2 : 0.018439434",10
1.95444173312492E+018,"7 : 0.5931467, 7 : 0.18412612, 13 : 0.03217151",10
1.95439706896333E+018,"11 : 0.64611256, 7 : 0.10215929, 2 : 0.07797969",10
1.95298697884674E+018,"2 : 0.58500445, 2 : 0.052473925, 13 : 0.0308323",10
1.95229795815623E+018,"7 : 0.22522981, 2 : 0.0730093, 9 : 0.06571912",10
1.95075444019956E+018,"12 : 0.4013235, 6 : 0.047704473, 7 : 0.023777109",10
1.94885811925993E+018,"7 : 0.44359994, 2 : 0.067941085, 7 : 0.0324841",10
1.94872344986388E+018,"7 : 0.4562318, 2 : 0.06795507, 7 : 0.03422848",10
1.94872108338744E+018,"2 : 0.19882415, 7 : 0.17334633, 3 : 0.108184524",10
1.94660305421415E+018,"2 : 0.1313849, 13 : 0.040601254, 8 : 0.026053375",10
1.94588504676399E+018,"13 : 0.77458096, 7 : 0.07914941, 12 : 0.028329398",10
1.94145111160701E+018,"10 : 0.3525274, 7 : 0.22928044, 2 : 0.064481534",10
1.94080718285531E+018,"7 : 0.6850473, 7 : 0.15089233, 2 : 0.059803393",10
1.93948424855558E+018,"7 : 0.8746838, 7 : 0.074817985, 8 : 0.008583677",10
1.93948306336257E+018,"2 : 0.4540604, 7 : 0.17270865, 2 : 0.14758176",10
1.93869734395824E+018,"7 : 0.95168245, 13 : 0.014083483, 2 : 0.005534337",10
1.93869354260173E+018,"12 : 0.7015699, 3 : 0.04363612, 2 : 0.032154154",10
1.93633283191322E+018,"7 : 0.45204186, 7 : 0.23693648, 7 : 0.12127758",10
1.93633193974283E+018,"7 : 0.7822684, 13 : 0.050169993, 2 : 0.0041200714",10
1.93484650266257E+018,"3 : 0.27031943, 2 : 0.17339407, 3 : 0.16026331",10
1.93483546401806E+018,"3 : 0.110980175, 2 : 0.085223705, 2 : 0.04733199",10
1.9341859547028E+018,"7 : 0.16702878, 7 : 0.12642947, 7 : 0.086908706",10
1.93356950937161E+018,"12 : 0.24891503, 1 : 0.1208891, 7 : 0.086444706",10
1.9329274872666E+018,"2 : 0.98046136, 7 : 0.012202597, 12 : 0.001446244",10
1.93278825175015E+018,"2 : 0.97895414, 7 : 0.011493117, 12 : 0.0017045564",10
1.93196843104361E+018,"12 : 0.3737048, 7 : 0.3440772, 7 : 0.07825319",10
1.93196646940106E+018,"7 : 0.11024472, 13 : 0.05251357, 7 : 0.043532",10
1.93057267675604E+018,"7 : 0.82882965, 7 : 0.05844347, 2 : 0.018369738",10
1.93043094671069E+018,"7 : 0.74166375, 12 : 0.08094022, 7 : 0.06119741",10
1.92972652996338E+018,"7 : 0.4017259, 7 : 0.16667606, 2 : 0.038585015",10
1.92972593009405E+018,"7 : 0.4017259, 7 : 0.16667606, 2 : 0.038585015",10
1.92925431296421E+018,"7 : 0.44853967, 7 : 0.06478802, 13 : 0.025689194",10
1.92839306961329E+018,"7 : 0.03312766, 2 : 0.024767902, 7 : 0.020053117",10
1.92761167893167E+018,"7 : 0.8544757, 7 : 0.042876642, 7 : 0.040815927",10
1.92617850068143E+018,"7 : 0.555823, 7 : 0.08490223, 2 : 0.03386183",10
1.92545995877656E+018,"3 : 0.3077681, 2 : 0.19097659, 2 : 0.16966416",10
1.92470720671065E+018,"7 : 0.34393248, 2 : 0.20757277, 9 : 0.027884232",10
1.92470639438293E+018,"2 : 0.9883946, 10 : 0.00089326623, 2 : 0.00082699035",10
1.92400535188605E+018,"7 : 0.2242792, 7 : 0.18156406, 2 : 0.021570724",10
1.92339892006106E+018,"10 : 0.111847006, 7 : 0.049579132, 7 : 0.046407577",10
1.92185860600781E+018,"2 : 0.590313, 2 : 0.042882524, 7 : 0.024496477",10
1.9212036582238E+018,"7 : 0.57532984, 13 : 0.11091036, 2 : 0.016176553",10
1.92105425972422E+018,"12 : 0.24984893, 4 : 0.24242103, 2 : 0.15489198",10
1.92101150978403E+018,"12 : 0.5930399, 7 : 0.27103457, 7 : 0.016432423",10
1.92038624779079E+018,"7 : 0.80609477, 7 : 0.10152622, 2 : 0.014971171",10
1.91959076745234E+018,"7 : 0.70126975, 7 : 0.24803877, 3 : 0.0052088453",10
1.91890095189104E+018,"7 : 0.1626697, 12 : 0.05438328, 12 : 0.04908561",10
1.91543621196536E+018,"12 : 0.20934214, 2 : 0.035193108, 14 : 0.03011066",10
1.91543538525126E+018,"12 : 0.20934214, 2 : 0.035193108, 14 : 0.03011066",10
1.9152669765973E+018,"2 : 0.6912989, 2 : 0.05782817, 7 : 0.028598452",10
1.91465154572542E+018,"7 : 0.92556065, 2 : 0.022556413, 12 : 0.0052312757",10
1.91245433447624E+018,"7 : 0.3868753, 7 : 0.12031842, 2 : 0.04118105",10
1.91245394464924E+018,"7 : 0.4158696, 7 : 0.09891659, 7 : 0.0406515",10
1.91041863155493E+018,"7 : 0.29777363, 7 : 0.15481196, 7 : 0.05165071",10
1.91041736989141E+018,"7 : 0.919166, 7 : 0.034626193, 10 : 0.0036201146",10
1.90876294846396E+018,"7 : 0.52766407, 7 : 0.10154611, 7 : 0.09007978",10
1.90817086151115E+018,"2 : 0.46965683, 12 : 0.3880162, 2 : 0.03245667",10
1.90661855307359E+018,"7 : 0.6628526, 2 : 0.1439075, 2 : 0.020476848",10
1.90455038978762E+018,"7 : 0.18732415, 2 : 0.105776794, 7 : 0.07759044",10
1.9045500210075E+018,"7 : 0.5480021, 2 : 0.028115321, 7 : 0.027544886",10
1.90236867364787E+018,"7 : 0.97940105, 7 : 0.0033602677, 7 : 0.002376574",10
1.90165460812227E+018,"7 : 0.65407616, 12 : 0.05016992, 13 : 0.04982996",10
1.90081100742321E+018,"2 : 0.20555638, 12 : 0.12496932, 2 : 0.08007447",10
1.89949795295764E+018,"3 : 0.104934275, 12 : 0.06650478, 2 : 0.050896753",10
1.89944418455568E+018,"7 : 0.62395036, 7 : 0.1440458, 2 : 0.07364854",10
1.89787928531232E+018,"7 : 0.27111116, 7 : 0.15146911, 3 : 0.071957745",10
1.89787826993845E+018,"7 : 0.2676681, 7 : 0.12587127, 2 : 0.05838569",10
1.89730705211422E+018,"8 : 0.08739804, 8 : 0.076763466, 1 : 0.07553805",10
1.89662346267832E+018,"2 : 0.86120707, 2 : 0.0061199553, 7 : 0.005678754",10
1.89662238821528E+018,"2 : 0.82067144, 2 : 0.016609747, 7 : 0.009819158",10
1.89649842567794E+018,"2 : 0.6609796, 7 : 0.2614802, 7 : 0.009493656",10
1.89574822702872E+018,"7 : 0.3427149, 13 : 0.14886735, 2 : 0.020850163",10
1.89570303783227E+018,"7 : 0.23179528, 2 : 0.17551935, 3 : 0.05848333",10
1.89495140417724E+018,"7 : 0.40048376, 7 : 0.3776122, 7 : 0.052087896",10
1.89443048685419E+018,"2 : 0.32049558, 2 : 0.23859823, 14 : 0.011607641",10
1.89437202248443E+018,"13 : 0.6797165, 13 : 0.020973353, 13 : 0.01612281",10
1.89140950542449E+018,"13 : 0.90703267, 13 : 0.0049459147, 6 : 0.002921838",10
1.88992258377023E+018,"2 : 0.35769534, 7 : 0.23420611, 7 : 0.21972252",10
1.88704572010231E+018,"2 : 0.8435821, 2 : 0.09866514, 7 : 0.0038388725",10
1.88698844551391E+018,"7 : 0.68256325, 7 : 0.25853053, 7 : 0.006380545",10
1.88550558096802E+018,"2 : 0.92828244, 2 : 0.04331246, 7 : 0.0018009474",10
1.88332684295209E+018,"9 : 0.2121735, 2 : 0.0412871, 2 : 0.03947125",10
1.88206163875906E+018,"14 : 0.12306184, 2 : 0.05089559, 4 : 0.043493178",10
1.88069789605382E+018,"2 : 0.38032734, 7 : 0.26201135, 2 : 0.021713106",10
1.88069695752811E+018,"7 : 0.113271765, 7 : 0.061718848, 2 : 0.060087573",10
1.88069506893359E+018,"7 : 0.99606043, 7 : 0.0014806011, 2 : 0.00018754056",10
1.88069312130867E+018,"10 : 0.39118165, 7 : 0.201505, 2 : 0.05819916",10
1.88069071133691E+018,"7 : 0.7966969, 2 : 0.08652818, 2 : 0.012817463",10
1.88068534021198E+018,"7 : 0.1749734, 7 : 0.11671848, 7 : 0.100711316",10
1.88046219823118E+018,"7 : 0.20683649, 7 : 0.080353744, 2 : 0.07153561",10
1.87827313394589E+018,"2 : 0.36629343, 14 : 0.33216366, 3 : 0.036596257",10
1.87689746205309E+018,"7 : 0.9056874, 7 : 0.063869536, 7 : 0.0058025904",10
1.87689618801647E+018,"2 : 0.766362, 6 : 0.011475139, 6 : 0.007105489",10
1.87689488881396E+018,"7 : 0.22720055, 7 : 0.1297109, 3 : 0.063016415",10
1.87689154823543E+018,"7 : 0.6624683, 7 : 0.18539691, 2 : 0.007580485",10
1.8768906914315E+018,"7 : 0.36751616, 2 : 0.14134136, 5 : 0.025958367",10
1.87688924989121E+018,"7 : 0.9862692, 2 : 0.001643502, 7 : 0.0008438256",10
1.87688773100783E+018,"7 : 0.69744575, 4 : 0.082867734, 7 : 0.042218536",10
1.87688660734523E+018,"2 : 0.7090068, 2 : 0.015301459, 4 : 0.006969098",10
1.87688585160716E+018,"2 : 0.107047066, 13 : 0.06431644, 7 : 0.031062642",10
1.87688330876849E+018,"2 : 0.53119355, 2 : 0.4184184, 7 : 0.008413327",10
1.87688281590438E+018,"7 : 0.9352412, 7 : 0.0067286873, 10 : 0.006584038",10
1.87687615617996E+018,"7 : 0.3607343, 13 : 0.29480895, 7 : 0.042608704",10
1.87687369388017E+018,"2 : 0.40437955, 7 : 0.28889534, 4 : 0.039600693",10
1.87687307111836E+018,"13 : 0.3411539, 2 : 0.22532429, 12 : 0.041188117",10
1.87687141040054E+018,"7 : 0.698044, 7 : 0.13729443, 7 : 0.042620976",10
1.87686923967196E+018,"7 : 0.30822036, 7 : 0.035611585, 13 : 0.018370545",10
1.87686841394769E+018,"13 : 0.066915676, 2 : 0.06250077, 7 : 0.05521607",10
1.87686767378721E+018,"7 : 0.10398813, 7 : 0.053543616, 10 : 0.03304596",10
1.87686665151803E+018,"2 : 0.15002306, 4 : 0.06781598, 11 : 0.055158038",10
1.87686588637618E+018,"7 : 0.32008025, 2 : 0.19088474, 2 : 0.15569384",10
1.87686528769814E+018,"7 : 0.54031014, 13 : 0.14228286, 7 : 0.020465443",10
1.87686428664354E+018,"7 : 0.38311598, 5 : 0.15416165, 6 : 0.043793876",10
1.8768637591007E+018,"7 : 0.30497918, 7 : 0.0639626, 2 : 0.03286787",10
1.87686302700174E+018,"13 : 0.34594247, 3 : 0.12575875, 7 : 0.086014256",10
1.87686239573402E+018,"2 : 0.22029328, 2 : 0.11295846, 2 : 0.07455699",10
1.87686181150933E+018,"2 : 0.43560168, 2 : 0.12304609, 7 : 0.08514794",10
1.87686093249235E+018,"2 : 0.51957536, 12 : 0.02489799, 7 : 0.023595368",10
1.87264340578216E+018,"7 : 0.27395576, 12 : 0.17730305, 7 : 0.04966075",10
1.86972756591495E+018,"7 : 0.65047723, 6 : 0.02513701, 6 : 0.014327377",10
1.86894306301801E+018,"7 : 0.49278992, 2 : 0.116147734, 4 : 0.065114275",10
1.86894235413034E+018,"2 : 0.13744412, 13 : 0.043463804, 7 : 0.040605128",10
1.86593969227096E+018,"4 : 0.13829543, 12 : 0.13344075, 2 : 0.09689014",10
1.86537600731613E+018,"13 : 0.3672312, 7 : 0.29761928, 7 : 0.050918844",10
1.81696406673046E+018,"7 : 0.13414568, 2 : 0.10372165, 7 : 0.05957804",10
1.76466800966558E+018,"7 : 0.21702068, 2 : 0.13269094, 7 : 0.076249786",10
1.67913416536917E+018,"7 : 0.39593077, 12 : 0.16712286, 12 : 0.08861774",10
1.62323013653787E+018,"7 : 0.95732397, 12 : 0.009480522, 2 : 0.0053398497",10
1.62098421140866E+018,"7 : 0.9935567, 7 : 0.0015383649, 12 : 0.0014732325",10
1.61623865017654E+018,"7 : 0.9869609, 7 : 0.003234469, 12 : 0.0016552287",10
1.60071852239939E+018,"2 : 0.58822227, 7 : 0.1481681, 7 : 0.074653916",10
1.53505277052338E+018,"2 : 0.73765355, 7 : 0.12697485, 3 : 0.030875199",10
1.50937649622901E+018,"12 : 0.5593815, 12 : 0.27718288, 2 : 0.054656807",10
1.48182328116941E+018,"2 : 0.17966886, 2 : 0.12416065, 2 : 0.07759226",10
1.47113583830619E+018,"2 : 0.8897952, 7 : 0.08049633, 6 : 0.0007008833",10
1.47113561506859E+018,"2 : 0.7581434, 7 : 0.103071064, 2 : 0.012002951",10
1.45817269087879E+018,"2 : 0.54891187, 2 : 0.065828, 3 : 0.043752737",10
1.44730436998086E+018,"7 : 0.042912997, 4 : 0.04146322, 3 : 0.035855133",10
1.81120368364474E+018,"8 : 0.5409957, 3 : 0.16712709, 3 : 0.029372502",10
1.57324539295481E+018,"2 : 0.03785276, 9 : 0.0331093, 7 : 0.023774015",10
1.57276167575148E+018,"2 : 0.7468492, 1 : 0.0809917, 11 : 0.023781503",10
1.57268309432529E+018,"3 : 0.92030394, 3 : 0.009076588, 2 : 0.0038297575",10
1.5716164360266E+018,"4 : 0.74883795, 1 : 0.094914556, 9 : 0.03436342",10
1.57127239404758E+018,"1 : 0.7754802, 4 : 0.050415717, 9 : 0.031596724",10
1.57123103618862E+018,"1 : 0.09759324, 9 : 0.04390488, 13 : 0.04239657",10
1.57084748590325E+018,"1 : 0.28516755, 1 : 0.21880293, 4 : 0.052563053",10
1.57036083896259E+018,"3 : 0.5323371, 3 : 0.10776379, 3 : 0.02104613",10
1.56977646803524E+018,"1 : 0.81553704, 11 : 0.045990303, 1 : 0.014058557",10
1.56900931239383E+018,"8 : 0.34445313, 8 : 0.32117677, 9 : 0.11419352",10
1.56840036144491E+018,"3 : 0.21933247, 13 : 0.12632935, 7 : 0.05463151",10
1.56704831609229E+018,"11 : 0.23764925, 11 : 0.119210534, 1 : 0.0740266",10
1.56668383738228E+018,"4 : 0.79640317, 9 : 0.12968679, 1 : 0.028345369",10
1.56602224754921E+018,"8 : 0.13935287, 9 : 0.11306685, 9 : 0.028388511",10
1.5654766365144E+018,"9 : 0.6535579, 11 : 0.16250247, 11 : 0.03801059",10
1.56517726050721E+018,"8 : 0.27476814, 9 : 0.12643898, 8 : 0.08126694",10
1.56481160785357E+018,"9 : 0.54578376, 8 : 0.09499752, 9 : 0.030143686",10
1.56468161089579E+018,"3 : 0.4108738, 3 : 0.07343403, 3 : 0.04221994",10
1.5640719699753E+018,"14 : 0.76418215, 7 : 0.07247247, 7 : 0.019427469",10
1.56386266333371E+018,"14 : 0.46589732, 2 : 0.039568447, 2 : 0.03760076",10
1.56254094783305E+018,"11 : 0.35430366, 1 : 0.23344125, 4 : 0.09871308",10
1.56180844521129E+018,"1 : 0.8530803, 11 : 0.061520617, 1 : 0.018685034",10
1.5603590353323E+018,"14 : 0.14611724, 2 : 0.107811935, 7 : 0.0318528",10
1.5603185403595E+018,"1 : 0.7088613, 8 : 0.06079659, 11 : 0.014309678",10
1.56007106977089E+018,"1 : 0.57159686, 1 : 0.1569369, 1 : 0.07549487",10
1.55896732872434E+018,"1 : 0.581289, 11 : 0.037078135, 1 : 0.0343392",10
1.55894317374364E+018,"1 : 0.5239411, 11 : 0.20523992, 8 : 0.012073001",10
1.55865423815724E+018,"8 : 0.43889108, 2 : 0.03177428, 7 : 0.029951144",10
1.5586468571732E+018,"1 : 0.2082447, 1 : 0.115002654, 10 : 0.105554916",10
1.55782429478362E+018,"1 : 0.59006214, 1 : 0.05438134, 1 : 0.04835589",10
1.55670181966805E+018,"11 : 0.19241042, 1 : 0.17376211, 9 : 0.02481192",10
1.55540864883709E+018,"3 : 0.9587955, 3 : 0.009129079, 3 : 0.006939519",10
1.55512584185855E+018,"13 : 0.100906566, 13 : 0.08621831, 13 : 0.08435949",10
1.55500419591209E+018,"7 : 0.12476006, 9 : 0.11425193, 2 : 0.07798493",10
1.55440886475614E+018,"8 : 0.7362743, 12 : 0.06488359, 11 : 0.049881797",10
1.55434024301692E+018,"7 : 0.15173323, 7 : 0.08816656",10
1.55234978850658E+018,"13 : 0.15274623, 11 : 0.060086288, 12 : 0.037003122",10
1.55096683377402E+018,"9 : 0.59851545, 8 : 0.106091015, 8 : 0.026248327",10
1.55009029561743E+018,"1 : 0.6094042, 1 : 0.011899742, 1 : 0.008995594",10
1.55008019430717E+018,"8 : 0.34891292, 2 : 0.02037949, 8 : 0.020345846",10
1.54995772313795E+018,"8 : 0.24525397, 8 : 0.050926257, 7 : 0.04603064",10
1.5494862525486E+018,"1 : 0.7218982, 11 : 0.045972582, 1 : 0.04463328",10
1.54947608038916E+018,"1 : 0.5726029, 1 : 0.27397075, 11 : 0.023268275",10
1.54929572859612E+018,"7 : 0.10853245, 7 : 0.08880901, 2 : 0.056514658",10
1.54888591651669E+018,"3 : 0.3346225, 3 : 0.11256343, 3 : 0.08923938",10
1.54847239912963E+018,"9 : 0.39628685, 1 : 0.1854009, 1 : 0.13952264",10
1.54809078764323E+018,"1 : 0.17302306, 1 : 0.14178388, 11 : 0.123391606",10
1.54783268488081E+018,"1 : 0.9301467, 1 : 0.038774986, 11 : 0.0010813288",10
1.54653157337748E+018,"13 : 0.55974776, 3 : 0.10992259, 3 : 0.08105968",10
1.54609584563915E+018,"11 : 0.53379637, 11 : 0.30383405, 11 : 0.037073825",10
1.54448339900329E+018,"11 : 0.32866508, 1 : 0.16747092, 1 : 0.10070415",10
1.54439437974839E+018,"11 : 0.394209, 1 : 0.20653647, 11 : 0.04148704",10
1.54423063594047E+018,"7 : 0.906735, 7 : 0.011066764",10
1.54211416211571E+018,"12 : 0.524073, 12 : 0.1736999, 2 : 0.07220399",10
1.54018450262499E+018,"7 : 0.06952851, 7 : 0.06523572, 4 : 0.06171751",10
1.53988759937966E+018,"7 : 0.5002204, 3 : 0.15131763, 3 : 0.039420497",10
1.53974591631011E+018,"1 : 0.85356957, 1 : 0.009522424, 1 : 0.0059679043",10
1.53938011751169E+018,"7 : 0.6725193, 7 : 0.29434937, 10 : 0.009107016",10
1.53799083027778E+018,"11 : 0.37452012, 11 : 0.11872749, 4 : 0.055183932",10
1.53632727966345E+018,"9 : 0.19881698, 3 : 0.0691269, 13 : 0.036910824",10
1.53602119832431E+018,"8 : 0.57797706, 8 : 0.121063836, 8 : 0.025947848",10
1.53563465202149E+018,"2 : 0.7667274, 9 : 0.16728565, 1 : 0.016667454",10
1.53498455217522E+018,"9 : 0.58253294, 4 : 0.29309675, 1 : 0.023375891",10
1.53497348365713E+018,"13 : 0.25870973, 7 : 0.21435234, 12 : 0.083535224",10
1.53448499976271E+018,"3 : 0.47327065, 3 : 0.4141216, 3 : 0.016686156",10
1.534259075139E+018,"9 : 0.90426475, 9 : 0.0050350963, 7 : 0.0046622264",10
1.53361452170411E+018,"1 : 0.6114229, 1 : 0.06883436, 4 : 0.05900936",10
1.53284868843503E+018,"6 : 0.50502586, 6 : 0.26796663, 6 : 0.072001226",10
1.53203072124051E+018,"1 : 0.5352233, 1 : 0.08398643, 12 : 0.04521407",10
1.53139813669677E+018,"8 : 0.4219059, 1 : 0.22637096, 8 : 0.018155215",10
1.53059040547586E+018,"1 : 0.5627479, 9 : 0.14009519, 11 : 0.021540178",10
1.53044590435486E+018,"1 : 0.41716653, 8 : 0.1238303, 1 : 0.046378586",10
1.52923499640121E+018,"11 : 0.5857983, 11 : 0.14253604, 1 : 0.07816959",10
1.52915340324514E+018,"7 : 0.29544777, 7 : 0.15687448, 7 : 0.09143397",10
1.52911171613454E+018,"1 : 0.4635519, 8 : 0.1897397, 9 : 0.024857169",10
1.52841793437997E+018,"8 : 0.47568473, 8 : 0.12833361, 1 : 0.06301207",10
1.52822371529654E+018,"1 : 0.90053403, 1 : 0.043096755, 11 : 0.0067789815",10
1.5278388310372E+018,"9 : 0.26427302, 8 : 0.053334847, 8 : 0.04387868",10
1.52750132792702E+018,"1 : 0.39440575, 11 : 0.11210497, 1 : 0.06077272",10
1.52641875228685E+018,"1 : 0.48271668, 1 : 0.121332265, 1 : 0.08720977",10
1.52633946776995E+018,"13 : 0.18070208, 8 : 0.109968476, 9 : 0.097086646",10
1.52630505893254E+018,"5 : 0.91485983, 5 : 0.005949207, 4 : 0.0052322447",10
1.52624437870336E+018,"7 : 0.04266243, 6 : 0.035752222, 8 : 0.030800933",10
1.52561413081559E+018,"11 : 0.49663717, 1 : 0.19326562, 1 : 0.079612434",10
1.52542696127373E+018,"2 : 0.27517936, 13 : 0.10222685, 2 : 0.0945164",10
1.52534379582589E+018,"1 : 0.31081414, 1 : 0.2756894, 11 : 0.05682725",10
1.52486971731115E+018,"3 : 0.32779154, 3 : 0.096993506, 7 : 0.035264257",10
1.52480249082079E+018,"3 : 0.15800545, 2 : 0.06255449, 3 : 0.032408386",10
1.52479364115937E+018,"1 : 0.6323578, 8 : 0.058371313, 11 : 0.03702053",10
1.52474433730775E+018,"8 : 0.3535555, 4 : 0.099167734, 8 : 0.05344303",10
1.52455419312524E+018,"1 : 0.99557084, 8 : 0.0004654635, 9 : 0.00021026646",10
1.52419605821598E+018,"4 : 0.5304319, 1 : 0.108040854, 1 : 0.07775977",10
1.52415407130427E+018,"3 : 0.4067727, 3 : 0.108457305, 2 : 0.05031168",10
1.52411546601646E+018,"1 : 0.25690258, 1 : 0.16153795, 8 : 0.042056926",10
1.52387114729526E+018,"3 : 0.15320928, 10 : 0.09740938, 2 : 0.038891252",10
1.52380467818151E+018,"7 : 0.20885992, 7 : 0.086628795, 7 : 0.0650646",10
1.5235070675993E+018,"13 : 0.35944778, 3 : 0.19355649, 13 : 0.06630302",10
1.52349795960887E+018,"9 : 0.21517748, 7 : 0.11426916, 4 : 0.099622056",10
1.52348031481E+018,"1 : 0.6350282, 1 : 0.16810484, 11 : 0.07628973",10
1.5234352239958E+018,"7 : 0.14048702, 9 : 0.07156264, 7 : 0.059408616",10
1.52329643507929E+018,"4 : 0.26615745, 2 : 0.09429543, 5 : 0.07050897",10
1.52329197346368E+018,"8 : 0.14832658, 1 : 0.13676329, 9 : 0.032108143",10
1.5227625404284E+018,"14 : 0.27499464, 7 : 0.06831577, 2 : 0.053113323",10
1.52267321397564E+018,"11 : 0.4105272, 1 : 0.2756157, 11 : 0.08868521",10
1.52266986664479E+018,"3 : 0.77334946, 9 : 0.026348239, 3 : 0.013666275",10
1.52247825018459E+018,"9 : 0.23801932, 9 : 0.13955586, 13 : 0.1174823",10
1.52234037007542E+018,"1 : 0.48442963, 1 : 0.09205396, 1 : 0.035991993",10
1.52233071478643E+018,"9 : 0.13469315, 8 : 0.0894924, 8 : 0.048063613",10
1.52172395924535E+018,"1 : 0.26786, 5 : 0.103947006, 1 : 0.100241125",10
1.52160841616218E+018,"8 : 0.9370938, 8 : 0.008499679, 8 : 0.0024835605",10
1.52057823416376E+018,"3 : 0.2969647, 3 : 0.21259542, 3 : 0.051651232",10
1.52056637293309E+018,"1 : 0.39236864, 1 : 0.12939346, 1 : 0.07969784",10
1.52053807320067E+018,"3 : 0.34588176, 4 : 0.21982177, 9 : 0.033411328",10
1.52053723794705E+018,"3 : 0.18196613, 7 : 0.09739243, 2 : 0.06288461",10
1.5205326529683E+018,"4 : 0.7792827, 2 : 0.043444075, 4 : 0.019617507",10
1.52051750937487E+018,"8 : 0.96229297, 8 : 0.0013099238, 8 : 0.0012086311",10
1.52046683435652E+018,"1 : 0.71382517, 11 : 0.067218475, 1 : 0.013307311",10
1.52038173368962E+018,"8 : 0.863223, 8 : 0.04606871, 8 : 0.004956267",10
1.52035080111754E+018,"1 : 0.8070601, 11 : 0.056288466, 1 : 0.031998053",10
1.52031556016283E+018,"13 : 0.20345138, 13 : 0.072952114, 9 : 0.06955383",10
1.51975225114347E+018,"9 : 0.20854168, 4 : 0.094673365, 11 : 0.07136915",10
1.51973730279512E+018,"8 : 0.85120326, 8 : 0.012093481, 8 : 0.007241081",10
1.51964448668246E+018,"8 : 0.17740802, 1 : 0.15321513, 11 : 0.112838514",10
1.51963114010462E+018,"1 : 0.377134, 2 : 0.14899291, 1 : 0.051591653",10
1.51953657229784E+018,"1 : 0.6277402, 11 : 0.09096647, 11 : 0.06047172",10
1.51949984847352E+018,"7 : 0.0964074, 7 : 0.07555367, 7 : 0.07196046",10
1.51920583232663E+018,"7 : 0.14625077, 3 : 0.07472242, 2 : 0.07207305",10
1.51919521658559E+018,"13 : 0.29845518, 1 : 0.13174722, 12 : 0.078144565",10
1.51916214777802E+018,"13 : 0.18324162, 9 : 0.14650594, 13 : 0.13941671",10
1.5191547716749E+018,"2 : 0.62183106, 2 : 0.37539732, 8 : 0.00013109189",10
1.51906476217078E+018,"8 : 0.38608217, 13 : 0.12869313, 13 : 0.017395426",10
1.51906275818411E+018,"6 : 0.2797673, 14 : 0.065522395, 1 : 0.053136345",10
1.51906231091903E+018,"14 : 0.22661231, 9 : 0.15346837, 13 : 0.070510834",10
1.5190544381852E+018,"11 : 0.3240694, 1 : 0.15948746, 1 : 0.11353845",10
1.51904321719859E+018,"1 : 0.16324253, 13 : 0.094804615, 9 : 0.0533987",10
1.51904262588442E+018,"6 : 0.120697364, 7 : 0.0513616, 13 : 0.04490421",10
1.51903480152001E+018,"9 : 0.22512713, 2 : 0.10304315, 1 : 0.10262052",10
1.51899558192476E+018,"1 : 0.3254162, 11 : 0.17285106, 1 : 0.053539332",10
1.51884288244925E+018,"7 : 0.4637537, 2 : 0.060735106, 2 : 0.048680823",10
1.51879406760407E+018,"6 : 0.0974837, 6 : 0.06715441, 6 : 0.06559209",10
1.51876021257486E+018,"11 : 0.7454522, 11 : 0.08325837, 11 : 0.06553995",10
1.51846599054678E+018,"4 : 0.7663488, 1 : 0.12820831, 9 : 0.033020027",10
1.51835341055409E+018,"11 : 0.67296, 11 : 0.17944436, 1 : 0.045995023",10
1.51806074413305E+018,"2 : 0.6344473, 7 : 0.033646736, 7 : 0.009454931",10
1.51762363272905E+018,"11 : 0.5370405, 1 : 0.17202553, 1 : 0.062666364",10
1.51744577288206E+018,"9 : 0.24470966, 1 : 0.20753697, 11 : 0.13593057",10
1.51724991546173E+018,"1 : 0.70252985, 1 : 0.07119033, 4 : 0.023709264",10
1.51721688862982E+018,"1 : 0.37506795, 12 : 0.081852436, 1 : 0.07071767",10
1.51695655105783E+018,"1 : 0.38222387, 1 : 0.2606236, 1 : 0.03375355",10
1.51680535599519E+018,"1 : 0.43554392, 1 : 0.16932042, 1 : 0.10205627",10
1.51678869195978E+018,"1 : 0.688649, 9 : 0.14831325, 13 : 0.021620926",10
1.51657273435913E+018,"8 : 0.8412984, 4 : 0.035034683, 8 : 0.021291487",10
1.51639736493998E+018,"9 : 0.45813963, 14 : 0.046729032, 13 : 0.034324232",10
1.51584858987051E+018,"1 : 0.9334498, 1 : 0.006440051, 9 : 0.0062998305",10
1.51536364101096E+018,"2 : 0.7098003, 2 : 0.20210813, 3 : 0.0045728236",10
1.51515436280801E+018,"1 : 0.6978231, 1 : 0.041698854, 1 : 0.011961166",10
1.51502626720284E+018,"12 : 0.49272636, 2 : 0.15388934, 2 : 0.09069355",10
1.51468054285421E+018,"1 : 0.6507259, 1 : 0.07098428, 1 : 0.042210832",10
1.51451068600769E+018,"8 : 0.34897116, 1 : 0.08186129, 9 : 0.055473957",10
1.51405569172643E+018,"3 : 0.42625362, 8 : 0.10654196, 8 : 0.02796318",10
1.51402590155757E+018,"9 : 0.2044166, 2 : 0.11417633, 4 : 0.07360265",10
1.51401025112425E+018,"11 : 0.22564876, 11 : 0.15137565, 1 : 0.14139383",10
1.5139430097543E+018,"9 : 0.37645882, 8 : 0.08858611, 8 : 0.04598378",10
1.5139358539686E+018,"1 : 0.9136514, 1 : 0.041366715, 11 : 0.0011140221",10
1.51386111519696E+018,"9 : 0.6760604, 2 : 0.13660435, 1 : 0.02071877",10
1.51379157281381E+018,"2 : 0.55567545, 2 : 0.44213164, 2 : 0.00037091604",10
1.51370453229023E+018,"2 : 0.21071817, 7 : 0.18695338, 4 : 0.06244948",10
1.51368931018004E+018,"8 : 0.099519856, 9 : 0.06538368, 8 : 0.04687092",10
1.51312903170476E+018,"8 : 0.0982428, 7 : 0.05353095, 2 : 0.052510634",10
1.51226970842112E+018,"7 : 0.13535526, 7 : 0.09529396, 7 : 0.05328451",10
1.51153065444833E+018,"1 : 0.6155056, 1 : 0.07560491, 11 : 0.020618524",10
1.51098853320743E+018,"1 : 0.3781551, 9 : 0.2578361, 11 : 0.058698867",10
1.51089200479949E+018,"3 : 0.5275423, 3 : 0.26054066, 12 : 0.022128653",10
1.51035916511765E+018,"8 : 0.27091795, 1 : 0.2071723, 9 : 0.042984754",10
1.51033492329866E+018,"2 : 0.78561914, 2 : 0.2073564, 6 : 0.00064495817",10
1.51030048581342E+018,"7 : 0.1515, 14 : 0.144585, 7 : 0.09778763",10
1.50996906652567E+018,"11 : 0.39915234, 11 : 0.108655706, 1 : 0.07397125",10
1.50967639337698E+018,"1 : 0.2639585, 9 : 0.240447, 1 : 0.13490587",10
1.50947750302926E+018,"13 : 0.117039345, 8 : 0.10517511, 1 : 0.08390934",10
1.50937990888173E+018,"9 : 0.22906275, 13 : 0.12646984, 3 : 0.052281715",10
1.50899666100728E+018,"1 : 0.7435111, 8 : 0.04818039, 13 : 0.0034926347",10
1.50858865850736E+018,"4 : 0.2847127, 1 : 0.16943173, 9 : 0.11309622",10
1.50831761869904E+018,"13 : 0.33194438, 2 : 0.15741777, 13 : 0.049474023",10
1.50798223930723E+018,"1 : 0.23219667, 1 : 0.04223205, 5 : 0.0350283",10
1.50778946846634E+018,"1 : 0.4514221, 1 : 0.267022, 11 : 0.06716417",10
1.50778917466364E+018,"1 : 0.69125277, 1 : 0.1271109, 11 : 0.011953137",10
1.50778880001993E+018,"1 : 0.23460527, 11 : 0.07724709, 3 : 0.04454119",10
1.507788598274E+018,"1 : 0.9136514, 1 : 0.041366715, 11 : 0.0011140221",10
1.50778835449264E+018,"1 : 0.43261442, 1 : 0.05117487, 4 : 0.04268884",10
1.50778796287898E+018,"1 : 0.8913835, 1 : 0.0230132, 11 : 0.014861563",10
1.50735890780124E+018,"1 : 0.24982828, 11 : 0.16185808, 11 : 0.042323306",10
1.50724017945349E+018,"11 : 0.44233197, 1 : 0.28885138, 11 : 0.031870794",10
1.50674993723992E+018,"3 : 0.74190915, 8 : 0.07404174, 4 : 0.058012225",10
1.50601321457175E+018,"8 : 0.60094136, 9 : 0.08277629, 13 : 0.07575652",10
1.50579273900171E+018,"8 : 0.3493829, 9 : 0.1107109, 1 : 0.037590813",10
1.50536970964595E+018,"1 : 0.23815408, 4 : 0.124920264, 8 : 0.044586357",10
1.50534977941229E+018,"10 : 0.15162867, 12 : 0.08997321, 6 : 0.030187432",10
1.50534701203441E+018,"2 : 0.35162935, 2 : 0.04394935, 12 : 0.03140526",10
1.5051390137396E+018,"3 : 0.124822736, 1 : 0.08825852, 11 : 0.061607707",10
1.50447901290132E+018,"11 : 0.66340286, 1 : 0.0761709, 1 : 0.044011805",10
1.50419811498526E+018,"9 : 0.36536708, 4 : 0.20572047, 1 : 0.13406001",10
1.50419661440587E+018,"4 : 0.30610767, 1 : 0.2884575, 9 : 0.1676991",10
1.50418341435369E+018,"1 : 0.8155489, 8 : 0.027998425, 8 : 0.006565286",10
1.50364711750667E+018,"2 : 0.47715694, 2 : 0.13901289, 7 : 0.09363798",10
1.50341789856769E+018,"1 : 0.08960334, 9 : 0.08264662, 1 : 0.06204293",10
1.50213244028961E+018,"1 : 0.5121397, 9 : 0.20807701, 11 : 0.026381038",10
1.50161766590135E+018,"12 : 0.20101026, 1 : 0.14543052, 11 : 0.086646415",10
1.5016042946951E+018,"3 : 0.27966523, 3 : 0.071664825, 3 : 0.06175971",10
1.50155248678662E+018,"7 : 0.2629655, 2 : 0.1952615, 7 : 0.058211897",10
1.50101971451606E+018,"7 : 0.30977175, 7 : 0.08745445, 8 : 0.08137908",10
1.50099467932673E+018,"11 : 0.26039216, 11 : 0.17205636, 1 : 0.120381154",10
1.50097636273401E+018,"1 : 0.9409554, 1 : 0.020381546, 11 : 0.008100136",10
1.500880460393E+018,"2 : 0.14847305, 12 : 0.08467625, 9 : 0.0392764",10
1.50069807682157E+018,"13 : 0.93742955, 7 : 0.02725284, 7 : 0.0073187565",10
1.50026371217375E+018,"1 : 0.7042205, 1 : 0.049355514, 11 : 0.01859384",10
1.50020797928562E+018,"1 : 0.33743244, 1 : 0.26832035, 1 : 0.03409608",10
1.49953679851332E+018,"4 : 0.8631094, 9 : 0.057506528, 1 : 0.015143246",10
1.49931438029385E+018,"9 : 0.21503985, 1 : 0.17798899, 1 : 0.08525817",10
1.49923046366253E+018,"12 : 0.5011073, 2 : 0.11354234, 12 : 0.023120219",10
1.49876231620286E+018,"1 : 0.87810683, 1 : 0.030253556, 4 : 0.0076266434",10
1.4980252803364E+018,"11 : 0.15037526, 9 : 0.10494276, 1 : 0.091776796",10
1.49734537610818E+018,"1 : 0.3500034, 1 : 0.11778699, 11 : 0.028032025",10
1.4972764059308E+018,"8 : 0.59370613, 9 : 0.06062482, 8 : 0.03338575",10
1.496679988376E+018,"2 : 0.5954323, 2 : 0.4043859, 8 : 1.384772e-05",10
1.49586160953671E+018,"5 : 0.09503435, 13 : 0.07635136, 9 : 0.0448275",10
1.49523365941404E+018,"1 : 0.48299423, 11 : 0.2559162, 1 : 0.069593064",10
1.49483763493196E+018,"7 : 0.21187833, 13 : 0.091801606, 2 : 0.08619285",10
1.49429259708101E+018,"11 : 0.37375668, 1 : 0.33483973, 11 : 0.032982808",10
1.49421705608879E+018,"7 : 0.23185489, 7 : 0.114764996, 3 : 0.034019347",10
1.49384646948428E+018,"2 : 0.46879622, 2 : 0.2292883, 4 : 0.008085428",10
1.49348914378286E+018,"3 : 0.69024426, 3 : 0.11275533, 3 : 0.055252727",10
1.49346543111661E+018,"2 : 0.8547206, 3 : 0.057782486, 3 : 0.031130465",10
1.49334089465581E+018,"1 : 0.38807726, 1 : 0.146819, 1 : 0.12598237",10
1.49308733060796E+018,"7 : 0.077244796, 13 : 0.07462091, 7 : 0.05264102",10
1.49301273692558E+018,"3 : 0.798565, 3 : 0.035566233, 7 : 0.017482787",10
1.49285817509374E+018,"1 : 0.3603575, 8 : 0.1917467, 11 : 0.04781454",10
1.4928520249116E+018,"1 : 0.67861205, 11 : 0.15187582, 1 : 0.06756789",10
1.49271444606037E+018,"8 : 0.34202066, 8 : 0.29956958, 8 : 0.04927604",10
1.49212254158608E+018,"7 : 0.4299998, 7 : 0.27762344, 2 : 0.06589382",10
1.4915759915445E+018,"7 : 0.6017501, 7 : 0.027877018, 13 : 0.022219297",10
1.49148225931912E+018,"1 : 0.23979935, 8 : 0.19838758, 8 : 0.0804608",10
1.49144538020505E+018,"5 : 0.53660583, 11 : 0.07974873, 1 : 0.04819011",10
1.49132631698364E+018,"2 : 0.35775152, 2 : 0.11560746, 13 : 0.049490668",10
1.49129906444388E+018,"1 : 0.34577346, 1 : 0.26547006, 11 : 0.08358362",10
1.49078016705511E+018,"3 : 0.49903935, 3 : 0.17797343, 3 : 0.061215695",10
1.49045448372963E+018,"1 : 0.64579767, 1 : 0.04536497, 9 : 0.027586358",10
1.49015518048511E+018,"2 : 0.37359416, 8 : 0.07618828, 7 : 0.026153255",10
1.48973462066916E+018,"4 : 0.9517746, 1 : 0.008096289, 7 : 0.0050406116",10
1.4897215155077E+018,"1 : 0.61628526, 1 : 0.050497107, 1 : 0.022645926",10
1.48926229473474E+018,"3 : 0.49263284, 7 : 0.24675807, 7 : 0.07706059",10
1.48920698140238E+018,"1 : 0.57019466, 1 : 0.0705933, 1 : 0.029622821",10
1.48919416263644E+018,"13 : 0.7430855, 3 : 0.031338833, 14 : 0.028526809",10
1.48913289780518E+018,"4 : 0.97134274, 1 : 0.008348412, 11 : 0.001557618",10
1.4890384521539E+018,"6 : 0.36559877, 6 : 0.23482172, 6 : 0.13113688",10
1.48903506407051E+018,"6 : 0.6665922, 6 : 0.09964028, 6 : 0.017154157",10
1.48894549902925E+018,"2 : 0.7135859, 14 : 0.055626858, 4 : 0.02937797",10
1.48890806965553E+018,"1 : 0.36859107, 11 : 0.11178361, 1 : 0.022051092",10
1.48876627255143E+018,"1 : 0.5060528, 11 : 0.09414322, 9 : 0.06547988",10
1.48843197581904E+018,"1 : 0.25811037, 1 : 0.08067626, 1 : 0.06503617",10
1.4883369324708E+018,"2 : 0.94399375, 2 : 0.011506742, 12 : 0.007303371",10
1.48795834112799E+018,"7 : 0.20520382, 7 : 0.04889584, 4 : 0.03983589",10
1.48751361082957E+018,"9 : 0.79052025, 11 : 0.030158501, 11 : 0.012822804",10
1.48650369496177E+018,"9 : 0.0960349, 9 : 0.066191226, 1 : 0.044528794",10
1.4864285666727E+018,"9 : 0.46825284, 4 : 0.051135667, 5 : 0.024228387",10
1.48642695780596E+018,"1 : 0.20859455, 8 : 0.101325765, 9 : 0.07274886",10
1.48611870478066E+018,"9 : 0.23278813, 4 : 0.1786629, 11 : 0.11459785",10
1.48611817458699E+018,"1 : 0.7706483, 1 : 0.048491765, 1 : 0.030539392",10
1.48588027681942E+018,"4 : 0.4183277, 8 : 0.08802558, 13 : 0.07288733",10
1.48576998349288E+018,"7 : 0.34039366, 2 : 0.18532757, 2 : 0.15898842",10
1.48563554717558E+018,"1 : 0.92510706, 4 : 0.03297764, 1 : 0.022423146",10
1.48505740630718E+018,"9 : 0.75973576, 8 : 0.05481194, 8 : 0.04233483",10
1.48502646225983E+018,"8 : 0.5044893, 1 : 0.067697965, 2 : 0.033756815",10
1.48422393318295E+018,"8 : 0.78938067, 8 : 0.030239038, 8 : 0.016950758",10
1.48411851572749E+018,"1 : 0.9012777, 1 : 0.005663044, 11 : 0.002475138",10
1.48395705722937E+018,"1 : 0.5004148, 8 : 0.04565576, 11 : 0.035601903",10
1.48387397418178E+018,"6 : 0.9186379, 6 : 0.011321005, 6 : 0.005169536",10
1.4836589945677E+018,"7 : 0.59720385, 7 : 0.10607706, 7 : 0.059097897",10
1.48363995099368E+018,"9 : 0.19355692, 5 : 0.03965836, 8 : 0.036361992",10
1.48347631767212E+018,"1 : 0.6263917, 1 : 0.025638206, 13 : 0.010976618",10
1.48343756443393E+018,"2 : 0.30439126, 2 : 0.17839032, 7 : 0.07906464",10
1.4834038037004E+018,"2 : 0.65710306, 2 : 0.06821325, 9 : 0.05969925",10
1.48337454858159E+018,"7 : 0.057416413, 10 : 0.04417809, 8 : 0.04087928",10
1.48315679853743E+018,"8 : 0.5043718, 8 : 0.3118608, 8 : 0.036840748",10
1.48263608088805E+018,"7 : 0.12809959, 7 : 0.09744276, 12 : 0.090414666",10
1.48257646466298E+018,"1 : 0.21147989, 8 : 0.11342552, 1 : 0.06695713",10
1.48254524809357E+018,"1 : 0.36365944, 8 : 0.1039439, 1 : 0.05110914",10
1.48249003596094E+018,"4 : 0.89871424, 9 : 0.040077448, 11 : 0.007816565",10
1.48246965151067E+018,"1 : 0.22589779, 8 : 0.08376185, 1 : 0.057371065",10
1.48235712840802E+018,"1 : 0.36511326, 9 : 0.13236597, 8 : 0.08885369",10
1.48220359970151E+018,"2 : 0.33642274, 5 : 0.04426442, 14 : 0.03554759",10
1.48208873133866E+018,"3 : 0.18284643, 3 : 0.081884205, 2 : 0.052241348",10
1.48194831565407E+018,"6 : 0.6726, 6 : 0.13584645, 6 : 0.018259535",10
1.48152168683798E+018,"11 : 0.2653648, 1 : 0.14068916, 1 : 0.032322466",10
1.48115743298584E+018,"4 : 0.26062667, 1 : 0.0317205, 1 : 0.024951879",10
1.48076583200265E+018,"14 : 0.88377064, 7 : 0.031163557, 14 : 0.018106977",10
1.48065661454037E+018,"4 : 0.09494693, 10 : 0.07736225, 13 : 0.06929881",10
1.48057133001258E+018,"1 : 0.43057388, 1 : 0.32173538, 8 : 0.031111436",10
1.4805578020493E+018,"8 : 0.32926086, 1 : 0.06257561, 1 : 0.03920885",10
1.4804453085415E+018,"1 : 0.34511834, 1 : 0.24907419, 11 : 0.102361776",10
1.47982292884887E+018,"1 : 0.6537897, 11 : 0.2613921, 1 : 0.027649965",10
1.47966521594681E+018,"3 : 0.39832416, 13 : 0.05159675, 3 : 0.0505517",10
1.47944745071981E+018,"1 : 0.13250792, 1 : 0.1226038, 9 : 0.099078014",10
1.47921900194608E+018,"8 : 0.9854687, 8 : 0.0016390303, 13 : 0.00023356458",10
1.47914638754718E+018,"4 : 0.7709644, 2 : 0.08345415, 2 : 0.028802296",10
1.47914562646486E+018,"4 : 0.7709644, 2 : 0.08345415, 2 : 0.028802296",10
1.47912791094225E+018,"1 : 0.4661786, 1 : 0.26727208, 11 : 0.0652532",10
1.47912200163686E+018,"8 : 0.59058976, 8 : 0.20240128, 8 : 0.0029289867",10
1.47906499415111E+018,"1 : 0.62356055, 1 : 0.037652988, 9 : 0.011875749",10
1.47879612741926E+018,"8 : 0.55469275, 8 : 0.08432901, 8 : 0.04583472",10
1.47839981051952E+018,"5 : 0.55524975, 4 : 0.054630652, 9 : 0.029628431",10
1.47811470184942E+018,"1 : 0.5336663, 9 : 0.12564719, 1 : 0.08401821",10
1.47786948216801E+018,"1 : 0.11710527, 12 : 0.10258951, 11 : 0.041186493",10
1.47786529037332E+018,"1 : 0.66652334, 5 : 0.10891616, 5 : 0.062327538",10
1.47762507592218E+018,"1 : 0.3173079, 11 : 0.1790215, 11 : 0.12787606",10
1.47686373497017E+018,"3 : 0.07800926, 5 : 0.066259325, 2 : 0.053470068",10
1.47679422540455E+018,"1 : 0.16164823, 11 : 0.13213295, 11 : 0.055336725",10
1.47613307128351E+018,"1 : 0.07784467, 9 : 0.052741755, 1 : 0.04505826",10
1.47612978416534E+018,"13 : 0.43519503, 5 : 0.06964289, 13 : 0.05091348",10
1.47612801069617E+018,"1 : 0.4378372, 9 : 0.101476885, 4 : 0.026549295",10
1.47540462289391E+018,"12 : 0.84295446, 12 : 0.050139442, 7 : 0.02391108",10
1.4749234526992E+018,"1 : 0.3682205, 11 : 0.2758478, 1 : 0.0988428",10
1.4748378697715E+018,"1 : 0.20017347, 9 : 0.18636185, 4 : 0.0712358",10
1.47473714367897E+018,"1 : 0.52482665, 9 : 0.19137175, 4 : 0.05193042",10
1.47450759228077E+018,"13 : 0.18449523, 3 : 0.13510045, 7 : 0.041988194",10
1.47417846303122E+018,"3 : 0.85051316, 4 : 0.056294322, 7 : 0.0044817333",10
1.47410209967946E+018,"4 : 0.36420372, 1 : 0.2056369, 9 : 0.13603032",10
1.47355455392881E+018,"3 : 0.13036028, 1 : 0.11575039, 11 : 0.058859773",10
1.47339810602793E+018,"5 : 0.15526368, 4 : 0.1498062, 6 : 0.042629406",10
1.47328945453787E+018,"7 : 0.18880388, 6 : 0.053243738, 6 : 0.04414646",10
1.47321600943033E+018,"2 : 0.32057887, 3 : 0.16679238, 7 : 0.077760525",10
1.47319585549002E+018,"2 : 0.51048994, 2 : 0.11837097, 4 : 0.09447438",10
1.47315735035239E+018,"10 : 0.8598285, 12 : 0.0779222, 2 : 0.01838644",10
1.47313007002887E+018,"7 : 0.25081638, 10 : 0.15440911, 7 : 0.041706264",10
1.47309791739251E+018,"8 : 0.2531855, 8 : 0.19446954, 13 : 0.045126133",10
1.4728040428123E+018,"12 : 0.7632379, 2 : 0.008237982, 3 : 0.008006582",10
1.47257160856908E+018,"1 : 0.32738015, 1 : 0.073550925, 9 : 0.030934481",10
1.47255171031227E+018,"4 : 0.17759615, 7 : 0.06896603, 7 : 0.056383178",10
1.4725512945892E+018,"7 : 0.64083284, 14 : 0.094055526, 3 : 0.034169845",10
1.47254200268008E+018,"6 : 0.09858906, 6 : 0.070149705, 2 : 0.033907354",10
1.47243383920379E+018,"1 : 0.20598081, 8 : 0.06451432, 5 : 0.055309467",10
1.47241989639862E+018,"8 : 0.19543283, 8 : 0.16031528, 8 : 0.045114115",10
1.47187279177022E+018,"7 : 0.13390836, 7 : 0.09142693, 7 : 0.07385568",10
1.47162167114039E+018,"4 : 0.32028687, 9 : 0.2450837, 1 : 0.2373302",10
1.47042616750523E+018,"5 : 0.16822918, 13 : 0.14815876, 4 : 0.08602312",10
1.47041975198166E+018,"11 : 0.44986022, 1 : 0.17300838, 1 : 0.11084316",10
1.47039876713938E+018,"13 : 0.0816874, 13 : 0.08015507, 4 : 0.07989757",10
1.47037874385988E+018,"12 : 0.47478613, 1 : 0.1340664, 2 : 0.02358111",10
1.47019266860503E+018,"13 : 0.6103794, 9 : 0.103915654, 8 : 0.04456499",10
1.4696582346089E+018,"1 : 0.5541414, 1 : 0.08659136, 1 : 0.04418927",10
1.46958345352337E+018,"1 : 0.9506969, 11 : 0.0050439513, 1 : 0.0040407623",10
1.46955200111732E+018,"1 : 0.8053385, 11 : 0.17256969, 1 : 0.0047812616",10
1.46952038451245E+018,"8 : 0.3782064, 4 : 0.07423525, 8 : 0.037262168",10
1.46944943880036E+018,"3 : 0.7149412, 3 : 0.16141462, 3 : 0.023397148",10
1.46909320573909E+018,"4 : 0.6973181, 13 : 0.040884342, 11 : 0.019596973",10
1.46835811614705E+018,"1 : 0.7371, 4 : 0.11629235, 1 : 0.014617097",10
1.46819622137441E+018,"1 : 0.25408006, 1 : 0.09981719, 13 : 0.09061115",10
1.46740888048549E+018,"7 : 0.18877618, 7 : 0.17539866, 2 : 0.10053608",10
1.46692160931437E+018,"6 : 0.905443, 6 : 0.030900406, 6 : 0.016456492",10
1.46618518354357E+018,"1 : 0.240761, 1 : 0.20160457, 11 : 0.18485348",10
1.46617923092866E+018,"1 : 0.19968855, 11 : 0.18722606, 1 : 0.14482541",10
1.46610723130488E+018,"2 : 0.5829348, 2 : 0.41099787, 7 : 0.00083438144",10
1.46536611764432E+018,"1 : 0.29382524, 1 : 0.29143387, 11 : 0.09611954",10
1.46532350264336E+018,"7 : 0.11558018, 4 : 0.046673723, 11 : 0.04055242",10
1.46466538327736E+018,"9 : 0.04381726, 11 : 0.028235242, 1 : 0.026669107",10
1.46388151231874E+018,"9 : 0.48228124, 1 : 0.13530871, 4 : 0.113282606",10
1.46380578930209E+018,"1 : 0.837014, 4 : 0.04732533, 9 : 0.011952904",10
1.46374152180219E+018,"7 : 0.23387438, 11 : 0.16885228, 1 : 0.10556394",10
1.46360487335783E+018,"1 : 0.9203733, 11 : 0.004288867, 1 : 0.0038114847",10
1.46235227698238E+018,"8 : 0.06299945, 12 : 0.048254434, 7 : 0.045608174",10
1.46175762907114E+018,"13 : 0.34962556, 2 : 0.27658555, 2 : 0.044876672",10
1.46079433714623E+018,"1 : 0.45158425, 11 : 0.0577275, 1 : 0.038413517",10
1.45947376449266E+018,"7 : 0.8062841, 7 : 0.012881109, 7 : 0.009911559",10
1.45900861571771E+018,"4 : 0.7346268, 10 : 0.07838328, 9 : 0.03629967",10
1.45883888024471E+018,"11 : 0.38213554, 1 : 0.06297719, 8 : 0.046009492",10
1.45682632853913E+018,"1 : 0.24907216, 9 : 0.1665688, 11 : 0.05775366",10
1.456026877101E+018,"1 : 0.48130935, 11 : 0.03069165, 9 : 0.029033339",10
1.45600961454512E+018,"8 : 0.2096607, 8 : 0.06376864, 8 : 0.06123775",10
1.45599989806221E+018,"11 : 0.41909072, 1 : 0.039823752, 13 : 0.029214015",10
1.4558912826594E+018,"9 : 0.16684447, 9 : 0.12641017, 8 : 0.067423925",10
1.45458030856021E+018,"2 : 0.9744659, 2 : 0.006784759, 10 : 0.0026302075",10
1.45418962725433E+018,"13 : 0.19962518, 8 : 0.13230027, 12 : 0.09576837",10
1.45366847316239E+018,"12 : 0.1249175, 13 : 0.12209148, 7 : 0.061139748",10
1.45170327699546E+018,"8 : 0.112121746, 3 : 0.10589225, 2 : 0.07711161",10
1.45088822590033E+018,"1 : 0.6724229, 1 : 0.05615866, 8 : 0.044635516",10
1.45063416836739E+018,"8 : 0.34253836, 8 : 0.07683841, 9 : 0.07176527",10
1.44811945436088E+018,"12 : 0.4102454, 3 : 0.2910767, 3 : 0.044610947",10
1.44790585266121E+018,"12 : 0.2568203, 12 : 0.14542757, 13 : 0.057564776",10
1.44782757619394E+018,"4 : 0.39056858, 6 : 0.025500108, 7 : 0.01943429",10
1.44669919660565E+018,"7 : 0.09571598, 3 : 0.0829151, 3 : 0.06355102",10
1.44652561682894E+018,"3 : 0.44822314, 3 : 0.17089146, 6 : 0.014190543",10
1.44641896672477E+018,"6 : 0.9674355, 8 : 0.0007578863, 6 : 0.0006323593",10
1.44574895149938E+018,"1 : 0.20098507, 11 : 0.14526539, 1 : 0.10855151",10
1.44569800429538E+018,"3 : 0.6303594, 3 : 0.23900865, 3 : 0.009418653",10
1.44507278447185E+018,"10 : 0.64557695, 10 : 0.011266451, 7 : 0.0051251915",10
1.44442652048254E+018,"11 : 0.28273946, 11 : 0.22430165, 1 : 0.13641955",10
1.44282010039082E+018,"13 : 0.4130429, 13 : 0.08004156, 2 : 0.04331353",10
1.44281991383661E+018,"1 : 0.5832675, 2 : 0.25464284, 9 : 0.031866454",10
1.44281939937163E+018,"14 : 0.11860137, 13 : 0.088795505, 12 : 0.083085805",10
1.44269909435126E+018,"3 : 0.65894556, 3 : 0.078403205, 3 : 0.031497408",10
1.4398751391104E+018,"12 : 0.81819904, 11 : 0.063261196, 6 : 0.0104549",10
1.43918061407425E+018,"8 : 0.34765765, 8 : 0.12012538, 8 : 0.0600334",10
1.43558720626613E+018,"11 : 0.782704, 1 : 0.07528206, 11 : 0.06466746",10
1.43429948365111E+018,"3 : 0.3643409, 3 : 0.15987258, 3 : 0.07236855",10
1.42853709861723E+018,"7 : 0.58925575, 1 : 0.06313763, 11 : 0.017091446",10
1.42767225728378E+018,"1 : 0.98166084, 1 : 0.004316254, 11 : 0.000755111",10
1.42765563330973E+018,"7 : 0.3620183, 4 : 0.32768723, 7 : 0.07733714",10
1.42763868591432E+018,"9 : 0.10994559, 1 : 0.10062696, 1 : 0.07697547",10
1.42558767497437E+018,"1 : 0.88938236, 1 : 0.0028257126, 8 : 0.0026385312",10
1.42533189301195E+018,"7 : 0.63946766, 9 : 0.0512818, 2 : 0.049516127",10
1.42320760257353E+018,"9 : 0.8129775, 8 : 0.027420437, 8 : 0.01380968",10
1.42186675296734E+018,"12 : 0.29551578, 2 : 0.17325348, 3 : 0.13852336",10
1.42176679288742E+018,"8 : 0.42456767, 1 : 0.1897867, 8 : 0.037089415",10
1.42006185934063E+018,"4 : 0.19892748, 2 : 0.17239833, 3 : 0.030985432",10
2.18071445263786E+018,"11 : 0.21947935, 1 : 0.0904973, 1 : 0.060259048",10
2.15215357830596E+018,"1 : 0.6238973, 1 : 0.19683674, 7 : 0.022185838",10
2.08438961702253E+018,"7 : 0.32892698, 3 : 0.16726281, 7 : 0.11030179",10
2.21052200316004E+018,"13 : 0.21856277, 13 : 0.21387392, 9 : 0.07960006",10
2.2105020305885E+018,"2 : 0.29861957, 13 : 0.06665773, 13 : 0.062861376",10
2.20977470086218E+018,"13 : 0.3895069, 13 : 0.38605836, 13 : 0.117248796",10
2.20968267738094E+018,"2 : 0.1263468, 12 : 0.07574333, 13 : 0.05943875",10
2.20862994069026E+018,"13 : 0.61897886, 13 : 0.27288613, 13 : 0.023598192",10
2.20687994647586E+018,"13 : 0.25641325, 13 : 0.1781513, 13 : 0.12784298",10
2.20181556362023E+018,"9 : 0.24104176, 11 : 0.034765985, 9 : 0.02165842",10
2.19932567426781E+018,"9 : 0.17437877, 12 : 0.10188302, 13 : 0.080887236",10
2.19894344507794E+018,"11 : 0.0976901, 9 : 0.07848302, 11 : 0.07296714",10
2.19582542882976E+018,"9 : 0.4122133, 6 : 0.08551226, 13 : 0.03322862",10
2.19423843876554E+018,"13 : 0.104280375, 13 : 0.100344725, 13 : 0.053673923",10
2.19104047822522E+018,"6 : 0.052619524, 7 : 0.041965507, 2 : 0.03895747",10
2.18583258660611E+018,"6 : 0.7102651, 5 : 0.054727025, 6 : 0.038495068",10
2.18157872419208E+018,"13 : 0.2731459, 13 : 0.21650958, 13 : 0.068556786",10
2.18135128332907E+018,"13 : 0.21164674, 13 : 0.13936152, 1 : 0.037974242",10
2.18087557129099E+018,"9 : 0.39411053, 9 : 0.09015943, 1 : 0.04689386",10
2.18078371014466E+018,"13 : 0.16186798, 8 : 0.12812848, 8 : 0.062186886",10
2.17928308288775E+018,"13 : 0.64476013, 13 : 0.05361689, 13 : 0.025209602",10
2.17417856109157E+018,"4 : 0.14171693, 2 : 0.104711086, 12 : 0.04460195",10
2.17402223759473E+018,"13 : 0.6641758, 13 : 0.034530804, 13 : 0.028569303",10
2.17258082672265E+018,"13 : 0.12816843, 9 : 0.10154702, 6 : 0.062386345",10
2.16988562825941E+018,"13 : 0.24191082, 7 : 0.102000326, 3 : 0.054524332",10
2.16922420463863E+018,"13 : 0.3411867, 13 : 0.26590076, 13 : 0.1107312",10
2.16848018278923E+018,"9 : 0.18791877, 13 : 0.17506711, 13 : 0.06547157",10
2.16826005958184E+018,"9 : 0.16199906, 4 : 0.051791936, 7 : 0.046546422",10
1.97764538413636E+018,"9 : 0.15771206, 13 : 0.10581064, 9 : 0.06920413",10
1.9609622174922E+018,"2 : 0.8547073, 6 : 0.0075205597, 6 : 0.0055595995",10
1.93987589348628E+018,"9 : 0.74610275, 13 : 0.12564383, 10 : 0.024952468",10
1.92348931997878E+018,"12 : 0.19833076, 12 : 0.0890829, 9 : 0.07846992",10
1.91599866810654E+018,"13 : 0.17934883, 9 : 0.061168674, 13 : 0.058542576",10
1.91599762089787E+018,"9 : 0.44000605, 11 : 0.1323804, 2 : 0.05630949",10
1.91489908085543E+018,"13 : 0.2622406, 9 : 0.107682504, 13 : 0.06702678",10
1.90897303362502E+018,"7 : 0.42449343, 12 : 0.2624658, 13 : 0.09458126",10
1.90612360421176E+018,"4 : 0.273732, 12 : 0.044177197, 9 : 0.044175472",10
1.90328683631315E+018,"8 : 0.09861411, 13 : 0.06607487, 11 : 0.052574534",10
1.90324378138645E+018,"13 : 0.3728893, 13 : 0.13639458, 2 : 0.06823443",10
1.89643508912015E+018,"13 : 0.92608476, 13 : 0.014191524, 13 : 0.0139459185",10
1.89571582115641E+018,"7 : 0.8584344, 7 : 0.021289676, 5 : 0.01463075",10
1.71857225795291E+018,"1 : 0.6068811, 11 : 0.18440343, 1 : 0.040741853",10
1.68477701579201E+018,"11 : 0.18287505, 9 : 0.11034758, 2 : 0.062008716",10
1.68433087834589E+018,"13 : 0.4473723, 8 : 0.069682546, 13 : 0.05003983",10
1.67927313652647E+018,"9 : 0.2917722, 9 : 0.16560987, 11 : 0.10693581",10
1.67912920085794E+018,"13 : 0.20059721, 9 : 0.096771196, 7 : 0.03482798",10
1.674569520223E+018,"9 : 0.15195417, 1 : 0.08444117, 11 : 0.06680891",10
1.67325895084053E+018,"9 : 0.50732625, 9 : 0.10888913, 8 : 0.06107838",10
1.6514579119371E+018,"13 : 0.57780266, 13 : 0.10486633, 11 : 0.024659742",10
2.20901115715408E+018,"6 : 0.064394, 4 : 0.055585075, 8 : 0.025786545",10
2.2003371355337E+018,"7 : 0.49352166, 3 : 0.12772655, 2 : 0.03004878",10
2.19530333999493E+018,"6 : 0.61362314, 6 : 0.017688457, 2 : 0.017050598",10
2.19216554819498E+018,"7 : 0.2896167, 13 : 0.20630623, 7 : 0.08741351",10
2.19020541497262E+018,"9 : 0.13847977, 2 : 0.083022475, 2 : 0.07970742",10
2.19017759233385E+018,"7 : 0.14769652, 7 : 0.13873024, 6 : 0.06678144",10
2.18640760946102E+018,"7 : 0.93978906, 7 : 0.015144978, 7 : 0.0025373155",10
2.18494001251527E+018,"2 : 0.11654221, 7 : 0.08206461, 9 : 0.047471832",10
2.18493461733172E+018,"1 : 0.48635188, 11 : 0.42538574, 1 : 0.007188764",10
2.18378972253147E+018,"7 : 0.29169968, 9 : 0.14844732, 7 : 0.1264152",10
2.18229011055751E+018,"13 : 0.6649334, 7 : 0.06607795, 2 : 0.03878019",10
2.18088485038126E+018,"7 : 0.8062027, 7 : 0.081627406, 7 : 0.016103247",10
2.18001152276457E+018,"4 : 0.15616913, 7 : 0.15439756, 3 : 0.09894796",10
2.17997015022341E+018,"7 : 0.6690013, 10 : 0.083935894, 14 : 0.03107874",10
2.17833893850728E+018,"2 : 0.6228384, 11 : 0.17552623, 9 : 0.030756393",10
2.17769026374184E+018,"7 : 0.46206367, 14 : 0.054495912, 7 : 0.04652746",10
2.17688858339753E+018,"13 : 0.54452723, 13 : 0.16178082, 3 : 0.04373716",10
2.17559260460036E+018,"7 : 0.7314363, 4 : 0.027072966, 7 : 0.026768444",10
2.17435242034437E+018,"1 : 0.26427948, 4 : 0.1481764, 11 : 0.040099338",10
2.17319748744833E+018,"12 : 0.6335711, 10 : 0.059857555, 5 : 0.046622757",10
2.17112029592292E+018,"7 : 0.28385466, 13 : 0.20369227, 2 : 0.18038599",10
2.17068589824146E+018,"7 : 0.8576547, 7 : 0.08727478, 7 : 0.028070679",10
2.17039326653354E+018,"5 : 0.24920888, 5 : 0.23647584, 6 : 0.1737365",10
2.16959082831445E+018,"3 : 0.58230335, 7 : 0.09918552, 7 : 0.0885755",10
2.16918742443404E+018,"1 : 0.5617792, 11 : 0.11523916, 9 : 0.09280166",10
2.16907564824563E+018,"11 : 0.09473287, 7 : 0.07301226, 7 : 0.04549149",10
2.16892929259607E+018,"2 : 0.43314266, 2 : 0.056367517, 9 : 0.047731012",10
2.16848915171922E+018,"10 : 0.13541551, 7 : 0.10451438, 7 : 0.10289267",10
2.16847994516527E+018,"2 : 0.45446634, 9 : 0.16804203, 7 : 0.06329257",10
2.1683730580846E+018,"2 : 0.4602368, 11 : 0.182969, 9 : 0.090663604",10
2.16815434400499E+018,"1 : 0.13037248, 8 : 0.10889009, 1 : 0.052766852",10
2.16778788264817E+018,"11 : 0.5495226, 1 : 0.24633166, 10 : 0.026496181",10
2.16776601509038E+018,"1 : 0.26534057, 1 : 0.21962498, 11 : 0.21116738",10
2.16767182207078E+018,"1 : 0.28162372, 11 : 0.23280269, 1 : 0.17139605",10
2.16759547392496E+018,"3 : 0.09048278, 7 : 0.054445863, 9 : 0.045996238",10
2.16701402724333E+018,"9 : 0.22355781, 13 : 0.09844216, 11 : 0.082829125",10
2.1661082242778E+018,"13 : 0.4193946, 1 : 0.07719966, 7 : 0.025337068",10
2.16564219399438E+018,"7 : 0.8464099, 7 : 0.04373545, 4 : 0.0071820314",10
2.16467690257685E+018,"2 : 0.31466925, 6 : 0.101287685, 6 : 0.07741494",10
2.16400884433055E+018,"11 : 0.7467668, 1 : 0.104648285, 1 : 0.08410025",10
2.16391968482763E+018,"13 : 0.91261923, 13 : 0.014612367, 7 : 0.00532017",10
2.16374323702456E+018,"4 : 0.19459957, 7 : 0.117065124, 9 : 0.109327",10
2.16317426910273E+018,"8 : 0.28880095, 3 : 0.21754524, 13 : 0.05528841",10
2.1627319079647E+018,"11 : 0.28174388, 7 : 0.113232225, 9 : 0.03853923",10
2.16243544543948E+018,"13 : 0.9312568, 2 : 0.024278995, 2 : 0.0029610014",10
2.16195090505502E+018,"11 : 0.26785457, 11 : 0.20473644, 13 : 0.19547196",10
2.16124794177647E+018,"1 : 0.7602354, 11 : 0.06790764, 11 : 0.050543103",10
2.160938411201E+018,"2 : 0.21703996, 9 : 0.101287365, 3 : 0.06503501",10
2.16037902100246E+018,"7 : 0.17532147, 2 : 0.1162356, 1 : 0.056660566",10
2.16015347471216E+018,"7 : 0.4551995, 12 : 0.13341114, 12 : 0.06351713",10
2.1597003135784E+018,"1 : 0.39069277, 11 : 0.28121042, 3 : 0.06581956",10
2.15960195839107E+018,"8 : 0.11983331, 9 : 0.11710188, 7 : 0.050807778",10
2.15895764006416E+018,"7 : 0.17986643, 10 : 0.09956067, 2 : 0.058404773",10
2.15818121779575E+018,"9 : 0.17541191, 3 : 0.109479025, 3 : 0.08405747",10
2.15799670170564E+018,"7 : 0.19572315, 7 : 0.1029864, 3 : 0.08041748",10
2.15732291217728E+018,"2 : 0.28685996, 1 : 0.19285084, 2 : 0.108092636",10
2.15595221563335E+018,"13 : 0.21526068, 13 : 0.15220615, 2 : 0.13480231",10
2.15462824246459E+018,"6 : 0.110861056, 2 : 0.08173306, 7 : 0.034743972",10
2.15319406153058E+018,"7 : 0.39611986, 7 : 0.07037266, 7 : 0.03221001",10
2.15238237772538E+018,"4 : 0.30519202, 13 : 0.048361067, 13 : 0.04256937",10
2.15101016282827E+018,"4 : 0.049935006, 10 : 0.044406064, 12 : 0.0345053",10
2.14902141294862E+018,"3 : 0.33918828, 3 : 0.29797572, 3 : 0.06065545",10
2.14869112807808E+018,"2 : 0.36591503, 12 : 0.05710731, 2 : 0.035612304",10
2.14724104923226E+018,"2 : 0.29723185, 7 : 0.25986287, 7 : 0.23079665",10
2.14661095703593E+018,"11 : 0.77400684, 1 : 0.066096745, 1 : 0.04224334",10
2.14594632109013E+018,"7 : 0.41415155, 7 : 0.056229956, 12 : 0.055543117",10
2.14499190785084E+018,"9 : 0.72793853, 14 : 0.037754368, 2 : 0.030113209",10
2.14374014619228E+018,"1 : 0.9646069, 11 : 0.016359959, 11 : 0.0034086534",10
2.14357124155306E+018,"4 : 0.121952936, 9 : 0.053037304, 3 : 0.049103394",10
2.14255114935794E+018,"2 : 0.51661783, 6 : 0.19796422, 6 : 0.058200125",10
2.14135661552236E+018,"2 : 0.67614275, 12 : 0.1167679, 4 : 0.036438588",10
2.14073587113735E+018,"2 : 0.1269616, 5 : 0.0985033, 2 : 0.042718202",10
2.14033727140506E+018,"13 : 0.118520044, 10 : 0.09127138, 12 : 0.087101065",10
2.13947477294214E+018,"9 : 0.25105047, 5 : 0.11587988, 8 : 0.096163765",10
2.13859237894936E+018,"7 : 0.996292, 9 : 0.00038468267, 7 : 0.00023397806",10
2.13798288269884E+018,"5 : 0.33460003, 13 : 0.026192322, 6 : 0.020291664",10
2.13798254665956E+018,"6 : 0.07556809, 6 : 0.038940784, 12 : 0.036583904",10
2.13780491515893E+018,"11 : 0.100547396, 11 : 0.0705438, 1 : 0.03243338",10
2.13660421071115E+018,"12 : 0.250332, 12 : 0.20182456, 1 : 0.15828758",10
2.13508029355242E+018,"7 : 0.7604413, 7 : 0.12122666, 2 : 0.026443778",10
2.13421468674833E+018,"13 : 0.93454605, 2 : 0.0076877438, 13 : 0.003180491",10
2.13160724766186E+018,"7 : 0.18168305, 11 : 0.13938169, 1 : 0.11148296",10
2.13058996619624E+018,"7 : 0.22731781, 2 : 0.22025087, 11 : 0.027015338",10
2.12934389005923E+018,"1 : 0.9113151, 11 : 0.0496771, 9 : 0.00816174",10
2.12849552907526E+018,"11 : 0.9077573, 1 : 0.028507706, 11 : 0.013645197",10
2.12833570623703E+018,"3 : 0.8561908, 2 : 0.020346237, 2 : 0.012041061",10
2.12689215473659E+018,"9 : 0.10522139, 10 : 0.04514052, 7 : 0.041341655",10
2.12415041793701E+018,"7 : 0.22034368, 2 : 0.08745663, 2 : 0.068195194",10
2.12346965953887E+018,"7 : 0.44423229, 10 : 0.24235463, 7 : 0.042585272",10
2.12182182451754E+018,"2 : 0.66541386, 10 : 0.059533566, 2 : 0.026846949",10
2.12041236087006E+018,"5 : 0.90045506, 5 : 0.0079520745, 9 : 0.0037713358",10
2.11420624669447E+018,"1 : 0.641872, 1 : 0.08145846, 11 : 0.07274871",10
2.1142015900775E+018,"13 : 0.3317106, 9 : 0.115363516, 9 : 0.025081681",10
2.11419291012461E+018,"11 : 0.42043254, 1 : 0.40836668, 1 : 0.04043981",10
2.1134081635387E+018,"11 : 0.47140402, 1 : 0.3690609, 1 : 0.018355273",10
2.11104735514009E+018,"1 : 0.5178581, 11 : 0.3835845, 1 : 0.015281921",10
2.10987885546408E+018,"13 : 0.17119654, 13 : 0.12863603, 13 : 0.07151437",10
2.10856728958973E+018,"13 : 0.06429949, 13 : 0.046704985, 7 : 0.045304306",10
2.1061344945275E+018,"7 : 0.32946262, 13 : 0.17210892, 13 : 0.062868156",10
2.10258412643681E+018,"1 : 0.5963318, 11 : 0.08559823, 2 : 0.041400693",10
2.101648497179E+018,"7 : 0.5144423, 2 : 0.3874152, 9 : 0.02641117",10
2.10093177450167E+018,"3 : 0.3015847, 6 : 0.056716774, 2 : 0.045749087",10
2.10081465690294E+018,"12 : 0.2736452, 12 : 0.18881068, 7 : 0.13039558",10
2.10033819003339E+018,"1 : 0.855542, 1 : 0.04025863, 11 : 0.0039022716",10
2.10007769461942E+018,"7 : 0.24857816, 3 : 0.1448045, 7 : 0.05828577",10
2.0986694153536E+018,"6 : 0.611571, 6 : 0.11614596, 6 : 0.06508097",10
2.0966783962385E+018,"11 : 0.9082149, 1 : 0.04886913, 1 : 0.005932788",10
2.09514995120979E+018,"2 : 0.83979315, 13 : 0.021379402, 13 : 0.0099832",10
2.09357271302207E+018,"7 : 0.61761844, 7 : 0.094276875, 9 : 0.07192235",10
2.09327867935967E+018,"1 : 0.46059042, 11 : 0.1446538, 1 : 0.07799368",10
2.090126610394E+018,"13 : 0.21251793, 13 : 0.08147367, 13 : 0.07221203",10
2.08994192870469E+018,"7 : 0.7862762, 7 : 0.019188749, 7 : 0.010593542",10
2.08938114653529E+018,"7 : 0.99907863, 7 : 0.0006373321, 8 : 2.5589889e-05",10
2.08862920739919E+018,"13 : 0.05805268, 13 : 0.029550195, 11 : 0.028931893",10
2.08789620927198E+018,"2 : 0.32569882, 9 : 0.2927377, 9 : 0.099572584",10
2.08720023939292E+018,"3 : 0.9620903, 7 : 0.0025516106, 7 : 0.0015355044",10
2.08642491082309E+018,"12 : 0.19155848, 7 : 0.18358257, 2 : 0.06476448",10
2.0845007297557E+018,"9 : 0.19587122, 6 : 0.14971341, 5 : 0.13024563",10
2.08450030065324E+018,"8 : 0.15975703, 6 : 0.096173145, 9 : 0.07352858",10
2.08343770208003E+018,"13 : 0.69626606, 13 : 0.08156922, 3 : 0.004131204",10
2.08265901960067E+018,"11 : 0.6127062, 1 : 0.22357029, 1 : 0.053870626",10
2.08189680062935E+018,"7 : 0.39915892, 6 : 0.081916, 7 : 0.0558397",10
2.08054655270413E+018,"2 : 0.53046256, 7 : 0.13685559, 7 : 0.08509258",10
2.07894135805165E+018,"12 : 0.3720657, 3 : 0.030577542, 2 : 0.029260557",10
2.07836511109069E+018,"6 : 0.8455445, 6 : 0.06132299, 6 : 0.0061086416",10
2.07628313918289E+018,"7 : 0.65690845, 2 : 0.115075335, 4 : 0.021562247",10
2.07480212323477E+018,"4 : 0.20919938, 3 : 0.15137748, 2 : 0.05172217",10
2.07350750328024E+018,"10 : 0.114795946, 7 : 0.07979239, 7 : 0.050658196",10
2.0728603358634E+018,"7 : 0.39837092, 10 : 0.284046, 7 : 0.11818022",10
2.07266188635419E+018,"7 : 0.99762744, 7 : 0.00028631953, 13 : 0.0001455748",10
2.07210390811733E+018,"13 : 0.5282478, 2 : 0.08267792, 8 : 0.05458497",10
2.07110863870299E+018,"2 : 0.86016244, 2 : 0.005749469, 2 : 0.0045241346",10
2.07099883995073E+018,"7 : 0.35530517, 2 : 0.113572635, 2 : 0.047175806",10
2.0704685770808E+018,"4 : 0.66248834, 7 : 0.02640376, 13 : 0.014045557",10
2.06969201860861E+018,"13 : 0.31399596, 9 : 0.14712653, 2 : 0.109221295",10
2.0696819620853E+018,"9 : 0.16495769, 7 : 0.10166956, 1 : 0.092897736",10
2.06891870469699E+018,"2 : 0.12469588, 12 : 0.10854113, 2 : 0.043490794",10
2.06850851586579E+018,"2 : 0.58188903, 13 : 0.10256578, 12 : 0.019279664",10
2.06810460346083E+018,"13 : 0.8502192, 13 : 0.07530969, 13 : 0.023065334",10
2.06756535546049E+018,"2 : 0.33411288, 11 : 0.17803352, 9 : 0.13284986",10
2.06751846765324E+018,"7 : 0.54623, 7 : 0.03300391, 12 : 0.019268865",10
2.06712406344214E+018,"10 : 0.085898094, 10 : 0.055432163, 2 : 0.041075762",10
2.06640718181027E+018,"12 : 0.28415772, 7 : 0.20768805, 7 : 0.06108396",10
2.06616430887588E+018,"2 : 0.4533752, 12 : 0.15996839, 12 : 0.09442763",10
2.06603255880794E+018,"11 : 0.66199046, 2 : 0.08490193, 1 : 0.067211844",10
2.06543523325164E+018,"2 : 0.094633296, 12 : 0.08556449, 1 : 0.04486745",10
2.0649614312517E+018,"13 : 0.37619975, 2 : 0.11889961, 13 : 0.055350993",10
2.06479974651826E+018,"3 : 0.23294346, 2 : 0.11539205, 6 : 0.049390446",10
2.06468761873134E+018,"13 : 0.20787714, 2 : 0.20766592, 12 : 0.1103233",10
2.06410432996717E+018,"12 : 0.13619488, 11 : 0.061898556, 2 : 0.05031259",10
2.06382300816657E+018,"8 : 0.22876626, 5 : 0.09011425, 12 : 0.08007326",10
2.06339475652387E+018,"7 : 0.35527885, 3 : 0.17625904, 7 : 0.06663299",10
2.06338966217262E+018,"2 : 0.04409801, 7 : 0.039449174, 3 : 0.03468529",10
2.06338047869352E+018,"1 : 0.6280867, 11 : 0.10936516, 1 : 0.08128595",10
2.0633770930095E+018,"7 : 0.41231558, 7 : 0.23370619, 4 : 0.10629602",10
2.06316908693854E+018,"2 : 0.646254, 11 : 0.044206973, 8 : 0.0061227656",10
2.06311645929449E+018,"9 : 0.05083155, 13 : 0.036646947, 12 : 0.031845283",10
2.06275584666181E+018,"1 : 0.84796333, 2 : 0.009426317, 1 : 0.0040445635",10
2.06263518492358E+018,"13 : 0.36434713, 2 : 0.1624998, 13 : 0.036798142",10
2.06255150303136E+018,"2 : 0.19375663, 7 : 0.13999969, 4 : 0.08361609",10
2.06232239275738E+018,"9 : 0.20314412, 2 : 0.07198101, 12 : 0.035605147",10
2.06178549301997E+018,"1 : 0.79006904, 2 : 0.033438507, 4 : 0.009270598",10
2.06162861872754E+018,"3 : 0.66332495, 6 : 0.07197115, 7 : 0.036232825",10
2.06032595932572E+018,"7 : 0.095934786, 3 : 0.08440269, 2 : 0.070383824",10
2.05973597794559E+018,"7 : 0.42234635, 7 : 0.058055904, 4 : 0.05604005",10
2.05955568294597E+018,"1 : 0.35981, 13 : 0.11312502, 2 : 0.06446149",10
2.05909445034917E+018,"9 : 0.0621093, 2 : 0.052454922, 2 : 0.051131416",10
2.05875130423847E+018,"2 : 0.15154973, 7 : 0.10912064, 13 : 0.043631714",10
2.05837817522377E+018,"13 : 0.24361467, 11 : 0.08883202, 11 : 0.08693986",10
2.05799761414373E+018,"13 : 0.33402994, 13 : 0.14292872, 2 : 0.062846035",10
2.05690028539933E+018,"6 : 0.5596553, 2 : 0.046196364, 10 : 0.041740168",10
2.05688067667427E+018,"1 : 0.18302052, 11 : 0.090041965, 1 : 0.07233847",10
2.05679360421505E+018,"1 : 0.71419054, 1 : 0.18739025, 11 : 0.011344714",10
2.0564671759382E+018,"9 : 0.077051856, 9 : 0.05169742, 11 : 0.02483777",10
2.05591995847658E+018,"14 : 0.45174965, 7 : 0.27491716, 2 : 0.052025404",10
2.05580348212611E+018,"9 : 0.29032058, 4 : 0.044783846, 14 : 0.041310415",10
2.05547810533584E+018,"12 : 0.40941992, 2 : 0.14053304, 7 : 0.08132273",10
2.05546359825338E+018,"2 : 0.8984171, 13 : 0.029241195, 7 : 0.011380014",10
2.05509447881506E+018,"2 : 0.14549246, 4 : 0.119416445, 2 : 0.060961798",10
2.05471769892346E+018,"2 : 0.1631631, 7 : 0.09049993, 12 : 0.0866154",10
2.05464894022145E+018,"12 : 0.22797753, 3 : 0.18074039, 2 : 0.100016385",10
2.05458973893071E+018,"11 : 0.19238214, 9 : 0.087027326, 1 : 0.055542894",10
2.05455861049932E+018,"7 : 0.43350768, 2 : 0.03642789, 7 : 0.02272449",10
2.05449395386211E+018,"13 : 0.24956398, 13 : 0.247237, 13 : 0.22337514",10
2.05435198937203E+018,"6 : 0.13647255, 4 : 0.10370014, 2 : 0.09419664",10
2.05407338133633E+018,"12 : 0.4110642, 14 : 0.042533945, 7 : 0.036010172",10
2.05389835472326E+018,"12 : 0.57534826, 2 : 0.05906488, 12 : 0.048428137",10
2.05373445577663E+018,"6 : 0.21277347, 6 : 0.16172756, 9 : 0.10935345",10
2.05373313024233E+018,"2 : 0.82070404, 2 : 0.025200054, 4 : 0.021405393",10
2.05373033131594E+018,"12 : 0.16949403, 3 : 0.10634463, 6 : 0.065351",10
2.05372545113437E+018,"13 : 0.09203247, 12 : 0.089580804, 12 : 0.047976248",10
2.0535893961852E+018,"13 : 0.99868244, 6 : 2.3995592e-05, 13 : 1.9921483e-05",10
2.05332689707028E+018,"1 : 0.17039512, 2 : 0.13096008, 2 : 0.07054603",10
2.05330738028478E+018,"12 : 0.69495296, 12 : 0.06378213, 12 : 0.04717732",10
2.05323672721664E+018,"9 : 0.20444633, 9 : 0.07618375, 2 : 0.054701563",10
2.05320906545468E+018,"8 : 0.14783475, 5 : 0.110795364, 6 : 0.10649605",10
2.05313638213571E+018,"9 : 0.15886347, 1 : 0.07028305, 11 : 0.05368639",10
2.05311898476684E+018,"2 : 0.179593, 7 : 0.056819014, 3 : 0.030041138",10
2.05307268171426E+018,"2 : 0.13136567, 7 : 0.08315022, 12 : 0.06312646",10
2.0530399611938E+018,"13 : 0.5422282, 13 : 0.3159277, 13 : 0.01781153",10
2.05300093996309E+018,"1 : 0.51196384, 1 : 0.40493727, 11 : 0.0132073285",10
2.0529756898504E+018,"7 : 0.3010841, 2 : 0.2646891, 2 : 0.17635307",10
2.05294564497687E+018,"7 : 0.14470556, 8 : 0.056049235, 2 : 0.0415352",10
2.05292801648501E+018,"11 : 0.878571, 3 : 0.03626783, 9 : 0.030069139",10
2.05292345656365E+018,"13 : 0.31338128, 8 : 0.22051892, 13 : 0.10144175",10
2.0528585350039E+018,"7 : 0.4257214, 13 : 0.23016322, 7 : 0.025873011",10
2.05260959987332E+018,"2 : 0.29834333, 10 : 0.14348948, 2 : 0.07679751",10
2.05256429791924E+018,"12 : 0.06809808, 2 : 0.060147922, 2 : 0.041657787",10
2.05254966688665E+018,"6 : 0.48527977, 4 : 0.07665803, 13 : 0.06203553",10
2.0525296591003E+018,"2 : 0.7699084, 2 : 0.22172324, 2 : 0.00017510328",10
2.05252698938193E+018,"5 : 0.29413772, 2 : 0.06671885, 2 : 0.06327775",10
2.05251932683367E+018,"12 : 0.6709635, 12 : 0.07128035, 1 : 0.03557123",10
2.05249779984661E+018,"2 : 0.35585904, 2 : 0.07637455, 9 : 0.051288996",10
2.05248920299144E+018,"2 : 0.91014147, 4 : 0.013171832, 12 : 0.006370852",10
2.05247283425655E+018,"13 : 0.18812925, 13 : 0.15762253, 6 : 0.122566864",10
2.05246095167649E+018,"13 : 0.4535165, 7 : 0.13024998, 13 : 0.06530777",10
2.05244542509461E+018,"13 : 0.15160118, 12 : 0.049999245, 7 : 0.04953881",10
2.05244442807475E+018,"2 : 0.68148303, 4 : 0.059709933, 4 : 0.037695646",10
2.05244269608729E+018,"7 : 0.16269103, 7 : 0.12427674, 7 : 0.121038586",10
2.05243460584368E+018,"7 : 0.5153818, 7 : 0.30699638, 7 : 0.032065902",10
2.05241742947262E+018,"4 : 0.34244758, 2 : 0.06161086, 12 : 0.04498451",10
2.05240562515773E+018,"13 : 0.22654493, 2 : 0.11004315, 12 : 0.06396312",10
2.05237548640747E+018,"12 : 0.27282038, 2 : 0.17568246, 12 : 0.054321166",10
2.05235489850003E+018,"10 : 0.16941473, 2 : 0.1677765, 4 : 0.113300614",10
2.05230043190423E+018,"2 : 0.22633341, 12 : 0.16876824, 3 : 0.05266687",10
2.05226955977999E+018,"6 : 0.061238755, 2 : 0.060335495, 2 : 0.054099783",10
2.05224008812724E+018,"2 : 0.51124567, 2 : 0.173257, 12 : 0.08012798",10
2.05219406830758E+018,"2 : 0.512897, 2 : 0.072309345, 3 : 0.009169531",10
2.05195722225212E+018,"12 : 0.95823944, 12 : 0.013259441, 12 : 0.0046031624",10
2.05175457306194E+018,"12 : 0.63833886, 12 : 0.06427729, 12 : 0.05036846",10
2.05170464473656E+018,"13 : 0.116403885, 4 : 0.10808451, 13 : 0.09037274",10
2.05168138911741E+018,"2 : 0.98249036, 2 : 0.0026402446, 11 : 0.0009273107",10
2.05162566890462E+018,"1 : 0.21599784, 13 : 0.049318124, 9 : 0.040640935",10
2.05155525982649E+018,"7 : 0.23284301, 13 : 0.16299552, 13 : 0.08616954",10
2.05148378117872E+018,"5 : 0.5354955, 13 : 0.15515757, 3 : 0.05705816",10
2.051473959201E+018,"13 : 0.16885975, 14 : 0.04897338, 7 : 0.04602829",10
2.05117110749115E+018,"6 : 0.7216198, 1 : 0.06533236, 5 : 0.058314983",10
2.05114620090168E+018,"2 : 0.2747112, 2 : 0.11521583, 1 : 0.09996531",10
2.05113455056646E+018,"13 : 0.3009541, 7 : 0.068589985, 8 : 0.018662171",10
2.05108224148178E+018,"6 : 0.39920375, 7 : 0.07299305, 12 : 0.053982113",10
2.05101571801527E+018,"7 : 0.14344868, 12 : 0.09224521, 9 : 0.07846079",10
2.05097243160683E+018,"2 : 0.08898047, 7 : 0.059809096, 7 : 0.052017856",10
2.05094535646846E+018,"9 : 0.32826287, 11 : 0.28990942, 1 : 0.0636688",10
2.05091495623012E+018,"5 : 0.9803812, 13 : 0.0006402229, 5 : 0.000493508",10
2.05084911188988E+018,"8 : 0.83291453, 13 : 0.071633466, 13 : 0.009230414",10
2.05081437191136E+018,"9 : 0.7719494, 12 : 0.06059519, 2 : 0.021240102",10
2.0504655177981E+018,"7 : 0.15789896, 3 : 0.14409341, 11 : 0.123328514",10
2.05036239998854E+018,"10 : 0.1808844, 9 : 0.069929086, 12 : 0.06402035",10
2.05034437343184E+018,"12 : 0.9709348, 7 : 0.0024288432, 13 : 0.0010426214",10
2.05032941245022E+018,"3 : 0.6660093, 7 : 0.01644225, 2 : 0.0132751595",10
2.05024716347428E+018,"6 : 0.9707718, 13 : 0.0036991327, 8 : 0.0022175068",10
2.0501027990439E+018,"7 : 0.1384328, 7 : 0.04429212, 7 : 0.040186916",10
2.05005316300432E+018,"13 : 0.17661619, 7 : 0.14567794, 4 : 0.114165775",10
2.05001295414115E+018,"3 : 0.65173656, 3 : 0.2237189, 12 : 0.045043387",10
2.04968765596215E+018,"9 : 0.29604948, 14 : 0.09002778, 13 : 0.07334905",10
2.04962003888251E+018,"1 : 0.5205489, 1 : 0.24791025, 11 : 0.04328285",10
2.04960506457006E+018,"10 : 0.11631393, 2 : 0.08060769, 13 : 0.07404907",10
2.04956534595566E+018,"9 : 0.6266582, 7 : 0.26578444, 4 : 0.052307818",10
2.04951410475588E+018,"9 : 0.23788494, 5 : 0.11798996, 3 : 0.08919456",10
2.04950293005606E+018,"12 : 0.2929169, 2 : 0.07615081, 12 : 0.06935726",10
2.04949244645218E+018,"11 : 0.16840482, 1 : 0.06937427, 4 : 0.060647417",10
2.04941445602863E+018,"6 : 0.21964277, 2 : 0.072901875, 6 : 0.03539541",10
2.0493143207699E+018,"13 : 0.55073243, 2 : 0.06855695, 13 : 0.05357494",10
2.04925002402604E+018,"7 : 0.24665783, 2 : 0.20679003, 3 : 0.105607234",10
2.04901662767679E+018,"2 : 0.6112728, 2 : 0.36348858, 8 : 0.00085476745",10
2.0489360701979E+018,"11 : 0.1671134, 9 : 0.09376648, 13 : 0.09019735",10
2.04888478508385E+018,"9 : 0.959633, 8 : 0.0069814385, 2 : 0.0028639007",10
2.04886063575794E+018,"6 : 0.06825466, 2 : 0.062560596, 2 : 0.06115907",10
2.0488529996667E+018,"13 : 0.23215038, 13 : 0.11392794, 2 : 0.10755618",10
2.04883672622877E+018,"13 : 0.0825898, 7 : 0.06799161, 11 : 0.038670428",10
2.04877424450398E+018,"9 : 0.9324284, 11 : 0.03689901, 1 : 0.007699676",10
2.04859081669974E+018,"2 : 0.09492388, 12 : 0.08012187, 13 : 0.07396816",10
2.0484972090785E+018,"2 : 0.12453713, 13 : 0.048395455, 3 : 0.02838404",10
2.04818807109846E+018,"2 : 0.13755852, 3 : 0.0749871, 7 : 0.06755163",10
2.04813195325056E+018,"3 : 0.339583, 3 : 0.046210777, 13 : 0.03474237",10
2.04812263282769E+018,"7 : 0.45373744, 9 : 0.06507359, 3 : 0.05321292",10
2.04800706086804E+018,"12 : 0.41600284, 2 : 0.34090084, 2 : 0.11567449",10
2.04796206384786E+018,"2 : 0.4493222, 2 : 0.25501943, 2 : 0.04410984",10
2.04794383896802E+018,"1 : 0.24722919, 12 : 0.1316407, 3 : 0.0437905",10
2.04789330496013E+018,"2 : 0.082413465, 12 : 0.061099026, 2 : 0.046486717",10
2.04788465449315E+018,"4 : 0.13758036, 7 : 0.05301816, 12 : 0.051568806",10
2.04780515065546E+018,"2 : 0.27176872, 7 : 0.21093804, 7 : 0.15153366",10
2.04779882517696E+018,"12 : 0.07046876, 12 : 0.03443888, 12 : 0.026477411",10
2.04758762174557E+018,"3 : 0.2581161, 7 : 0.051376395, 7 : 0.04599368",10
2.04753572871768E+018,"13 : 0.17167749, 13 : 0.15421605, 13 : 0.065101296",10
2.04750366523475E+018,"2 : 0.2879838, 2 : 0.08811178, 12 : 0.07616173",10
2.04748949837759E+018,"12 : 0.07608641, 13 : 0.034270883, 12 : 0.033199552",10
2.04748133756874E+018,"13 : 0.65297717, 2 : 0.09430242, 7 : 0.061945535",10
2.04746013980987E+018,"11 : 0.14067718, 7 : 0.07970798, 3 : 0.040845234",10
2.04743362639792E+018,"13 : 0.6321503, 6 : 0.05601166, 6 : 0.024668435",10
2.04742267181523E+018,"13 : 0.22428848, 7 : 0.13660127, 2 : 0.070392296",10
2.04739874291663E+018,"12 : 0.16014735, 2 : 0.13429558, 12 : 0.13285428",10
2.04739156585046E+018,"12 : 0.30027914, 12 : 0.27510577, 2 : 0.26648813",10
2.04736297166933E+018,"3 : 0.16418077, 4 : 0.051181775, 12 : 0.02916917",10
2.04733812599639E+018,"8 : 0.2025885, 12 : 0.16639519, 12 : 0.07329803",10
2.04732976776366E+018,"12 : 0.45514658, 2 : 0.13175775, 13 : 0.079167366",10
2.04731472393612E+018,"13 : 0.37302935, 2 : 0.06785511, 9 : 0.06702696",10
2.04727772810066E+018,"13 : 0.41094467, 12 : 0.140582, 13 : 0.042407457",10
2.04724172966667E+018,"3 : 0.77037364, 13 : 0.06256643, 7 : 0.012432713",10
2.04722736498748E+018,"7 : 0.15602893, 7 : 0.07515174, 12 : 0.019320957",10
2.04717932832929E+018,"8 : 0.33915237, 7 : 0.21394806, 7 : 0.076709345",10
2.04711204736536E+018,"9 : 0.20084462, 7 : 0.123231985, 2 : 0.05283341",10
2.0468547926571E+018,"12 : 0.20728606, 2 : 0.13761322, 2 : 0.06606181",10
2.04683073238447E+018,"2 : 0.23202442, 2 : 0.20867197, 2 : 0.11479323",10
2.04669054425779E+018,"12 : 0.30701938, 12 : 0.25072846, 11 : 0.073876314",10
2.04665713441988E+018,"12 : 0.96176845, 9 : 0.0077104247, 9 : 0.0031986872",10
2.04656454470637E+018,"11 : 0.09203027, 11 : 0.07677202, 7 : 0.05630386",10
2.04643870934533E+018,"12 : 0.56690943, 13 : 0.15545055, 12 : 0.07218241",10
2.04641132015413E+018,"9 : 0.95834976, 7 : 0.0066925418, 4 : 0.0016050715",10
2.04612148941921E+018,"11 : 0.24661331, 1 : 0.16613284, 11 : 0.123064116",10
2.0460464893565E+018,"2 : 0.89642507, 2 : 0.012580571, 2 : 0.0068176845",10
2.04603940730114E+018,"12 : 0.7969762, 4 : 0.09404409, 2 : 0.01253728",10
2.04603787940005E+018,"2 : 0.96868235, 7 : 0.004658772, 12 : 0.0030538873",10
2.04601806676627E+018,"11 : 0.20244426, 8 : 0.10192986, 1 : 0.0676857",10
2.04598928711316E+018,"9 : 0.30103925, 12 : 0.29956663, 4 : 0.037083216",10
2.0459430041848E+018,"2 : 0.083329074, 12 : 0.05843889, 2 : 0.04138827",10
2.04591254346939E+018,"11 : 0.25275442, 2 : 0.055366054, 9 : 0.046348654",10
2.0458773582606E+018,"2 : 0.7962013, 2 : 0.022916974, 7 : 0.021267802",10
2.0458124464382E+018,"12 : 0.20917144, 12 : 0.11561375, 13 : 0.09389234",10
2.04572121496775E+018,"2 : 0.076801136, 7 : 0.034103934, 6 : 0.028290566",10
2.04567111757132E+018,"2 : 0.35306978, 13 : 0.08606725, 11 : 0.054880854",10
2.0454740247101E+018,"2 : 0.12704548, 13 : 0.06580459, 2 : 0.062373787",10
2.04547316233613E+018,"3 : 0.084404565, 4 : 0.08419253, 14 : 0.053768486",10
2.04547250744568E+018,"7 : 0.8853014, 2 : 0.015596617, 2 : 0.008291635",10
2.04520837766785E+018,"7 : 0.10181234, 10 : 0.09839259, 7 : 0.07378793",10
2.04507712788754E+018,"4 : 0.13244009, 5 : 0.065075845, 13 : 0.05798913",10
2.04500096889009E+018,"10 : 0.3465499, 5 : 0.11854742, 3 : 0.10480641",10
2.0446037084673E+018,"13 : 0.25566036, 9 : 0.10449546, 2 : 0.03856386",10
2.04454682083534E+018,"7 : 0.51920795, 11 : 0.1698595, 12 : 0.04435567",10
2.04432728530352E+018,"7 : 0.13299127, 7 : 0.055188097, 7 : 0.03999355",10
2.04382026664514E+018,"7 : 0.46030957, 7 : 0.035403103, 7 : 0.028234687",10
2.04381940693861E+018,"9 : 0.9557027, 9 : 0.009313482, 9 : 0.008904374",10
2.04381814112301E+018,"6 : 0.06516783, 11 : 0.03287695, 5 : 0.031624377",10
2.043816262167E+018,"4 : 0.11036357, 12 : 0.040899396, 2 : 0.03772163",10
2.04374238692617E+018,"14 : 0.07660384, 4 : 0.071073875, 7 : 0.05376047",10
2.04368920436612E+018,"2 : 0.14345449, 2 : 0.09865794, 12 : 0.08156068",10
2.04359933656197E+018,"10 : 0.08937403, 13 : 0.031637833, 12 : 0.025864784",10
2.04316834093962E+018,"5 : 0.34398022, 6 : 0.17545626, 6 : 0.015447933",10
2.04316737981468E+018,"10 : 0.99812883, 6 : 0.00014967876, 5 : 9.61168e-05",10
2.04305015438826E+018,"3 : 0.08210597, 3 : 0.052257366, 12 : 0.03405943",10
2.04302382320884E+018,"9 : 0.9844313, 2 : 0.013344962, 7 : 0.0003138946",10
2.0429816405162E+018,"2 : 0.30986443, 5 : 0.09991949, 8 : 0.061536774",10
2.04295886234187E+018,"2 : 0.37681577, 7 : 0.25159663, 7 : 0.05314823",10
2.04295434351599E+018,"7 : 0.10177299, 13 : 0.06916326, 4 : 0.062424753",10
2.04295201744739E+018,"13 : 0.87366426, 9 : 0.05845164, 13 : 0.0038579372",10
2.04290080537153E+018,"13 : 0.24191618, 7 : 0.0936997, 14 : 0.048963178",10
2.04279675655225E+018,"10 : 0.15314433, 7 : 0.028347054, 10 : 0.023338038",10
2.04238061178375E+018,"6 : 0.08726252, 6 : 0.06391649, 6 : 0.013696367",10
2.04225156341078E+018,"9 : 0.83259475, 9 : 0.07022048, 2 : 0.03059818",10
2.04217209992144E+018,"3 : 0.2868702, 12 : 0.04281985, 7 : 0.025001645",10
2.04156476016375E+018,"9 : 0.2990045, 9 : 0.12682961, 4 : 0.033494852",10
2.04151996404285E+018,"9 : 0.36553764, 2 : 0.06621806, 10 : 0.047721494",10
2.04138191931209E+018,"7 : 0.1530784, 4 : 0.14762755, 7 : 0.07113164",10
2.04067176086499E+018,"2 : 0.7818699, 2 : 0.022216227, 12 : 0.009920709",10
2.04024495217213E+018,"12 : 0.14422642, 2 : 0.1161698, 12 : 0.08733716",10
2.04017122230611E+018,"10 : 0.2651661, 12 : 0.2497961, 11 : 0.03982329",10
2.03953067868501E+018,"7 : 0.91115344, 2 : 0.0059775645, 4 : 0.0019556053",10
2.03952971034594E+018,"5 : 0.20737739, 9 : 0.14126611, 5 : 0.07076631",10
2.03942352935243E+018,"9 : 0.07132941, 12 : 0.06630933, 12 : 0.06301432",10
2.03929235991679E+018,"3 : 0.1176165, 7 : 0.08820156, 7 : 0.05863434",10
2.03918432471336E+018,"5 : 0.5145295, 12 : 0.12626874, 2 : 0.036613755",10
2.03877053488784E+018,"2 : 0.7188697, 3 : 0.10866353, 2 : 0.02227323",10
2.03876947423214E+018,"4 : 0.39605752, 9 : 0.29386777, 9 : 0.09544308",10
2.03876840934052E+018,"9 : 0.13053752, 7 : 0.064542815, 13 : 0.053555634",10
2.03861695648728E+018,"6 : 0.18593158, 2 : 0.18060808, 13 : 0.03437988",10
2.03861591506669E+018,"2 : 0.65370727, 7 : 0.16119076, 2 : 0.021499",10
2.03861207937581E+018,"2 : 0.3463921, 7 : 0.038775653, 13 : 0.014615134",10
2.03843511915692E+018,"2 : 0.08960546, 7 : 0.03536449, 12 : 0.0339486",10
2.03704694555521E+018,"3 : 0.12284544, 12 : 0.08098599, 2 : 0.049082674",10
2.03637918075848E+018,"3 : 0.34976918, 13 : 0.030210402, 2 : 0.025156386",10
2.03590742195336E+018,"13 : 0.6765976, 13 : 0.12392607, 13 : 0.085177526",10
2.03576585921066E+018,"13 : 0.3491045, 13 : 0.18903762, 13 : 0.09980715",10
2.03491777944788E+018,"2 : 0.77452433, 3 : 0.011209981, 2 : 0.005616093",10
2.03446725552131E+018,"9 : 0.8745133, 5 : 0.010524738, 2 : 0.009107273",10
2.03446649293801E+018,"4 : 0.17017967, 9 : 0.15099041, 9 : 0.12724918",10
2.03446560646354E+018,"14 : 0.40917492, 9 : 0.11515983, 10 : 0.042003248",10
2.03446183588496E+018,"1 : 0.5209667, 1 : 0.115986094, 11 : 0.094021104",10
2.03298158999644E+018,"13 : 0.1883206, 4 : 0.077302985, 7 : 0.059567295",10
2.03266638258753E+018,"7 : 0.19227797, 7 : 0.09357038",10
2.03135319520612E+018,"11 : 0.5758916, 1 : 0.17716166, 1 : 0.1081075",10
2.03000502165677E+018,"13 : 0.57450044, 2 : 0.06251968, 3 : 0.04575272",10
2.02864723435836E+018,"13 : 0.1834148, 13 : 0.09403415, 2 : 0.04618683",10
2.02706277828544E+018,"10 : 0.43472683, 5 : 0.19466, 1 : 0.07776755",10
2.02679821109393E+018,"8 : 0.1640856, 13 : 0.068176635, 6 : 0.0552838",10
2.02630767808805E+018,"13 : 0.96045214, 13 : 0.014755062, 13 : 0.001462352",10
2.0254754527932E+018,"13 : 0.53511876, 13 : 0.1405959, 13 : 0.030377591",10
2.02414025163226E+018,"12 : 0.6843399, 2 : 0.054430068, 12 : 0.02942049",10
2.02358111329467E+018,"9 : 0.31072155, 11 : 0.07933402, 8 : 0.033307195",10
2.02273696705919E+018,"3 : 0.32448882, 6 : 0.07412042, 7 : 0.053629294",10
2.02248980799054E+018,"13 : 0.68957454, 9 : 0.031209264, 2 : 0.02844506",10
2.02120764248294E+018,"7 : 0.20175385, 7 : 0.053179044, 7 : 0.044265438",10
2.01978617878981E+018,"11 : 0.43844107, 9 : 0.17595942, 1 : 0.11393171",10
2.01906983497732E+018,"12 : 0.13895166, 12 : 0.13085483, 13 : 0.12683447",10
2.01893712620864E+018,"6 : 0.03399212, 2 : 0.028096946, 2 : 0.015840238",10
2.01849157714767E+018,"8 : 0.26947334, 7 : 0.13133346, 7 : 0.09002907",10
2.0168681950798E+018,"9 : 0.80029035, 2 : 0.02954867, 12 : 0.019513555",10
2.01397597365707E+018,"7 : 0.107622586, 3 : 0.037799012, 2 : 0.03309871",10
2.01371156431355E+018,"13 : 0.24159184, 13 : 0.13714987, 7 : 0.1141697",10
2.01261133118337E+018,"1 : 0.98527944, 11 : 0.0018112697, 13 : 0.001210111",10
2.01169684665445E+018,"7 : 0.8007287, 12 : 0.008515176, 7 : 0.007631867",10
2.01130298945505E+018,"2 : 0.75954586, 4 : 0.010429916, 3 : 0.005986618",10
2.01109150290755E+018,"7 : 0.10217525, 13 : 0.05189783, 13 : 0.024476966",10
2.0104886896421E+018,"8 : 0.31543133, 8 : 0.09460062, 8 : 0.060939893",10
2.00982457890536E+018,"2 : 0.1270066, 9 : 0.045659196, 7 : 0.03430405",10
2.00876374101051E+018,"5 : 0.6359534, 6 : 0.020655561, 6 : 0.010137117",10
2.00386413129547E+018,"6 : 0.34289405, 7 : 0.18061306, 2 : 0.032325856",10
2.00186293444438E+018,"2 : 0.13976698, 12 : 0.11514172, 2 : 0.0839364",10
2.00099713638975E+018,"9 : 0.09972551, 9 : 0.05538668, 9 : 0.034082223",10
1.99954644799281E+018,"9 : 0.11052191, 8 : 0.072135344, 11 : 0.06715708",10
1.99864437508228E+018,"11 : 0.8036039, 1 : 0.05152316, 2 : 0.019452937",10
1.99680897865452E+018,"2 : 0.2714791, 9 : 0.05993515, 9 : 0.028953461",10
1.99534947645915E+018,"13 : 0.3458277, 14 : 0.055771697, 2 : 0.05175282",10
1.99360952707302E+018,"2 : 0.78604364, 2 : 0.03449961, 2 : 0.008315338",10
1.9930236826052E+018,"2 : 0.30057767, 13 : 0.109718286, 13 : 0.10684362",10
1.99247736937539E+018,"12 : 0.12584703, 2 : 0.1066428, 7 : 0.091281645",10
1.99182486925988E+018,"9 : 0.11487762, 8 : 0.05476839, 12 : 0.053808257",10
1.99157533996572E+018,"2 : 0.5623688, 4 : 0.062804356, 9 : 0.045701277",10
1.99138251006001E+018,"6 : 0.19027844, 9 : 0.17294064, 7 : 0.057594158",10
1.98759327648119E+018,"7 : 0.07643786, 4 : 0.049902797, 5 : 0.02783645",10
1.98560523345299E+018,"9 : 0.18685319, 6 : 0.1547953, 2 : 0.10096651",10
1.98438945858614E+018,"9 : 0.4340549, 9 : 0.27525505, 2 : 0.05101549",10
1.98269803280355E+018,"13 : 0.13426453, 9 : 0.100629516, 13 : 0.06880335",10
1.98068251451703E+018,"7 : 0.640596, 13 : 0.01873773, 7 : 0.013888836",10
1.97975718622743E+018,"13 : 0.42671785, 9 : 0.13558704, 2 : 0.08708178",10
1.97726595142243E+018,"9 : 0.6606806, 2 : 0.07035954, 1 : 0.028901903",10
1.97576230077187E+018,"7 : 0.25049227, 12 : 0.09047587, 12 : 0.055305738",10
1.97350090247626E+018,"1 : 0.29730353, 11 : 0.2898606, 1 : 0.100214615",10
1.97143053475626E+018,"7 : 0.15333286, 7 : 0.0365036",10
1.97105393195053E+018,"9 : 0.79466563, 11 : 0.05485081, 2 : 0.051228773",10
1.96712629174027E+018,"7 : 0.14252132, 13 : 0.099928446, 7 : 0.06789375",10
1.96667652507381E+018,"13 : 0.9995591, 13 : 0.00043734288, 13 : 1.9117047e-06",10
1.96469112037105E+018,"13 : 0.08847319, 13 : 0.06465132, 13 : 0.053888895",10
1.96383225493794E+018,"13 : 0.4166685, 7 : 0.037631106, 7 : 0.030423826",10
1.96056309849588E+018,"11 : 0.77167016, 11 : 0.12844805, 1 : 0.024358263",10
1.95728590615282E+018,"12 : 0.58318335, 2 : 0.40388304, 2 : 0.0041150907",10
1.95669607288337E+018,"3 : 0.368298, 2 : 0.07505261, 2 : 0.07379139",10
1.95592257186246E+018,"12 : 0.1632886, 2 : 0.14797816, 13 : 0.022834485",10
1.95382822756293E+018,"7 : 0.17405406, 2 : 0.15577722, 7 : 0.09844911",10
1.953301446613E+018,"2 : 0.15320528, 3 : 0.09763897, 3 : 0.053098757",10
1.95254873306743E+018,"7 : 0.9620035, 7 : 0.011840182, 7 : 0.009397653",10
1.95093099264683E+018,"6 : 0.29539862, 6 : 0.25943986, 6 : 0.19221993",10
1.95002196838189E+018,"2 : 0.2182554, 2 : 0.14690115, 9 : 0.11246225",10
1.94868728425792E+018,"3 : 0.2261401, 2 : 0.06238372, 3 : 0.03620003",10
1.94790004612232E+018,"2 : 0.83480734, 2 : 0.14261481, 14 : 0.006272784",10
1.9458228196757E+018,"2 : 0.21484776, 2 : 0.062199302, 1 : 0.036524847",10
1.94563331751387E+018,"1 : 0.10508879, 10 : 0.08100313, 1 : 0.06798855",10
1.94451379136284E+018,"13 : 0.5327151, 3 : 0.0724602, 2 : 0.06894608",10
1.94229740533241E+018,"11 : 0.27231064, 9 : 0.19650103, 1 : 0.1366976",10
1.94133241527782E+018,"11 : 0.45312446, 1 : 0.36166185, 1 : 0.08658612",10
1.93955813140508E+018,"2 : 0.110129125, 12 : 0.07927044, 12 : 0.04834525",10
1.93859196230505E+018,"6 : 0.49075055, 13 : 0.065899014, 6 : 0.046462417",10
1.93730647037244E+018,"7 : 0.09054874, 13 : 0.16488649",10
1.93714686752539E+018,"11 : 0.43729523, 1 : 0.24820115, 11 : 0.074569605",10
1.93661044323968E+018,"7 : 0.20417982, 13 : 0.13955839",10
1.93550892482193E+018,"2 : 0.18999432, 2 : 0.08018547, 2 : 0.06761531",10
1.9290835014269E+018,"3 : 0.15427306, 7 : 0.13246872, 14 : 0.042486697",10
1.92791299055868E+018,"1 : 0.6430416, 1 : 0.03150925, 1 : 0.02914791",10
1.92688164780296E+018,"1 : 0.23281372, 1 : 0.10606347, 11 : 0.055371694",10
1.92618396768645E+018,"5 : 0.05790868, 7 : 0.042614732, 10 : 0.036163013",10
1.92566444780489E+018,"9 : 0.5684276, 9 : 0.19524333, 2 : 0.028287973",10
1.92493584656654E+018,"6 : 0.78900695, 3 : 0.045713194, 6 : 0.02723989",10
1.92333844239189E+018,"10 : 0.07172429, 6 : 0.048750587, 7 : 0.046591748",10
1.92119893089745E+018,"2 : 0.21718362, 13 : 0.09389305, 13 : 0.0697267",10
1.91707851338075E+018,"7 : 0.34377664, 11 : 0.08163647, 2 : 0.040728528",10
1.91605051322736E+018,"6 : 0.10015575, 6 : 0.076962024, 6 : 0.05548301",10
1.91455134992476E+018,"9 : 0.20834707, 8 : 0.046240836, 9 : 0.043239035",10
1.9119737298588E+018,"7 : 0.62421244, 2 : 0.16295594, 12 : 0.056863572",10
1.90979442409351E+018,"3 : 0.25579017, 6 : 0.057368994, 7 : 0.040070586",10
1.90665968140362E+018,"7 : 0.31786212, 2 : 0.13280606, 4 : 0.0547806",10
1.90545040201259E+018,"4 : 0.7143306, 5 : 0.120108895, 5 : 0.019452512",10
1.90467765846774E+018,"12 : 0.5861327, 2 : 0.4084598, 12 : 0.00036861436",10
1.9045587005577E+018,"11 : 0.36559716, 1 : 0.13578531, 1 : 0.048857477",10
1.90095059692181E+018,"9 : 0.8884665, 7 : 0.028393181, 11 : 0.023425337",10
1.9006899885981E+018,"2 : 0.048018523, 2 : 0.046391215, 2 : 0.043377355",10
1.9002219195571E+018,"1 : 0.578039, 6 : 0.09609488, 1 : 0.017834602",10
1.89720809042872E+018,"2 : 0.46033737, 7 : 0.049992457, 2 : 0.03533589",10
1.89649908941637E+018,"3 : 0.40998244, 13 : 0.11290932, 13 : 0.07320911",10
1.89517032898636E+018,"13 : 0.80065775, 6 : 0.044967987, 2 : 0.017835153",10
1.89210569150326E+018,"2 : 0.5317623, 7 : 0.12410423, 7 : 0.11945732",10
1.89155599935177E+018,"8 : 0.36022156, 2 : 0.10259418, 9 : 0.059141267",10
1.89077717272201E+018,"13 : 0.10717499, 6 : 0.08949594, 7 : 0.06125224",10
1.88847548437208E+018,"13 : 0.60351706, 2 : 0.14599036, 2 : 0.11191312",10
1.88542013263437E+018,"3 : 0.23969178, 1 : 0.18596415, 11 : 0.14464979",10
1.88491309870148E+018,"13 : 0.4077952, 13 : 0.23926884, 13 : 0.078533165",10
1.88368290893488E+018,"9 : 0.18280675, 11 : 0.17144199, 9 : 0.058851127",10
1.88058174910549E+018,"13 : 0.21790372, 13 : 0.16480534, 7 : 0.073147446",10
1.87943145907741E+018,"9 : 0.21381341, 7 : 0.041648872, 12 : 0.039854813",10
1.87868418567185E+018,"7 : 0.31406635, 7 : 0.13042435, 11 : 0.059162702",10
1.87571693850241E+018,"11 : 0.2977253, 11 : 0.10907624, 11 : 0.07105335",10
1.87555460512851E+018,"3 : 0.3360848, 2 : 0.09894237, 2 : 0.056140214",10
1.87487267568037E+018,"3 : 0.13764843, 7 : 0.060392942, 7 : 0.05860827",10
1.874406650271E+018,"2 : 0.6037868, 2 : 0.06121521, 13 : 0.024756614",10
1.87433944269126E+018,"2 : 0.15889743, 6 : 0.110382125, 6 : 0.061132576",10
1.87254231185521E+018,"1 : 0.4677221, 1 : 0.07332924, 9 : 0.053722702",10
1.87112536714745E+018,"11 : 0.6325312, 1 : 0.16419752, 1 : 0.097659074",10
1.86902416899592E+018,"11 : 0.34995133, 1 : 0.1461051, 1 : 0.055590976",10
1.86674898845388E+018,"7 : 0.59264314, 7 : 0.3406033, 2 : 0.025784178",10
1.86597213832474E+018,"5 : 0.20664516, 8 : 0.11809231, 12 : 0.072358005",10
1.86446483902858E+018,"1 : 0.463401, 1 : 0.10219221, 1 : 0.058607228",10
1.86338647359026E+018,"10 : 0.2979406, 1 : 0.1054013, 11 : 0.09440338",10
2.20300807976159E+018,"3 : 0.5794198, 7 : 0.1097802, 2 : 0.016663745",10
2.19886458405873E+018,"10 : 0.062451735, 2 : 0.04628437, 13 : 0.037666015",10
2.1939203384533E+018,"3 : 0.70114315, 7 : 0.020080924, 7 : 0.009018581",10
2.19169547540775E+018,"3 : 0.98667616, 7 : 0.0014129109, 7 : 0.00082286034",10
2.1916886723305E+018,"3 : 0.9975147, 7 : 0.00245474, 2 : 1.1232586e-05",10
2.1837387637657E+018,"7 : 0.5366291, 3 : 0.3294691, 7 : 0.024303703",10
2.18223748778578E+018,"3 : 0.9283553, 7 : 0.0077033076, 2 : 0.004971841",10
2.18223535468859E+018,"3 : 0.7843369, 6 : 0.02365445, 10 : 0.021829242",10
2.17794789955032E+018,"3 : 0.87386733, 7 : 0.032726783, 7 : 0.0075241635",10
2.17401227770605E+018,"7 : 0.4781898, 3 : 0.35739663, 7 : 0.05039355",10
2.17278196669117E+018,"3 : 0.9791333, 7 : 0.0030843664, 7 : 0.0012290977",10
2.1725678414994E+018,"3 : 0.89433485, 7 : 0.05683079, 7 : 0.0016067435",10
2.16712399189285E+018,"3 : 0.46132794, 4 : 0.0993343, 7 : 0.074312784",10
2.15830114778451E+018,"3 : 0.44817612, 13 : 0.13471884, 7 : 0.07715029",10
2.15302534346279E+018,"3 : 0.9649082, 7 : 0.018319733, 7 : 0.003622129",10
2.14158980878964E+018,"3 : 0.87667185, 10 : 0.0075420258, 2 : 0.006535825",10
2.14100863709374E+018,"3 : 0.32454267, 7 : 0.061985526, 2 : 0.033971824",10
2.12727529311362E+018,"7 : 0.04145198, 7 : 0.03926163, 4 : 0.019703167",10
2.11775492313015E+018,"3 : 0.959338, 7 : 0.006238148, 7 : 0.003907052",10
2.116356450011E+018,"3 : 0.4446745, 7 : 0.12648511, 6 : 0.02189656",10
2.09216802409325E+018,"3 : 0.969687, 7 : 0.0020754177, 2 : 0.0018448534",10
2.08797876525368E+018,"3 : 0.8831296, 7 : 0.046615504, 7 : 0.013085672",10
2.08713629915572E+018,"7 : 0.36707926, 7 : 0.10625741, 3 : 0.06947619",10
2.08511079586737E+018,"7 : 0.20880981, 6 : 0.113532044, 2 : 0.022990808",10
2.08429743269432E+018,"3 : 0.87333626, 7 : 0.0059940456, 14 : 0.0054640938",10
2.04587118228845E+018,"3 : 0.9821792, 7 : 0.0104286345, 2 : 0.00044819774",10
2.045343481618E+018,"3 : 0.8629177, 7 : 0.10454711, 7 : 0.0057657766",10
2.03136604250016E+018,"3 : 0.87854284, 7 : 0.064939454, 4 : 0.008548012",10
2.02537008947757E+018,"3 : 0.98751336, 7 : 0.0009652882, 7 : 0.00088326924",10
2.02486683930107E+018,"3 : 0.4605992, 7 : 0.018758072, 6 : 0.015222139",10
2.02486130518567E+018,"2 : 0.55820036, 2 : 0.34062606, 7 : 0.018203566",10
2.0196684604807E+018,"7 : 0.65441585, 3 : 0.2767915, 7 : 0.011516323",10
2.0196099944835E+018,"3 : 0.8779254, 7 : 0.027312042, 4 : 0.02355129",10
2.01892702375883E+018,"12 : 0.20449968, 12 : 0.07188359, 13 : 0.07119364",10
2.01329641271011E+018,"7 : 0.29253927, 14 : 0.042266738, 2 : 0.039803557",10
2.0102474629542E+018,"3 : 0.9924455, 7 : 0.001317303, 7 : 0.0003274013",10
1.98729963406338E+018,"3 : 0.9829077, 7 : 0.0017069585, 2 : 0.00060068443",10
1.98335197547926E+018,"3 : 0.9980933, 7 : 0.00032620213, 7 : 0.000120691686",10
1.98046117342608E+018,"3 : 0.9599763, 12 : 0.005859971, 12 : 0.0036203498",10
1.97936251387092E+018,"3 : 0.86643624, 7 : 0.009147751, 7 : 0.0064863437",10
1.97933931333023E+018,"3 : 0.99407494, 7 : 0.0014455823, 7 : 0.0002526015",10
1.96883878619244E+018,"7 : 0.2102536, 3 : 0.20857005, 4 : 0.034358524",10
1.95378267923362E+018,"3 : 0.7151338, 7 : 0.012390506, 7 : 0.012042049",10
1.94533179705993E+018,"3 : 0.60516995, 4 : 0.08503027, 7 : 0.039047282",10
2.20403891913217E+018,"3 : 0.8680643, 7 : 0.028649112, 7 : 0.009818368",10
2.20658211334299E+018,"2 : 0.20320122, 2 : 0.17527802, 2 : 0.051997315",10
2.20325758573699E+018,"11 : 0.54529303, 2 : 0.106122196, 1 : 0.09250314",10
2.20242393769343E+018,"1 : 0.14109997, 1 : 0.1187615, 1 : 0.0722084",10
2.19641514666075E+018,"6 : 0.13540287, 1 : 0.10325506, 1 : 0.08846473",10
2.19207576514165E+018,"2 : 0.58262897, 11 : 0.18011312, 11 : 0.05206666",10
2.1909886511319E+018,"7 : 0.55313796, 7 : 0.1508871, 7 : 0.026226811",10
2.18956664630488E+018,"2 : 0.6623251, 7 : 0.05271331, 2 : 0.04371325",10
2.18792693456079E+018,"3 : 0.32665867, 13 : 0.16952518, 7 : 0.038983967",10
2.18726069239932E+018,"11 : 0.339739, 1 : 0.14525649, 7 : 0.12014644",10
2.1859799277746E+018,"4 : 0.5933724, 13 : 0.0990843, 9 : 0.09847171",10
2.18352273462881E+018,"7 : 0.71579725, 7 : 0.040312756, 14 : 0.030098477",10
2.18076791533524E+018,"11 : 0.52448946, 1 : 0.13650493, 1 : 0.109551765",10
2.17771907832472E+018,"7 : 0.1905911, 14 : 0.108031385, 6 : 0.0734735",10
2.17639221269541E+018,"7 : 0.57431644, 7 : 0.081770964, 7 : 0.03803274",10
2.17576598809298E+018,"7 : 0.45603502, 7 : 0.053597968, 11 : 0.026743557",10
2.17062919608172E+018,"6 : 0.23937476, 2 : 0.08179709, 9 : 0.061750986",10
2.1691403893919E+018,"9 : 0.07059788, 12 : 0.037440475, 11 : 0.021251898",10
2.16770570877528E+018,"1 : 0.14019017, 3 : 0.07639593, 7 : 0.05307239",10
2.16704274837579E+018,"2 : 0.7142077, 11 : 0.05809655, 11 : 0.052275904",10
2.16601312619381E+018,"2 : 0.40758753, 11 : 0.2204508, 11 : 0.07121993",10
2.16511019481539E+018,"11 : 0.31253487, 11 : 0.24611095, 2 : 0.07139062",10
2.16119912983388E+018,"11 : 0.8345426, 1 : 0.037137996, 11 : 0.026487382",10
2.16047954648334E+018,"3 : 0.40466806, 7 : 0.06853131, 7 : 0.064972155",10
2.15975695710006E+018,"1 : 0.20360553, 11 : 0.19944678, 2 : 0.14529046",10
2.15900455029935E+018,"2 : 0.6444667, 7 : 0.031775564, 11 : 0.028831502",10
2.15760371211412E+018,"5 : 0.13031808, 7 : 0.031968348, 2 : 0.030491335",10
2.15678597871142E+018,"11 : 0.9263404, 1 : 0.0102549, 1 : 0.004697877",10
2.155342971042E+018,"2 : 0.33952987, 7 : 0.06691598, 14 : 0.059637416",10
2.15316479957483E+018,"7 : 0.19175574, 7 : 0.116927035, 7 : 0.06441342",10
2.15247060584811E+018,"11 : 0.2480235, 2 : 0.20355748, 1 : 0.08663862",10
2.15021462278818E+018,"7 : 0.33247197, 14 : 0.13486126, 7 : 0.0835561",10
2.14857792418024E+018,"11 : 0.51178634, 1 : 0.3902037, 8 : 0.012477673",10
2.14786784434236E+018,"1 : 0.23534851, 1 : 0.14265926, 9 : 0.03708296",10
2.14376553669642E+018,"11 : 0.18817821, 1 : 0.16221435, 11 : 0.15578651",10
2.14277280835116E+018,"11 : 0.13407162, 1 : 0.13389516, 7 : 0.118395224",10
2.14249350668656E+018,"11 : 0.5023577, 11 : 0.20961507, 1 : 0.07222818",10
2.14232907409637E+018,"7 : 0.19896619, 2 : 0.13896538, 2 : 0.11924358",10
2.14075436630578E+018,"11 : 0.9366026, 1 : 0.020814938, 11 : 0.018737402",10
2.13988961809391E+018,"11 : 0.88935125, 1 : 0.021737127, 2 : 0.01757404",10
2.13730862537974E+018,"7 : 0.15194991, 13 : 0.087215066, 13 : 0.06615666",10
2.13664986579352E+018,"7 : 0.1330159, 3 : 0.07621612, 4 : 0.047735598",10
2.13658873629565E+018,"7 : 0.20419833, 3 : 0.18196432, 2 : 0.06726198",10
2.13624180349434E+018,"11 : 0.5599833, 11 : 0.1650698, 1 : 0.04434907",10
2.13516089215171E+018,"3 : 0.30843133, 3 : 0.09190398, 3 : 0.050900463",10
2.13282888323874E+018,"13 : 0.295346, 6 : 0.06516309, 7 : 0.048874065",10
2.13053929855898E+018,"1 : 0.4595741, 11 : 0.34379372, 4 : 0.04018148",10
2.12792228302995E+018,"13 : 0.99330646, 13 : 0.0004290578, 10 : 0.0002992876",10
2.12762659358209E+018,"11 : 0.64893806, 1 : 0.14792302, 8 : 0.114075825",10
2.12208251571292E+018,"7 : 0.73358285, 7 : 0.042687222, 2 : 0.022968648",10
2.11691324669593E+018,"7 : 0.25849658, 1 : 0.12631549",10
2.11670376197099E+018,"2 : 0.7732251, 11 : 0.07267128, 11 : 0.03960364",10
2.11463212700289E+018,"11 : 0.4608713, 1 : 0.17096001, 11 : 0.081980035",10
2.09947253514714E+018,"4 : 0.84627664, 5 : 0.016605113, 2 : 0.00592237",10
2.09752192793451E+018,"2 : 0.22137287, 1 : 0.1518407, 2 : 0.14620388",10
2.09575330428298E+018,"13 : 0.24155544, 13 : 0.14739193, 13 : 0.049625468",10
2.09455664734821E+018,"13 : 0.77555907, 8 : 0.035969604, 13 : 0.009194555",10
2.09148246455123E+018,"7 : 0.5801334, 7 : 0.028707169, 2 : 0.021234082",10
2.08631687760466E+018,"10 : 0.10095357, 14 : 0.05791833, 7 : 0.051653314",10
2.08581112969667E+018,"7 : 0.23580009, 7 : 0.20127977, 7 : 0.1115838",10
2.07844682280001E+018,"7 : 0.42240298, 6 : 0.051326174, 13 : 0.028692367",10
2.06965945628726E+018,"2 : 0.5709377, 11 : 0.14884429, 11 : 0.10874518",10
2.06619518030355E+018,"3 : 0.6365437, 3 : 0.028204355, 3 : 0.021974562",10
2.06374498982508E+018,"11 : 0.5662429, 9 : 0.060013108, 1 : 0.042613417",10
2.06104582119515E+018,"2 : 0.08116035, 7 : 0.071595795, 2 : 0.058874477",10
2.06034033512662E+018,"7 : 0.101708144, 13 : 0.045061816, 2 : 0.038805597",10
2.05941089562236E+018,"7 : 0.20907906, 14 : 0.08290339, 2 : 0.06425751",10
2.05887559165189E+018,"8 : 0.17025696, 2 : 0.15293388, 10 : 0.0510486",10
2.05825202956731E+018,"11 : 0.36371785, 11 : 0.19256671, 1 : 0.1586602",10
2.05602076323802E+018,"1 : 0.58130443, 11 : 0.24327356, 11 : 0.06652807",10
2.05549297715494E+018,"11 : 0.6804604, 1 : 0.17694342, 2 : 0.014129631",10
2.05363746671597E+018,"9 : 0.3538655, 11 : 0.18370542, 1 : 0.14614546",10
2.05255275521985E+018,"8 : 0.15642667, 2 : 0.107894264, 7 : 0.09126658",10
2.0485541758743E+018,"13 : 0.87260693, 2 : 0.009470365, 11 : 0.0034639796",10
2.04513811912621E+018,"3 : 0.19067621, 6 : 0.07336176, 6 : 0.06634844",10
2.04282334452208E+018,"2 : 0.913545, 2 : 0.012229339, 7 : 0.002311056",10
2.04149391768954E+018,"11 : 0.98162824, 1 : 0.010358617, 2 : 0.00094495213",10
2.03916904587941E+018,"7 : 0.7911438, 2 : 0.07106943, 13 : 0.026796727",10
2.03844790683626E+018,"13 : 0.38877422, 13 : 0.07032702, 11 : 0.067871705",10
2.03548651233941E+018,"2 : 0.28833053, 11 : 0.19895262, 11 : 0.12246453",10
2.03504990303486E+018,"11 : 0.9923719, 1 : 0.0013185645, 12 : 0.00058903394",10
2.0343427150611E+018,"7 : 0.5326069, 7 : 0.03260179, 7 : 0.03164687",10
2.0315680969465E+018,"10 : 0.41404524, 2 : 0.037796788, 4 : 0.033334605",10
2.03063904626246E+018,"1 : 0.51461095, 13 : 0.17508364, 8 : 0.035868905",10
2.03041645337654E+018,"11 : 0.464068, 11 : 0.2135797, 1 : 0.031267658",10
2.02695658379132E+018,"4 : 0.11730542, 12 : 0.073125504, 13 : 0.07065798",10
2.02676243589482E+018,"9 : 0.23998784, 9 : 0.05632531, 4 : 0.046709124",10
2.02675615692104E+018,"11 : 0.42318916, 2 : 0.2811959, 11 : 0.19545734",10
2.02470538432684E+018,"10 : 0.34758785, 7 : 0.14941743, 7 : 0.10218982",10
2.02389505620069E+018,"2 : 0.29089606, 1 : 0.19696522, 11 : 0.07174523",10
2.02131805163862E+018,"11 : 0.8615936, 1 : 0.04269872, 2 : 0.031384457",10
2.02125170190417E+018,"7 : 0.7059292, 7 : 0.24488826, 1 : 0.005476382",10
2.02065717620669E+018,"4 : 0.08944144, 1 : 0.055211026, 1 : 0.055063188",10
2.01923517227667E+018,"1 : 0.6052554, 11 : 0.16015938, 2 : 0.041646443",10
2.01827410174718E+018,"2 : 0.17364992, 12 : 0.08859402, 2 : 0.052522693",10
2.01613825813993E+018,"11 : 0.11793101, 11 : 0.09304304, 9 : 0.078093104",10
2.01522801503566E+018,"13 : 0.4951988, 12 : 0.2562336, 10 : 0.08813895",10
2.01304775447048E+018,"9 : 0.5293322, 9 : 0.14440347, 9 : 0.11015688",10
2.00957232544518E+018,"10 : 0.2306664, 7 : 0.09475052, 4 : 0.064669505",10
2.00901927749697E+018,"4 : 0.79648834, 11 : 0.07517595, 2 : 0.067362614",10
2.00761212239481E+018,"13 : 0.10503328, 11 : 0.08787579, 11 : 0.07187993",10
2.00535586411158E+018,"7 : 0.45565927, 7 : 0.07546531, 7 : 0.05866405",10
2.00146159477453E+018,"14 : 0.6993119, 7 : 0.13085534, 2 : 0.012299031",10
1.9978331885769E+018,"11 : 0.35230383, 2 : 0.24631777, 1 : 0.10752748",10
1.99588981913103E+018,"14 : 0.2930134, 6 : 0.1761306, 7 : 0.16374004",10
1.99309445963076E+018,"11 : 0.9659579, 1 : 0.006014038, 2 : 0.0043619922",10
1.99282864021981E+018,"1 : 0.8161956, 11 : 0.11251243, 11 : 0.0095818145",10
1.98938420663276E+018,"7 : 0.35860088, 3 : 0.121788435, 13 : 0.05639007",10
1.98863082185443E+018,"2 : 0.30153075, 1 : 0.29258618, 1 : 0.07094324",10
1.98746634544988E+018,"9 : 0.23997252, 2 : 0.06279774, 7 : 0.062687315",10
1.9847301350994E+018,"2 : 0.35357153, 11 : 0.11267088, 9 : 0.106796704",10
1.98255106902177E+018,"12 : 0.74971515, 3 : 0.08011018, 13 : 0.04532929",10
1.98071941337809E+018,"13 : 0.43491277, 13 : 0.091531955, 13 : 0.012301278",10
1.97976722004931E+018,"13 : 0.22372872, 3 : 0.18625222, 2 : 0.11070696",10
1.97929972183495E+018,"2 : 0.52532166, 4 : 0.048718862, 7 : 0.009257179",10
1.97847425372574E+018,"13 : 0.882895, 13 : 0.079698466, 2 : 0.0013823885",10
1.97719307119625E+018,"1 : 0.61544186, 11 : 0.026024392, 2 : 0.02276895",10
1.97697017649542E+018,"4 : 0.87779367, 1 : 0.04457506, 13 : 0.020025712",10
1.97539699476857E+018,"11 : 0.403211, 1 : 0.15153001, 2 : 0.10662876",10
1.97360634926044E+018,"11 : 0.5540037, 1 : 0.12216931, 2 : 0.062621765",10
1.97199947654338E+018,"8 : 0.24733046, 13 : 0.04911249, 13 : 0.034978334",10
1.97045806349652E+018,"11 : 0.26095778, 2 : 0.2073243, 11 : 0.19654526",10
1.97029871354921E+018,"11 : 0.35275793, 2 : 0.19466452, 11 : 0.13021131",10
1.96986283710898E+018,"1 : 0.7964749, 11 : 0.10051644, 2 : 0.02238659",10
1.96902126566263E+018,"9 : 0.098317936, 1 : 0.07693526, 2 : 0.03998395",10
1.96783566864809E+018,"9 : 0.25344428, 11 : 0.13214822, 11 : 0.06718764",10
1.96549902912755E+018,"11 : 0.34007567, 2 : 0.1466068, 1 : 0.11996131",10
1.96262724713727E+018,"9 : 0.09964173, 2 : 0.07569684, 7 : 0.0422873",10
1.95756163968762E+018,"9 : 0.453487, 4 : 0.099743314, 13 : 0.06297043",10
1.95445307484036E+018,"11 : 0.96881807, 1 : 0.009862322, 2 : 0.002336425",10
1.94416947094918E+018,"7 : 0.6873346, 1 : 0.077559374, 1 : 0.035935737",10
1.93702623918965E+018,"10 : 0.6236954, 13 : 0.34830904, 12 : 0.0059281094",10
1.91688218806046E+018,"2 : 0.716347, 8 : 0.028013518, 3 : 0.014253822",10
1.91492531485964E+018,"3 : 0.16687469, 2 : 0.16079764, 7 : 0.118087016",10
1.91380864930707E+018,"1 : 0.6958851, 11 : 0.12959908, 8 : 0.024466474",10
1.91323282279181E+018,"11 : 0.42011452, 9 : 0.18710677, 2 : 0.15875919",10
1.91313778610272E+018,"2 : 0.47320023, 11 : 0.046071492, 1 : 0.02052584",10
1.91298568089439E+018,"13 : 0.138636, 2 : 0.10416423, 1 : 0.045603234",10
1.91109019473005E+018,"14 : 0.33043027, 6 : 0.14290354, 7 : 0.10141126",10
1.9093813898057E+018,"3 : 0.4691811, 2 : 0.11904922, 2 : 0.03460884",10
1.9075425567851E+018,"7 : 0.6622345, 4 : 0.18844815, 7 : 0.011540556",10
1.90674427345981E+018,"7 : 0.6327408, 7 : 0.14905046, 14 : 0.015856877",10
1.90607073740146E+018,"4 : 0.2835946, 7 : 0.1447814, 7 : 0.09779326",10
1.90433407469748E+018,"9 : 0.69441295, 2 : 0.21917312, 9 : 0.02579763",10
1.90374368151538E+018,"11 : 0.9941275, 1 : 0.0009997236, 11 : 0.00039395425",10
1.89896315975274E+018,"1 : 0.21506701, 1 : 0.18089676, 2 : 0.07371446",10
1.89785502671455E+018,"14 : 0.8568652, 7 : 0.06532515, 13 : 0.004836593",10
1.89723429030048E+018,"2 : 0.16169673, 3 : 0.12769295, 2 : 0.04308199",10
1.89658396187901E+018,"9 : 0.6408856, 9 : 0.116544485, 2 : 0.06926352",10
1.88988872088087E+018,"12 : 0.22727585, 2 : 0.080151886, 7 : 0.059511557",10
1.88773979163923E+018,"2 : 0.6815442, 13 : 0.041610636, 7 : 0.027503109",10
1.88617829793601E+018,"2 : 0.8608265, 2 : 0.010653932, 3 : 0.0015005972",10
1.88107157376819E+018,"11 : 0.8805888, 1 : 0.025438651, 2 : 0.010197099",10
1.87845510118293E+018,"13 : 0.55966544, 13 : 0.14992443, 13 : 0.053299166",10
1.87603960880705E+018,"12 : 0.8039657, 9 : 0.14640632, 3 : 0.008861825",10
1.87171442729758E+018,"11 : 0.9373297, 1 : 0.027014937, 2 : 0.007471839",10
1.86387099669266E+018,"11 : 0.23542333, 1 : 0.13613847, 11 : 0.12499518",10
1.86306530477603E+018,"11 : 0.9369607, 1 : 0.022778971, 2 : 0.016779486",10
1.86093634604483E+018,"11 : 0.73660076, 2 : 0.13362963, 1 : 0.019977573",10
1.85332212833241E+018,"2 : 0.6955311, 11 : 0.06898664, 1 : 0.06435043",10
1.8423407296936E+018,"1 : 0.4362487, 11 : 0.087050684, 1 : 0.064646505",10
1.8326927500905E+018,"4 : 0.5423241, 1 : 0.06920318, 13 : 0.027869355",10
1.82982618313746E+018,"9 : 0.11320867, 2 : 0.056203943, 13 : 0.041751888",10
1.82628900868912E+018,"2 : 0.09202228, 9 : 0.052820493, 9 : 0.048544824",10
1.82394610696344E+018,"2 : 0.69836116, 11 : 0.16447651, 11 : 0.034298554",10
1.82178507016085E+018,"14 : 0.066308595, 3 : 0.06143978, 7 : 0.03916272",10
1.82127175227024E+018,"7 : 0.4974132, 7 : 0.28006762, 7 : 0.031441633",10
1.82038814500093E+018,"7 : 0.77086395, 2 : 0.19812515, 12 : 0.0049834885",10
1.81956981481419E+018,"2 : 0.03815751, 10 : 0.0354381, 6 : 0.03285372",10
1.81820102726066E+018,"11 : 0.11258989, 9 : 0.089724176, 2 : 0.086508",10
1.81750919695624E+018,"7 : 0.23128207, 7 : 0.15732941, 11 : 0.10955645",10
1.81743875069346E+018,"7 : 0.14536074, 3 : 0.06757459, 13 : 0.056501593",10
1.81742919280597E+018,"12 : 0.28027064, 12 : 0.08074142, 12 : 0.03209213",10
1.81673238854421E+018,"2 : 0.9022919, 11 : 0.0123297805, 11 : 0.0042618075",10
1.81663774830032E+018,"11 : 0.9820172, 2 : 0.0049948646, 11 : 0.001416516",10
1.81030033158027E+018,"1 : 0.63093823, 11 : 0.14782229, 1 : 0.033653293",10
1.80499027487766E+018,"7 : 0.40593126, 3 : 0.29112825, 7 : 0.023517001",10
1.80154224634076E+018,"11 : 0.977966, 2 : 0.0060854335, 1 : 0.003142412",10
1.79654812483236E+018,"11 : 0.5486309, 1 : 0.27778137, 1 : 0.040588155",10
1.78926867949651E+018,"12 : 0.26376343, 2 : 0.14842156, 12 : 0.09301568",10
1.78923180662339E+018,"12 : 0.54120135, 7 : 0.16314484, 3 : 0.060030174",10
1.78706079123367E+018,"10 : 0.19372647, 13 : 0.047901325, 4 : 0.041124474",10
1.77898715289199E+018,"3 : 0.39187604, 13 : 0.113268636, 12 : 0.08897749",10
1.77552502457503E+018,"13 : 0.1804612, 11 : 0.12913743, 3 : 0.050983377",10
1.76785745590283E+018,"13 : 0.88157654, 3 : 0.0068114703, 9 : 0.004872353",10
1.76611007257571E+018,"4 : 0.5873262, 9 : 0.17521727, 13 : 0.055059183",10
1.7623869159259E+018,"2 : 0.20977394, 2 : 0.14906542, 13 : 0.071875736",10
1.76115518940841E+018,"11 : 0.49931347, 1 : 0.25416425, 8 : 0.010921215",10
1.76089890341662E+018,"11 : 0.6504075, 1 : 0.19262145, 2 : 0.04995815",10
1.75586029916792E+018,"2 : 0.3552503, 11 : 0.28370982, 11 : 0.26809257",10
1.75459179926593E+018,"11 : 0.4241819, 11 : 0.18368618, 1 : 0.09192599",10
1.7531183152805E+018,"1 : 0.9805416, 12 : 0.0066691064, 2 : 0.003282812",10
1.75168527092199E+018,"1 : 0.98122, 12 : 0.005295208, 2 : 0.003851084",10
1.75095490625488E+018,"1 : 0.23764877, 1 : 0.14079237, 11 : 0.098265246",10
1.75070045842587E+018,"11 : 0.9544037, 2 : 0.010918879, 11 : 0.004163161",10
1.75000236689722E+018,"2 : 0.11754875, 13 : 0.11342966, 7 : 0.095863305",10
1.74891459881935E+018,"3 : 0.22854468, 9 : 0.05396762, 3 : 0.040892262",10
1.74727726787832E+018,"11 : 0.32309064, 11 : 0.15484624, 1 : 0.09099764",10
1.74662269114969E+018,"11 : 0.5573192, 1 : 0.12531696, 11 : 0.10387179",10
1.74601824306127E+018,"6 : 0.30527702, 7 : 0.19764574, 7 : 0.084918626",10
1.74584473348783E+018,"2 : 0.8913305, 11 : 0.02906594, 11 : 0.006261943",10
1.74499196340242E+018,"2 : 0.15588424, 1 : 0.13394304, 2 : 0.07569286",10
1.7444411906142E+018,"11 : 0.7264731, 2 : 0.12732199, 1 : 0.037765995",10
1.74424538932836E+018,"2 : 0.2895084, 11 : 0.17744327, 11 : 0.1660113",10
1.74363644718052E+018,"9 : 0.3280389, 9 : 0.18457663, 13 : 0.1345325",10
1.7430552065029E+018,"7 : 0.54937917, 13 : 0.019751307, 13 : 0.0119256545",10
1.74272859051537E+018,"5 : 0.39451474, 10 : 0.10529733, 5 : 0.10162004",10
1.74247476689046E+018,"9 : 0.27107888, 11 : 0.20647232, 2 : 0.179412",10
1.74223696058989E+018,"4 : 0.8313569, 2 : 0.109190054, 2 : 0.009796216",10
1.74197566069371E+018,"1 : 0.46619838, 11 : 0.10471702, 2 : 0.035891894",10
1.74159634500364E+018,"1 : 0.37200323, 8 : 0.19075604, 11 : 0.106854275",10
1.74134605386292E+018,"7 : 0.10757597, 7 : 0.10707704, 7 : 0.09744935",10
1.74079925478267E+018,"11 : 0.9481042, 2 : 0.01080716, 11 : 0.0092832325",10
1.740655410329E+018,"11 : 0.76657575, 2 : 0.09429092, 1 : 0.06877313",10
1.74021759921363E+018,"2 : 0.199202, 4 : 0.0744009, 10 : 0.06853521",10
1.74017111633516E+018,"2 : 0.615789, 1 : 0.13963288, 11 : 0.083897024",10
1.74011299334068E+018,"13 : 0.73766536, 7 : 0.046157274, 7 : 0.04079597",10
1.74007896911139E+018,"11 : 0.68172526, 2 : 0.108582415, 1 : 0.020733291",10
1.74000648389737E+018,"9 : 0.9585215, 2 : 0.012009666, 2 : 0.0062383367",10
1.73988561574055E+018,"5 : 0.6071123, 7 : 0.07031613, 14 : 0.04834656",10
1.7397674371232E+018,"1 : 0.75013155, 11 : 0.033674072, 8 : 0.019271394",10
1.73940004247471E+018,"1 : 0.8397559, 11 : 0.04525061, 11 : 0.032293078",10
1.73872059367284E+018,"2 : 0.51953566, 11 : 0.16303954, 11 : 0.04422151",10
1.73846039302807E+018,"2 : 0.045325767, 3 : 0.030156808, 5 : 0.017735148",10
1.73792105662873E+018,"1 : 0.7773094, 11 : 0.1004333, 2 : 0.015917359",10
1.73724796873162E+018,"1 : 0.5104853, 11 : 0.19570394, 11 : 0.06340067",10
1.73701834312026E+018,"13 : 0.07551845, 7 : 0.07302191, 2 : 0.04199801",10
1.73641445072099E+018,"11 : 0.96582866, 11 : 0.014482995, 1 : 0.003228408",10
1.73634450148293E+018,"11 : 0.32340324, 1 : 0.2799991, 2 : 0.25691098",10
1.73563693502146E+018,"13 : 0.10720647, 13 : 0.06268586, 13 : 0.06216729",10
1.73488556327589E+018,"8 : 0.7368525, 7 : 0.09582817, 7 : 0.03931604",10
1.73475230110292E+018,"4 : 0.37357432, 7 : 0.20947088, 10 : 0.062842645",10
1.73371169251028E+018,"1 : 0.4555173, 2 : 0.10484178, 9 : 0.06019969",10
1.73366210853872E+018,"7 : 0.33668414, 11 : 0.22423925, 7 : 0.099147975",10
1.73352097275269E+018,"2 : 0.31563237, 11 : 0.16011542, 11 : 0.1421682",10
1.73289683905081E+018,"4 : 0.17505158, 2 : 0.081658125, 7 : 0.067512795",10
1.73153552231457E+018,"3 : 0.3624996, 2 : 0.0687943, 7 : 0.033499844",10
1.73116342891326E+018,"2 : 0.42308334, 11 : 0.17854047, 11 : 0.15468611",10
1.73043685457204E+018,"11 : 0.86628413, 1 : 0.09689767, 8 : 0.0022142392",10
1.72984862350277E+018,"2 : 0.280924, 11 : 0.16895868, 11 : 0.13550988",10
1.72840340670143E+018,"11 : 0.28672805, 1 : 0.17421556, 1 : 0.14765824",10
1.72780448982114E+018,"11 : 0.39208072, 2 : 0.22385535, 11 : 0.13070148",10
1.72770945140393E+018,"8 : 0.4962594, 11 : 0.08443633, 2 : 0.023016518",10
1.72641651401257E+018,"11 : 0.4679056, 1 : 0.21725367, 11 : 0.113031134",10
1.7257199040716E+018,"7 : 0.091930375, 12 : 0.05934568, 13 : 0.044287413",10
1.72563416828814E+018,"1 : 0.47510824, 2 : 0.260019, 11 : 0.06620475",10
1.72554034736895E+018,"2 : 0.26716235, 11 : 0.1084019, 11 : 0.08874847",10
1.72536248592914E+018,"7 : 0.11902571, 2 : 0.10060812, 13 : 0.08978275",10
1.72489707526233E+018,"11 : 0.67525274, 11 : 0.13517173, 1 : 0.041932393",10
1.72280638371362E+018,"1 : 0.2692339, 1 : 0.22085401, 11 : 0.08747826",10
1.72261773993318E+018,"2 : 0.86301196, 11 : 0.056717034, 11 : 0.0062526395",10
1.72139623849278E+018,"11 : 0.52087516, 2 : 0.09658612, 2 : 0.057938028",10
1.72105969378032E+018,"11 : 0.777909, 8 : 0.045059133, 1 : 0.022422576",10
1.72000914196224E+018,"2 : 0.6692787, 3 : 0.02190191, 2 : 0.013541344",10
1.71960153802217E+018,"7 : 0.3132981, 12 : 0.30097017, 2 : 0.20586585",10
1.7190247756886E+018,"2 : 0.47545186, 1 : 0.17468776, 11 : 0.045576826",10
1.71824618131587E+018,"11 : 0.9263667, 1 : 0.05162381, 11 : 0.006115023",10
1.71766228944781E+018,"2 : 0.6628138, 11 : 0.09221154, 11 : 0.06520476",10
1.71617648925661E+018,"2 : 0.18217228, 1 : 0.1682433, 11 : 0.0739645",10
1.71612979599929E+018,"11 : 0.3622536, 11 : 0.12008713, 1 : 0.09327077",10
1.71600676932029E+018,"2 : 0.6978717, 11 : 0.07249558, 11 : 0.058378074",10
1.71530779507699E+018,"1 : 0.4201767, 11 : 0.18551871, 8 : 0.07769108",10
1.71457182530216E+018,"11 : 0.5284596, 1 : 0.0656053, 11 : 0.059202082",10
1.71108386057578E+018,"11 : 0.96199644, 11 : 0.018647552, 1 : 0.0050731758",10
1.71090954071273E+018,"2 : 0.7489778, 13 : 0.07025455, 2 : 0.067422725",10
1.70578392639916E+018,"2 : 0.71420443, 11 : 0.21435453, 11 : 0.0064060506",10
1.70154353330584E+018,"1 : 0.5923338, 11 : 0.18944523, 1 : 0.02653189",10
1.69516331492008E+018,"11 : 0.38816583, 11 : 0.24797603, 1 : 0.106772386",10
1.68575640985934E+018,"1 : 0.3058177, 8 : 0.12278735, 11 : 0.10543523",10
1.6752842152632E+018,"13 : 0.9802304, 1 : 0.0005495624, 2 : 0.00048748066",10
1.67357647498621E+018,"11 : 0.43365893, 2 : 0.115568176, 11 : 0.09206371",10
1.66775941968321E+018,"7 : 0.32580408, 13 : 0.1042661, 7 : 0.088695094",10
1.66512818868596E+018,"1 : 0.5969487, 11 : 0.13144925, 11 : 0.05813574",10
1.66439989800901E+018,"2 : 0.6740549, 13 : 0.05240654, 7 : 0.030072263",10
1.66163018274504E+018,"11 : 0.7331995, 2 : 0.111907944, 1 : 0.04400439",10
1.65718226518707E+018,"11 : 0.96110356, 1 : 0.012512012, 9 : 0.004148868",10
1.654349795594E+018,"2 : 0.3402935, 7 : 0.10409267, 12 : 0.068784654",10
1.65228714229791E+018,"3 : 0.15580235, 6 : 0.14894366, 7 : 0.13905509",10
1.65068441769721E+018,"11 : 0.7257936, 1 : 0.20014106, 11 : 0.010778564",10
1.64952928459819E+018,"7 : 0.37071767, 14 : 0.23555881, 8 : 0.09777739",10
1.64871772388596E+018,"7 : 0.40924913, 3 : 0.064860955, 7 : 0.03229115",10
1.64853585261348E+018,"7 : 0.39728713, 6 : 0.06382529, 7 : 0.030328605",10
1.64800470161795E+018,"3 : 0.31464815, 3 : 0.2827946, 2 : 0.13241744",10
1.63322707065787E+018,"11 : 0.9462883, 1 : 0.008561657, 2 : 0.0065603065",10
1.63140917770655E+018,"12 : 0.9764532, 4 : 0.008693666, 9 : 0.0014923576",10
1.62348824994649E+018,"11 : 0.71753085, 2 : 0.067601554, 1 : 0.049128182",10
1.62054727166901E+018,"11 : 0.4862562, 11 : 0.2077752, 1 : 0.13139658",10
1.61794532351386E+018,"2 : 0.7571051, 11 : 0.039305337, 9 : 0.032514293",10
1.61253811174872E+018,"11 : 0.5746726, 1 : 0.3662507, 2 : 0.008930351",10
1.61150242017342E+018,"12 : 0.93622804, 3 : 0.027087761, 13 : 0.0046639885",10
1.60748605551028E+018,"11 : 0.8589835, 1 : 0.080838256, 11 : 0.022551065",10
1.60436787896151E+018,"4 : 0.47898588, 11 : 0.07286381, 13 : 0.064922586",10
1.60166828773728E+018,"13 : 0.3554913, 12 : 0.33151522, 3 : 0.100447424",10
1.59984293855618E+018,"2 : 0.88479316, 1 : 0.03181767, 11 : 0.019829486",10
1.59861665720164E+018,"11 : 0.796041, 2 : 0.048867796, 1 : 0.031200211",10
1.58714293211564E+018,"2 : 0.3884957, 11 : 0.3126674, 1 : 0.08369788",10
1.58109260145977E+018,"11 : 0.33635432, 1 : 0.19390976, 2 : 0.04664683",10
1.57857905459691E+018,"4 : 0.4610698, 11 : 0.20490535, 13 : 0.027996464",10
1.57387516397454E+018,"11 : 0.75627273, 1 : 0.02831156, 11 : 0.022861822",10
1.56821588805304E+018,"2 : 0.68123597, 9 : 0.08130913, 11 : 0.058664303",10
1.563766616307E+018,"4 : 0.83942145, 13 : 0.10988385, 9 : 0.013198115",10
1.56238857094021E+018,"9 : 0.2123202, 9 : 0.07005698, 2 : 0.03372947",10
1.56193641674919E+018,"11 : 0.95333433, 1 : 0.016956555, 8 : 0.005095072",10
1.56112470003211E+018,"2 : 0.40188536, 11 : 0.114289686, 1 : 0.0661351",10
1.56083574658628E+018,"13 : 0.14416096, 8 : 0.081382886, 13 : 0.045127917",10
1.55863742545902E+018,"14 : 0.56892955, 3 : 0.053745866, 7 : 0.022650782",10
1.55787221872515E+018,"2 : 0.68376553, 2 : 0.09158642, 2 : 0.016483983",10
1.55712248977026E+018,"14 : 0.08805472, 2 : 0.062313497, 7 : 0.059802875",10
1.5521497405979E+018,"11 : 0.7759825, 1 : 0.10878588, 1 : 0.014038851",10
1.54354648045052E+018,"7 : 0.2095421, 2 : 0.15837663, 2 : 0.12331879",10
1.54216694899252E+018,"13 : 0.20023972, 13 : 0.103768885, 2 : 0.030146858",10
1.5398894754071E+018,"11 : 0.92610765, 11 : 0.015157711, 1 : 0.012545379",10
1.52610646147397E+018,"11 : 0.89167553, 1 : 0.08576505, 8 : 0.0021361",10
1.52320842935405E+018,"2 : 0.093241245, 5 : 0.07499619, 2 : 0.05136168",10
1.52043398478573E+018,"3 : 0.74925834, 7 : 0.022132283, 2 : 0.020098805",10
1.51914760563985E+018,"11 : 0.3697239, 2 : 0.34994674, 11 : 0.052413497",10
1.5191439159687E+018,"11 : 0.4394674, 2 : 0.18089597, 1 : 0.08286192",10
1.51806684987349E+018,"2 : 0.5856092, 2 : 0.31808546, 12 : 0.008166096",10
1.51547692387738E+018,"7 : 0.29793146, 7 : 0.12015475, 7 : 0.07570539",10
1.51513649210263E+018,"2 : 0.14535017, 12 : 0.07484541, 2 : 0.04094345",10
1.5117268555262E+018,"2 : 0.34318572, 2 : 0.027989933, 7 : 0.027136292",10
1.50905241839015E+018,"12 : 0.056393754, 7 : 0.039047338, 13 : 0.03276991",10
1.50067230686714E+018,"12 : 0.0891184, 13 : 0.06426596, 13 : 0.035067465",10
1.49774710417979E+018,"1 : 0.46977428, 11 : 0.042747844, 1 : 0.026950663",10
1.49159609332594E+018,"2 : 0.15440355, 12 : 0.09634649, 13 : 0.07608273",10
1.4862458714485E+018,"9 : 0.1075287, 2 : 0.05444661, 9 : 0.05039072",10
1.48340578397384E+018,"7 : 0.3851048, 4 : 0.103690736, 7 : 0.049035117",10
1.47977904818423E+018,"1 : 0.47521955, 2 : 0.1653032, 11 : 0.14861117",10
1.47823581467715E+018,"11 : 0.4286275, 1 : 0.30775344, 2 : 0.19242746",10
1.47526579779037E+018,"9 : 0.848386, 4 : 0.03642705, 3 : 0.021452092",10
1.47458837877881E+018,"11 : 0.66907436, 2 : 0.23063546, 11 : 0.013694633",10
1.47197043687833E+018,"3 : 0.6054794, 12 : 0.1066836, 12 : 0.04235058",10
1.46741909575416E+018,"11 : 0.48625857, 1 : 0.2703506, 2 : 0.050458647",10
1.46161204831947E+018,"2 : 0.49915755, 3 : 0.21031275, 10 : 0.0726432",10
1.45815733704303E+018,"11 : 0.8342027, 1 : 0.06197418, 11 : 0.033800226",10
1.45669241999005E+018,"11 : 0.98070633, 2 : 0.006775646, 1 : 0.005005188",10
1.45465688094916E+018,"13 : 0.37502572, 7 : 0.18631534, 13 : 0.083679184",10
1.45236458835953E+018,"11 : 0.51998585, 1 : 0.34884673, 2 : 0.061530344",10
1.45100105265134E+018,"10 : 0.18891849, 13 : 0.084369764, 1 : 0.07941706",10
1.4501790343992E+018,"11 : 0.4076373, 1 : 0.21344282, 11 : 0.073207974",10
1.44798690849983E+018,"1 : 0.22606485, 2 : 0.22601008, 1 : 0.0878279",10
1.44696260436602E+018,"2 : 0.6217269, 11 : 0.18800919, 11 : 0.07501646",10
1.44564106194607E+018,"3 : 0.40288633, 12 : 0.115575045, 14 : 0.11241851",10
1.44494121902914E+018,"11 : 0.9781868, 1 : 0.0045994734, 2 : 0.0015408878",10
1.44226202576169E+018,"2 : 0.88173306, 11 : 0.07483639, 8 : 0.0040589473",10
1.43972609053262E+018,"2 : 0.9965687, 1 : 0.0011503699, 11 : 0.0006601037",10
1.43826338486873E+018,"2 : 0.67277044, 11 : 0.03414911, 2 : 0.033752356",10
1.43778823959058E+018,"13 : 0.9924476, 2 : 0.00076474657, 10 : 0.00040742318",10
1.43772283434426E+018,"1 : 0.5176653, 4 : 0.14680421, 11 : 0.13954781",10
1.43707814422516E+018,"2 : 0.7700592, 11 : 0.085363954, 2 : 0.02466744",10
1.43572181593441E+018,"11 : 0.92264086, 2 : 0.033399925, 1 : 0.015013291",10
1.43478503000601E+018,"11 : 0.48667237, 7 : 0.102766976, 3 : 0.037572853",10
1.42813954242707E+018,"13 : 0.04981761, 2 : 0.03930467, 3 : 0.021546168",10
1.42561800023731E+018,"11 : 0.96842736, 1 : 0.0033937013, 2 : 0.0032327352",10
1.42485482075375E+018,"2 : 0.9930247, 8 : 0.0024324304, 11 : 0.00044449727",10
1.42182414310782E+018,"7 : 0.7820115, 10 : 0.018350204, 7 : 0.005025485",10
1.42096278739163E+018,"7 : 0.3029455, 13 : 0.09286418, 13 : 0.08249722",10
1.41900573163008E+018,"4 : 0.80135286, 13 : 0.039838687, 7 : 0.031179752",10
2.20963715073615E+018,"1 : 0.1676716, 14 : 0.083347164, 2 : 0.049469873",10
2.20547647341914E+018,"12 : 0.19713658, 10 : 0.07067577, 13 : 0.031877823",10
2.20395290050241E+018,"8 : 0.92704993, 8 : 0.0022727242, 8 : 0.0008011323",10
2.2022511054912E+018,"2 : 0.4319334, 4 : 0.15188643, 3 : 0.039252236",10
2.20117086013229E+018,"7 : 0.2133601, 4 : 0.08447405, 7 : 0.064809896",10
2.2002501335459E+018,"2 : 0.38122174, 12 : 0.19146524, 1 : 0.06349186",10
2.19721763849403E+018,"7 : 0.3687167, 2 : 0.2549784, 7 : 0.04259532",10
2.19670389499903E+018,"7 : 0.16705067, 13 : 0.07484086, 13 : 0.04426132",10
2.19594540204646E+018,"7 : 0.22197036, 9 : 0.099111564, 12 : 0.05478897",10
2.19350697493842E+018,"8 : 0.61158055, 9 : 0.16017605, 8 : 0.042520415",10
2.1923183370198E+018,"12 : 0.30420423, 13 : 0.15289153, 1 : 0.08931182",10
2.19149889489022E+018,"7 : 0.1909515, 12 : 0.04066379, 11 : 0.038375877",10
2.19016766171602E+018,"7 : 0.23661877, 7 : 0.17719747, 2 : 0.08678215",10
2.18952038962656E+018,"6 : 0.6999127, 12 : 0.028280541, 12 : 0.016899657",10
2.18917970944839E+018,"2 : 0.70725954, 12 : 0.10173995, 12 : 0.016546529",10
2.18808561491291E+018,"13 : 0.2401173, 2 : 0.16223536, 13 : 0.11300059",10
2.1872792577561E+018,"2 : 0.50455016, 7 : 0.11307166, 13 : 0.029169185",10
2.18700687868137E+018,"7 : 0.2116777, 2 : 0.14727251, 2 : 0.0880772",10
2.18592360311048E+018,"10 : 0.51065165, 13 : 0.071458325, 13 : 0.06922492",10
2.18433590872421E+018,"7 : 0.1872101, 2 : 0.10751582, 13 : 0.07479782",10
2.18292142185293E+018,"2 : 0.3665862, 2 : 0.3189166, 3 : 0.05868725",10
2.18144716388484E+018,"7 : 0.4652953, 2 : 0.104901776, 4 : 0.045562126",10
2.18064913119447E+018,"2 : 0.83309245, 7 : 0.050900795, 2 : 0.013832384",10
2.17855293545213E+018,"3 : 0.43311384, 2 : 0.2955221, 7 : 0.033125184",10
2.17778709694841E+018,"7 : 0.8016618, 2 : 0.13929158, 3 : 0.013624481",10
2.17637315326626E+018,"2 : 0.13026996, 3 : 0.11100754, 8 : 0.057277665",10
2.17565728220037E+018,"7 : 0.22735408, 2 : 0.16767837, 7 : 0.08095068",10
2.17485001857019E+018,"5 : 0.062403828, 5 : 0.058261033, 6 : 0.040788606",10
2.17355679697001E+018,"2 : 0.47153556, 4 : 0.044796277, 12 : 0.026220826",10
2.17188596720876E+018,"2 : 0.14270806, 6 : 0.07559757, 6 : 0.07130838",10
2.17119542435542E+018,"3 : 0.95876575, 3 : 0.013322084, 3 : 0.0015699728",10
2.17111918227711E+018,"3 : 0.5291371, 3 : 0.23441005, 3 : 0.02943519",10
2.17057938992335E+018,"13 : 0.5849033, 3 : 0.08073574, 4 : 0.061357256",10
2.17042379392784E+018,"13 : 0.26327094, 9 : 0.14138986, 2 : 0.08657413",10
2.16888849594179E+018,"5 : 0.4605103, 2 : 0.02294847, 13 : 0.017798977",10
2.16822963902617E+018,"1 : 0.14706437, 11 : 0.09365563, 11 : 0.07722042",10
2.16678914975868E+018,"6 : 0.23339826, 12 : 0.11042215, 3 : 0.06630246",10
2.16598615518414E+018,"3 : 0.923529, 3 : 0.011737631, 3 : 0.010129472",10
2.16416768257923E+018,"8 : 0.19398853, 9 : 0.1561325, 8 : 0.047694422",10
2.16270694586632E+018,"12 : 0.13751152, 9 : 0.115723945, 12 : 0.06779543",10
2.16175197550776E+018,"4 : 0.15886651, 2 : 0.076281995, 13 : 0.06589055",10
2.16104836880422E+018,"7 : 0.37709162, 13 : 0.07870736, 13 : 0.045001045",10
2.16023900862504E+018,"14 : 0.39802969, 7 : 0.18650456, 7 : 0.16795947",10
2.15888399651433E+018,"2 : 0.5598771, 2 : 0.37455362, 4 : 0.013366958",10
2.15820493409978E+018,"4 : 0.91236484, 9 : 0.04041124, 9 : 0.004487011",10
2.1576962647672E+018,"3 : 0.7712687, 3 : 0.12507692, 3 : 0.04747674",10
2.15685696000687E+018,"2 : 0.5135582, 13 : 0.06418244, 9 : 0.05650013",10
2.15667424684697E+018,"13 : 0.06829242, 2 : 0.05515619, 12 : 0.049197815",10
2.15625573526792E+018,"13 : 0.48207, 2 : 0.046779912, 7 : 0.02178034",10
2.1561045383109E+018,"7 : 0.07857443, 2 : 0.024740592, 7 : 0.019929292",10
2.15581773042558E+018,"12 : 0.9230288, 7 : 0.006962143, 12 : 0.006953301",10
2.15535858179605E+018,"2 : 0.32228523, 12 : 0.15367614, 2 : 0.120983064",10
2.15526720260194E+018,"5 : 0.62591016, 5 : 0.025877958, 6 : 0.025476476",10
2.15516177646396E+018,"7 : 0.38557342, 3 : 0.30357403, 7 : 0.04104204",10
2.15508641306496E+018,"2 : 0.049184732, 2 : 0.03164848, 4 : 0.03130471",10
2.15475425177203E+018,"7 : 0.35377187, 7 : 0.086165234, 7 : 0.077915326",10
2.15466027954858E+018,"13 : 0.5464689, 9 : 0.12995814, 4 : 0.055742506",10
2.15432846215292E+018,"3 : 0.16770571, 2 : 0.09597741, 12 : 0.06579794",10
2.15291980411421E+018,"7 : 0.32941937, 5 : 0.21690069, 7 : 0.14282365",10
2.15229946379268E+018,"8 : 0.3850208, 7 : 0.06572544, 2 : 0.039647397",10
2.15154625827206E+018,"7 : 0.67869323, 7 : 0.11893916, 7 : 0.1030019",10
2.15151424733532E+018,"4 : 0.52486515, 8 : 0.11513287, 13 : 0.022481829",10
2.15086034206274E+018,"4 : 0.08754928, 9 : 0.0819652, 2 : 0.048643634",10
2.15011682580365E+018,"9 : 0.3748952, 2 : 0.0435853, 9 : 0.024150692",10
2.14969161360454E+018,"3 : 0.0585696, 3 : 0.05369402, 9 : 0.052733555",10
2.14742165737198E+018,"7 : 0.358938, 2 : 0.11560993, 7 : 0.08329902",10
2.14458320752907E+018,"5 : 0.57994723, 9 : 0.15591885, 11 : 0.031266164",10
2.14141581144592E+018,"7 : 0.47004062, 13 : 0.07318197, 7 : 0.07034745",10
2.14004219439292E+018,"7 : 0.6411567, 13 : 0.07612725, 7 : 0.033709563",10
2.13844899253982E+018,"8 : 0.13843438, 12 : 0.052706446, 10 : 0.04053783",10
2.13727430316192E+018,"6 : 0.87061286, 3 : 0.01621119, 6 : 0.014687313",10
2.13628110491835E+018,"4 : 0.23901221, 2 : 0.20805298, 12 : 0.13324478",10
2.13407846550339E+018,"13 : 0.07716722, 12 : 0.062509716, 10 : 0.048206434",10
2.1311741747598E+018,"2 : 0.24712569, 2 : 0.14360577, 2 : 0.08934731",10
2.12782575946985E+018,"7 : 0.31959125, 7 : 0.25931492, 2 : 0.046927374",10
2.11955091511096E+018,"8 : 0.95148396, 8 : 0.0073038843, 8 : 0.0033348077",10
2.10881492363839E+018,"7 : 0.71966785, 2 : 0.036291994, 7 : 0.036013193",10
2.10521646278334E+018,"9 : 0.8864509, 7 : 0.021180935, 4 : 0.013434423",10
2.09872300200801E+018,"7 : 0.81337297, 9 : 0.01370595, 2 : 0.00946789",10
2.09022376605207E+018,"14 : 0.9152018, 7 : 0.022858778, 12 : 0.003782202",10
2.08869697461951E+018,"4 : 0.114991605, 12 : 0.10293341, 7 : 0.09846091",10
2.07410599630271E+018,"2 : 0.645029, 7 : 0.083272904, 12 : 0.06251078",10
2.06045078504224E+018,"5 : 0.09410667, 13 : 0.061868135, 2 : 0.054632377",10
2.04443016604367E+018,"2 : 0.45694354, 9 : 0.14996347, 1 : 0.049858153",10
2.03784204523607E+018,"2 : 0.9149532, 7 : 0.0035664635, 3 : 0.0021476008",10
2.02699360048074E+018,"7 : 0.35346025, 3 : 0.2724278, 12 : 0.059907228",10
2.01908882488954E+018,"7 : 0.83679694, 7 : 0.06314978, 3 : 0.010176041",10
2.01397900562922E+018,"1 : 0.46033427, 1 : 0.30177942, 1 : 0.042563852",10
2.01040205337315E+018,"7 : 0.50258887, 13 : 0.10949106, 2 : 0.06419431",10
2.00390800046875E+018,"9 : 0.20286784, 2 : 0.114680625, 2 : 0.048059106",10
2.00321606052605E+018,"10 : 0.19198982, 13 : 0.051687133, 7 : 0.048806574",10
2.00256386013012E+018,"6 : 0.70118755, 7 : 0.087851584, 14 : 0.014708563",10
2.00019881522302E+018,"13 : 0.052854683, 5 : 0.04674917, 3 : 0.040959094",10
1.99901359045093E+018,"2 : 0.9834895, 1 : 0.0009240209, 12 : 0.00077412045",10
1.99786130713882E+018,"3 : 0.5642321, 13 : 0.100827605, 13 : 0.039815485",10
1.99735183288392E+018,"14 : 0.30449083, 14 : 0.15296385, 7 : 0.10072265",10
1.99720138139738E+018,"7 : 0.45456958, 7 : 0.039108075, 3 : 0.018016472",10
1.98983226947352E+018,"13 : 0.27201098, 9 : 0.06255611, 2 : 0.045398742",10
1.98414137565415E+018,"12 : 0.08811569, 2 : 0.044272296, 3 : 0.039939266",10
1.98079750870119E+018,"7 : 0.29987746, 7 : 0.2469189, 14 : 0.22188999",10
1.97930778008418E+018,"7 : 0.17607613, 7 : 0.17230384, 7 : 0.06895556",10
1.97704862768993E+018,"7 : 0.44424498, 9 : 0.19306262, 3 : 0.14751743",10
1.976222328159E+018,"7 : 0.22586933, 7 : 0.0718356, 7 : 0.030414525",10
1.97567194973386E+018,"2 : 0.46562356, 2 : 0.20753582, 7 : 0.12214948",10
1.9740650475043E+018,"2 : 0.41582635, 3 : 0.11748417, 7 : 0.07823398",10
1.96712255752621E+018,"13 : 0.8196212, 13 : 0.05116022, 6 : 0.0051747905",10
1.96618281946203E+018,"13 : 0.5720872, 13 : 0.09259632, 13 : 0.011366488",10
1.96453336212911E+018,"2 : 0.8460233, 2 : 0.014270449, 3 : 0.01265518",10
1.96282002277647E+018,"3 : 0.7026707, 7 : 0.02471394, 7 : 0.014843638",10
1.96236009488617E+018,"3 : 0.124197274, 11 : 0.09391891, 12 : 0.067453705",10
1.96012568974084E+018,"7 : 0.7965168, 12 : 0.015708137, 2 : 0.014802803",10
1.95740846833723E+018,"9 : 0.2693045, 7 : 0.06071473, 8 : 0.050418157",10
1.95671510850562E+018,"7 : 0.033192355, 7 : 0.3541335",10
1.94580014795096E+018,"12 : 0.4805694, 13 : 0.11822136, 13 : 0.061976943",10
1.92929426989894E+018,"11 : 0.26171854, 7 : 0.12551646, 12 : 0.09840472",10
1.92485311002964E+018,"13 : 0.28816637, 2 : 0.1330815, 7 : 0.019589968",10
1.92260649671415E+018,"2 : 0.15914202, 14 : 0.06351627, 7 : 0.04307171",10
1.91047123191702E+018,"13 : 0.36935762, 5 : 0.334464, 10 : 0.022053963",10
1.90612345747135E+018,"7 : 0.34512466, 7 : 0.25534147, 7 : 0.041902367",10
1.90375142251342E+018,"7 : 0.69362384, 7 : 0.07695239, 10 : 0.021598076",10
1.90147129887575E+018,"7 : 0.17810087, 2 : 0.09614416, 2 : 0.03199856",10
1.89802596365328E+018,"9 : 0.7683403, 11 : 0.11484996, 3 : 0.025559723",10
1.8943745421183E+018,"7 : 0.35406917, 12 : 0.2325699, 12 : 0.17122155",10
1.88872771341574E+018,"3 : 0.14944981, 7 : 0.1477105, 13 : 0.11285303",10
1.886945536885E+018,"2 : 0.9794378, 2 : 0.0027065668, 6 : 0.0017458485",10
1.88645060521383E+018,"3 : 0.41232538, 12 : 0.12737074, 13 : 0.10660666",10
1.87320815231534E+018,"1 : 0.23470105, 7 : 0.040376615, 5 : 0.030832147",10
1.87169839463056E+018,"2 : 0.2032752, 7 : 0.11165731, 2 : 0.08630557",10
1.85884012136186E+018,"11 : 0.8898632, 10 : 0.040426884, 2 : 0.0013063193",10
1.84225919434435E+018,"3 : 0.9195716, 2 : 0.017633434, 7 : 0.010028791",10
1.82637625934713E+018,"14 : 0.3739772, 6 : 0.033612944, 7 : 0.030415036",10
1.82534074830152E+018,"7 : 0.50210404, 12 : 0.14143288, 7 : 0.03012607",10
1.82484095180761E+018,"14 : 0.5373364, 7 : 0.32898474, 7 : 0.0072904243",10
1.81388952441454E+018,"12 : 0.070453234, 13 : 0.07014006, 13 : 0.04694612",10
1.80880133338266E+018,"13 : 0.40804374, 7 : 0.07006443, 3 : 0.04113843",10
1.80371729454446E+018,"12 : 0.38744596, 12 : 0.044170372, 3 : 0.026278483",10
1.79745620644585E+018,"4 : 0.9739421, 9 : 0.0065728114, 7 : 0.0012161036",10
1.79658333793692E+018,"2 : 0.34327763, 12 : 0.18004265, 12 : 0.044462398",10
1.79516233669086E+018,"3 : 0.7557445, 10 : 0.06662928, 7 : 0.0090417955",10
1.79211717035769E+018,"2 : 0.07190991, 7 : 0.04515882, 2 : 0.03634719",10
1.78784988510672E+018,"7 : 0.41784808, 2 : 0.030197179, 7 : 0.027925747",10
1.78206624213229E+018,"13 : 0.6492592, 9 : 0.05550332, 2 : 0.04287733",10
1.77890001629199E+018,"2 : 0.08377404, 9 : 0.05461391, 8 : 0.041713312",10
1.77114962423531E+018,"3 : 0.3955015, 6 : 0.20723674, 6 : 0.016684074",10
1.77106407299997E+018,"2 : 0.21230546, 9 : 0.07172646, 10 : 0.066966034",10
1.76987903058657E+018,"12 : 0.594858, 13 : 0.17941557, 13 : 0.10924233",10
1.76910016525518E+018,"2 : 0.2672974, 12 : 0.13114615, 2 : 0.060997814",10
1.76670856974878E+018,"12 : 0.9421646, 1 : 0.0027676218, 2 : 0.0023794838",10
1.76400886189716E+018,"12 : 0.48414996, 3 : 0.063317396, 12 : 0.048580527",10
1.76267381644399E+018,"13 : 0.953638, 13 : 0.02204693, 13 : 0.004526515",10
1.76016980402179E+018,"3 : 0.32732472, 13 : 0.20828895, 2 : 0.079120964",10
1.75821657294439E+018,"13 : 0.18156052, 7 : 0.13453564, 2 : 0.049699567",10
1.75507615356687E+018,"2 : 0.27500552, 3 : 0.16365477, 7 : 0.08799345",10
1.75150029072271E+018,"7 : 0.2756145, 2 : 0.05058762, 2 : 0.041272033",10
1.74231285964151E+018,"7 : 0.38964674, 7 : 0.11342276, 7 : 0.072710946",10
1.73990268940972E+018,"2 : 0.648486, 13 : 0.17176804, 7 : 0.0127264755",10
1.73662126087001E+018,"14 : 0.3331657, 7 : 0.11736221, 9 : 0.05369087",10
1.73564591002815E+018,"6 : 0.8390803, 7 : 0.0071311207, 2 : 0.006187972",10
1.73478296097896E+018,"7 : 0.50776917, 7 : 0.081422, 7 : 0.074327245",10
1.7335211993286E+018,"7 : 0.36325252, 12 : 0.06037833, 3 : 0.04878859",10
1.70801789829886E+018,"2 : 0.11421536, 7 : 0.037715968, 9 : 0.036970273",10
1.67400022797022E+018,"13 : 0.22436884, 9 : 0.07593862, 8 : 0.04850884",10
1.66956724414821E+018,"10 : 0.9979152, 3 : 0.0004536858, 12 : 9.6541364e-05",10
1.65434020017383E+018,"11 : 0.16423775, 7 : 0.13392313, 13 : 0.031865355",10
1.64972485451644E+018,"1 : 0.44774804, 11 : 0.14160255, 2 : 0.052630045",10
1.64450819270697E+018,"2 : 0.118787095, 14 : 0.092831194, 2 : 0.08948252",10
1.62692341072658E+018,"2 : 0.87296736, 13 : 0.030260734, 7 : 0.0104934955",10
1.62321123645056E+018,"7 : 0.9351858, 7 : 0.031904355, 14 : 0.003550477",10
1.61519509334158E+018,"9 : 0.9835601, 11 : 0.0045740944, 12 : 0.001731622",10
1.56693538629339E+018,"8 : 0.21289426, 7 : 0.10663678, 2 : 0.06917646",10
1.55672882309317E+018,"13 : 0.7248807, 2 : 0.028438285, 3 : 0.014078335",10
1.54381596987576E+018,"2 : 0.26811102, 10 : 0.11400087, 2 : 0.08422881",10
1.52205192453364E+018,"9 : 0.15289329, 2 : 0.071783476, 12 : 0.06876616",10
1.52035470993086E+018,"10 : 0.679969, 10 : 0.18471482, 7 : 0.022293124",10
1.51022562491218E+018,"2 : 0.09082276, 2 : 0.043472074, 3 : 0.03914521",10
1.5079953840979E+018,"11 : 0.49243307, 11 : 0.16628416, 11 : 0.052056678",10
1.48989799276833E+018,"1 : 0.11728004, 14 : 0.080698274, 2 : 0.06528234",10
1.46078816177258E+018,"12 : 0.19966234, 3 : 0.09672509, 2 : 0.080613",10
2.20536198969786E+018,"3 : 0.41948524, 3 : 0.118563876, 3 : 0.108654015",10
2.20223646574495E+018,"3 : 0.7448463, 3 : 0.0891409, 3 : 0.07961759",10
2.20028926739405E+018,"3 : 0.26438066, 7 : 0.11677359, 12 : 0.09633597",10
2.19894489593106E+018,"3 : 0.33789712, 3 : 0.24612318, 3 : 0.06721594",10
2.19468356194515E+018,"5 : 0.77243376, 3 : 0.037976637, 7 : 0.0045066406",10
2.19323838496583E+018,"13 : 0.4492394, 7 : 0.11405199, 7 : 0.010901689",10
2.18383545401783E+018,"3 : 0.3892252, 3 : 0.31860065, 3 : 0.06496085",10
2.18046308123937E+018,"3 : 0.43671104, 12 : 0.09565309, 3 : 0.088665456",10
2.17921258313171E+018,"13 : 0.55274445, 7 : 0.059264045, 7 : 0.05638275",10
2.17417924593742E+018,"2 : 0.870719, 7 : 0.0034805299, 3 : 0.0033048654",10
2.17111629962197E+018,"3 : 0.70161647, 3 : 0.19813229, 3 : 0.03613698",10
2.16992551677859E+018,"7 : 0.25934362, 7 : 0.06660739, 7 : 0.05848728",10
2.16883151748944E+018,"2 : 0.05353985, 2 : 0.039819457, 2 : 0.03911038",10
2.16823404086291E+018,"12 : 0.30526942, 2 : 0.124802455, 3 : 0.07370143",10
2.16690468183891E+018,"7 : 0.24600185, 7 : 0.2102667, 7 : 0.083421",10
2.1648442931735E+018,"3 : 0.4139988, 3 : 0.11641951, 3 : 0.097495876",10
2.16473464008304E+018,"2 : 0.8363677, 3 : 0.057848886, 7 : 0.011323336",10
2.16403436427148E+018,"3 : 0.17300858, 3 : 0.1683227, 3 : 0.11784728",10
2.1589162544283E+018,"3 : 0.903593, 3 : 0.019952862, 3 : 0.0060182367",10
2.15891550885083E+018,"3 : 0.5551503, 3 : 0.23814814, 3 : 0.0083764335",10
2.15793159736666E+018,"2 : 0.15499584, 3 : 0.14385697, 7 : 0.08078388",10
2.15238397901836E+018,"2 : 0.32974783, 2 : 0.09393848, 7 : 0.08936674",10
2.14939088026235E+018,"3 : 0.43370095, 3 : 0.12146426, 3 : 0.09317133",10
2.14786075449438E+018,"12 : 0.23220399, 3 : 0.13821076, 10 : 0.11397539",10
2.14296129412328E+018,"3 : 0.7425706, 7 : 0.114589036, 7 : 0.032918736",10
2.14131123272514E+018,"3 : 0.9042083, 13 : 0.026875662, 7 : 0.012885705",10
2.13844190940911E+018,"3 : 0.24001516, 3 : 0.24000143, 3 : 0.20720813",10
2.13763217610401E+018,"2 : 0.23209989, 11 : 0.122522384, 7 : 0.04504225",10
2.13720601317506E+018,"3 : 0.18583864, 3 : 0.08888567, 3 : 0.05944174",10
2.13713174095164E+018,"7 : 0.48895547, 7 : 0.3629245, 3 : 0.0773305",10
2.13408932307166E+018,"3 : 0.28777114, 14 : 0.13674702, 3 : 0.097242646",10
2.13368158956201E+018,"12 : 0.5810231, 7 : 0.05214512, 7 : 0.013597231",10
2.13293370558982E+018,"3 : 0.48045996, 3 : 0.33892867, 3 : 0.02190236",10
2.13141592930156E+018,"7 : 0.44902894, 3 : 0.04161551, 2 : 0.026686745",10
2.13072569525773E+018,"3 : 0.22957042, 3 : 0.17114441, 3 : 0.06011032",10
2.12990340033959E+018,"3 : 0.29262486, 3 : 0.11864827, 2 : 0.06959952",10
2.12771880042289E+018,"7 : 0.18788174, 3 : 0.08548317, 3 : 0.042359106",10
2.12716758375807E+018,"7 : 0.25502637, 7 : 0.08604674, 7 : 0.05019502",10
2.12632861134764E+018,"3 : 0.12110242, 3 : 0.07062905, 3 : 0.05388449",10
2.12477862340903E+018,"7 : 0.108011805, 2 : 0.08477345, 2 : 0.05222903",10
2.1246829254308E+018,"9 : 0.9302771, 2 : 0.055022113, 3 : 0.0006860401",10
2.1241800106964E+018,"12 : 0.88044703, 3 : 0.029408287, 11 : 0.00425747",10
2.12416242687539E+018,"3 : 0.55061215, 4 : 0.10072035, 2 : 0.0960231",10
2.12319915488177E+018,"6 : 0.11606803, 6 : 0.056724835, 6 : 0.056533225",10
2.12256453529549E+018,"7 : 0.23983961, 7 : 0.12961657, 2 : 0.09487894",10
2.12245890695016E+018,"7 : 0.16676962, 3 : 0.14635676, 3 : 0.04413684",10
2.12204407657776E+018,"2 : 0.18632543, 2 : 0.109148204, 3 : 0.07034447",10
2.12176416236851E+018,"3 : 0.50291836, 10 : 0.020051371, 3 : 0.014342415",10
2.12110764602424E+018,"5 : 0.32905152, 7 : 0.17373846, 5 : 0.148871",10
2.11981419512297E+018,"3 : 0.5777626, 3 : 0.3332071, 6 : 0.022405878",10
2.11966221225252E+018,"2 : 0.46377006, 3 : 0.09485984, 3 : 0.089729905",10
2.1145975279124E+018,"3 : 0.43786523, 3 : 0.07889748, 3 : 0.04074207",10
2.11395975763206E+018,"7 : 0.13823035, 7 : 0.06508237, 7 : 0.054924123",10
2.11369551064996E+018,"3 : 0.5219014, 3 : 0.093988225, 7 : 0.029277707",10
2.11322536989006E+018,"6 : 0.9173334, 2 : 0.013310018, 2 : 0.010380582",10
2.11267548974004E+018,"3 : 0.48868036, 3 : 0.13026755, 3 : 0.053789224",10
2.11250994524198E+018,"12 : 0.0898647, 3 : 0.07036398, 7 : 0.069525786",10
2.1122930045314E+018,"2 : 0.31173536, 7 : 0.086986765, 7 : 0.05766505",10
2.11083692329251E+018,"7 : 0.09506605, 5 : 0.08507265, 5 : 0.05765852",10
2.11034617543888E+018,"12 : 0.8756402, 3 : 0.03714533, 2 : 0.010412521",10
2.10955406584421E+018,"7 : 0.32346815, 3 : 0.067838535, 3 : 0.056081958",10
2.10943677553878E+018,"12 : 0.2632258, 3 : 0.11075547, 9 : 0.04661499",10
2.10862035331726E+018,"7 : 0.3446618, 7 : 0.14355588, 2 : 0.10094381",10
2.10813983250201E+018,"7 : 0.19418408, 2 : 0.09589108, 2 : 0.06459119",10
2.10732638369796E+018,"5 : 0.35774854, 2 : 0.087416165, 6 : 0.05884045",10
2.10672907085223E+018,"7 : 0.19904834, 10 : 0.068057, 7 : 0.04260643",10
2.10611464810426E+018,"3 : 0.31878546, 9 : 0.19074537, 3 : 0.0665883",10
2.10585714858508E+018,"5 : 0.7933127, 5 : 0.039963968, 5 : 0.024544694",10
2.10512173383415E+018,"8 : 0.7199537, 8 : 0.05792946, 8 : 0.05563389",10
2.10433062077276E+018,"2 : 0.22922325, 2 : 0.07644124, 12 : 0.06894233",10
2.10298671516254E+018,"7 : 0.48713115, 13 : 0.038530283, 12 : 0.030758113",10
2.10211620389955E+018,"5 : 0.93610215, 6 : 0.0054738563, 2 : 0.0026701293",10
2.10211166009428E+018,"7 : 0.96416473, 7 : 0.015905214, 7 : 0.0043962616",10
2.10155574645514E+018,"2 : 0.858222, 2 : 0.05722192, 2 : 0.0080183055",10
2.09938919582622E+018,"3 : 0.31978905, 7 : 0.14202501, 7 : 0.083307795",10
2.09674576817935E+018,"7 : 0.42102295, 7 : 0.15526769, 3 : 0.08295373",10
2.09216722252178E+018,"12 : 0.5768977, 3 : 0.04987251, 7 : 0.04868159",10
2.08953705825218E+018,"3 : 0.1929593, 4 : 0.100905545, 7 : 0.07881975",10
2.08763171296518E+018,"7 : 0.12860058, 9 : 0.09789646, 2 : 0.049320117",10
2.08108599599026E+018,"3 : 0.94081265, 3 : 0.0024964083, 3 : 0.0021307885",10
2.07763173199495E+018,"2 : 0.63554776, 7 : 0.022981878, 7 : 0.018060464",10
2.07673992329945E+018,"7 : 0.44772246, 12 : 0.05259352, 7 : 0.04923914",10
2.07555913329943E+018,"2 : 0.97012323, 3 : 0.008088004, 5 : 0.0048591536",10
2.07544486398329E+018,"3 : 0.26177618, 3 : 0.119896285, 3 : 0.06580782",10
2.07478653718278E+018,"3 : 0.0964236, 3 : 0.0949277, 3 : 0.08631803",10
2.0735083846446E+018,"3 : 0.88537717, 3 : 0.023959275, 3 : 0.011038374",10
2.07278851748373E+018,"3 : 0.2558436, 3 : 0.12529865, 3 : 0.040918015",10
2.07116213468481E+018,"3 : 0.23797713, 3 : 0.15735023, 3 : 0.07667822",10
2.06819849605754E+018,"3 : 0.59312046, 2 : 0.03477472, 3 : 0.034505304",10
2.06395890784551E+018,"6 : 0.5091615, 3 : 0.22745086, 3 : 0.061835397",10
2.05826877596429E+018,"3 : 0.22705053, 3 : 0.15064079, 2 : 0.04977014",10
2.05460581012805E+018,"7 : 0.51803833, 7 : 0.10667375, 2 : 0.06981416",10
2.05385415092155E+018,"12 : 0.38772547, 7 : 0.25577536, 12 : 0.20117399",10
2.04797864238848E+018,"3 : 0.17790529, 3 : 0.151092, 3 : 0.10682806",10
2.04219764198438E+018,"3 : 0.25182426, 3 : 0.12719591, 3 : 0.0685771",10
2.04211775677543E+018,"3 : 0.8797297, 7 : 0.05532632, 3 : 0.011420421",10
2.03796437711968E+018,"7 : 0.13906185, 12 : 0.050916556, 7 : 0.048440386",10
2.03475036457542E+018,"3 : 0.18843079, 3 : 0.14849673, 2 : 0.061860837",10
2.03474993818258E+018,"3 : 0.32654285, 3 : 0.11199932, 3 : 0.109282695",10
2.0347496276782E+018,"3 : 0.24479003, 3 : 0.16349386, 7 : 0.07456619",10
2.01225573916401E+018,"3 : 0.59055066, 7 : 0.03864066, 7 : 0.028361302",10
2.011741252808E+018,"1 : 0.6279364, 4 : 0.2732074, 9 : 0.006315539",10
2.0073133037446E+018,"3 : 0.61017936, 3 : 0.22494046, 3 : 0.019177288",10
2.00539670997026E+018,"3 : 0.2158316, 3 : 0.14997342, 3 : 0.091668256",10
2.005387323403E+018,"3 : 0.39515457, 3 : 0.15732528, 12 : 0.10515464",10
1.99783071059908E+018,"3 : 0.31980503, 3 : 0.26527184, 3 : 0.10798707",10
1.9978296085288E+018,"3 : 0.79656607, 3 : 0.075915486, 7 : 0.01967825",10
1.99519281545514E+018,"5 : 0.3997106, 3 : 0.07694732, 5 : 0.056863587",10
1.99350526951853E+018,"13 : 0.09339466, 13 : 0.058507595, 13 : 0.0439542",10
1.9924025320694E+018,"3 : 0.85547334, 3 : 0.09329228, 3 : 0.045172352",10
1.99148118951851E+018,"3 : 0.8325004, 13 : 0.012674185, 7 : 0.011436809",10
1.99065260574476E+018,"3 : 0.8995859, 7 : 0.010317806, 7 : 0.008913586",10
1.98941735077798E+018,"3 : 0.9443791, 3 : 0.024099091, 3 : 0.0035739199",10
1.98859131610075E+018,"3 : 0.44813362, 3 : 0.230666, 3 : 0.06831762",10
1.9883852130354E+018,"7 : 0.82379913, 3 : 0.06998317, 3 : 0.019183407",10
1.98720738648757E+018,"10 : 0.17375408, 3 : 0.13800704, 3 : 0.04586633",10
1.98663791213469E+018,"7 : 0.6825048, 7 : 0.16305567, 3 : 0.011744247",10
1.98634248566973E+018,"7 : 0.5151277, 3 : 0.12331172, 3 : 0.10180147",10
1.98574014472596E+018,"7 : 0.64933336, 3 : 0.15382345, 3 : 0.044722613",10
1.98257655118026E+018,"8 : 0.16829057, 2 : 0.071132764, 8 : 0.04514907",10
1.9806561974824E+018,"3 : 0.8186337, 3 : 0.04721546, 3 : 0.008634303",10
1.97650550577943E+018,"2 : 0.40899548, 12 : 0.2892329, 3 : 0.073918",10
1.97343767775776E+018,"3 : 0.9345237, 3 : 0.008539647, 3 : 0.004939702",10
1.96233968227449E+018,"3 : 0.33390802, 7 : 0.22607552, 3 : 0.10436029",10
1.95301385872324E+018,"5 : 0.75171506, 5 : 0.18965828, 5 : 0.023120163",10
1.94969212940593E+018,"3 : 0.43920565, 7 : 0.15854202, 3 : 0.06341509",10
1.94968766732077E+018,"3 : 0.30958012, 3 : 0.08845933, 3 : 0.061718024",10
1.94013257339082E+018,"3 : 0.204353, 3 : 0.14837076, 3 : 0.06333384",10
1.94005043870783E+018,"2 : 0.18644327, 3 : 0.077126145, 10 : 0.04678354",10
1.92547804473124E+018,"3 : 0.8533716, 3 : 0.047864307, 3 : 0.015895886",10
1.92045083499684E+018,"7 : 0.12048294, 2 : 0.04055682, 7 : 0.01831622",10
1.9204021557942E+018,"3 : 0.2516315, 13 : 0.14366822, 7 : 0.11624286",10
1.91543318338283E+018,"13 : 0.13805756, 13 : 0.0560293, 13 : 0.044412572",10
1.91532268926742E+018,"3 : 0.6746226, 3 : 0.04995782, 3 : 0.01771933",10
1.90981847143932E+018,"7 : 0.05464381, 7 : 0.05112184, 13 : 0.04782769",10
1.90905141021008E+018,"3 : 0.89061856, 7 : 0.0031127185, 13 : 0.0026586256",10
1.9083909653798E+018,"13 : 0.1541554, 13 : 0.124279715, 13 : 0.08476005",10
1.90580977772194E+018,"7 : 0.69317824, 7 : 0.089816414, 3 : 0.010963776",10
1.90385025111096E+018,"3 : 0.6187187, 3 : 0.10550174, 3 : 0.033494074",10
1.90019310998138E+018,"3 : 0.8033814, 3 : 0.04814839, 3 : 0.02510556",10
1.89807452708303E+018,"3 : 0.23114972, 3 : 0.16666453, 3 : 0.047044445",10
1.89514362182964E+018,"6 : 0.3519881, 6 : 0.24563007, 6 : 0.13484754",10
1.89270135302637E+018,"3 : 0.25471738, 3 : 0.12988257, 3 : 0.105223045",10
1.88414562625503E+018,"2 : 0.75687224, 3 : 0.03848587, 11 : 0.023552317",10
1.87177263635303E+018,"3 : 0.62867117, 3 : 0.033418402, 3 : 0.02278333",10
1.86154945855577E+018,"3 : 0.88255626, 3 : 0.026745198, 6 : 0.007385227",10
1.85941954447946E+018,"7 : 0.22165027, 7 : 0.10046305, 3 : 0.07723885",10
1.84637430310733E+018,"3 : 0.7502341, 3 : 0.040969323, 3 : 0.016110921",10
1.83577330176779E+018,"6 : 0.2830463, 5 : 0.20137057, 3 : 0.13662082",10
1.80897370282016E+018,"3 : 0.84028274, 3 : 0.0204057, 3 : 0.02036166",10
1.79529466537987E+018,"12 : 0.2700168, 2 : 0.12919956, 12 : 0.11599005",10
1.77893521989194E+018,"7 : 0.3875774, 3 : 0.28971678, 7 : 0.05949789",10
1.7559985860409E+018,"3 : 0.9575598, 3 : 0.0070653753, 3 : 0.0063558",10
1.74731795767848E+018,"2 : 0.35414127, 2 : 0.06487447, 2 : 0.04077167",10
1.73371738377001E+018,"1 : 0.95270246, 5 : 0.0073374375, 11 : 0.0070375944",10
1.73275652046413E+018,"3 : 0.21508208, 3 : 0.15490659, 2 : 0.11640519",10
1.727856842653E+018,"3 : 0.15338695, 3 : 0.13204265, 3 : 0.120054156",10
1.72259660134564E+018,"12 : 0.67817515, 3 : 0.09160928, 3 : 0.04870824",10
1.70600733729244E+018,"3 : 0.7301531, 12 : 0.05664009, 3 : 0.041249793",10
1.70600560824101E+018,"3 : 0.113520175, 7 : 0.10481933, 8 : 0.097770356",10
1.70597479910828E+018,"3 : 0.59701884, 3 : 0.3328286, 3 : 0.026062576",10
1.69219679641011E+018,"7 : 0.26761797, 3 : 0.22902882, 7 : 0.0598097",10
1.69219489734741E+018,"3 : 0.27082092, 3 : 0.2476885, 3 : 0.13483123",10
1.69219487855574E+018,"3 : 0.48036417, 3 : 0.1965382, 3 : 0.050838303",10
1.6890591572586E+018,"7 : 0.82320875, 3 : 0.070589975, 7 : 0.013313647",10
1.67037381072791E+018,"3 : 0.74305254, 7 : 0.14417113, 7 : 0.016104188",10
1.66615427684902E+018,"3 : 0.5485176, 3 : 0.32392338, 3 : 0.023346715",10
1.66535550663271E+018,"3 : 0.6703717, 3 : 0.23267928, 3 : 0.028726414",10
1.66109731140455E+018,"3 : 0.75491095, 3 : 0.02909002, 3 : 0.027513657",10
1.65585380384319E+018,"3 : 0.21831337, 3 : 0.10928475, 3 : 0.059264798",10
1.65584882453439E+018,"3 : 0.89181733, 3 : 0.026135998, 3 : 0.013057267",10
1.6463211167398E+018,"3 : 0.20439492, 3 : 0.07567428, 3 : 0.046200324",10
1.63553381513991E+018,"3 : 0.54557097, 12 : 0.14950334, 9 : 0.11363949",10
1.63051800270328E+018,"3 : 0.5015803, 3 : 0.42363116, 3 : 0.016690468",10
1.62788815248649E+018,"5 : 0.26255742, 3 : 0.0945878, 6 : 0.052426793",10
1.62558766779238E+018,"7 : 0.080971934, 12 : 0.060992457, 7 : 0.054134917",10
1.61464908748733E+018,"2 : 0.43994144, 12 : 0.13488738, 13 : 0.055117983",10
1.60951735945311E+018,"2 : 0.8654934, 2 : 0.02781555, 3 : 0.026958944",10
1.60346903080682E+018,"3 : 0.72412866, 3 : 0.038780574, 3 : 0.010830495",10
1.60233292759288E+018,"3 : 0.507414, 3 : 0.11173727, 6 : 0.04008243",10
1.59773207378197E+018,"7 : 0.5031196, 7 : 0.061127078, 2 : 0.036099903",10
1.59220570980078E+018,"2 : 0.4788542, 2 : 0.21893875, 2 : 0.13176556",10
1.58124427322324E+018,"3 : 0.19973932, 3 : 0.12397047, 3 : 0.10341025",10
1.57120602572097E+018,"3 : 0.3189129, 3 : 0.16201164, 3 : 0.13658147",10
1.56872770270441E+018,"3 : 0.75240535, 7 : 0.05632956, 7 : 0.048254296",10
1.56506092411135E+018,"3 : 0.23609401, 3 : 0.06906034, 3 : 0.050333634",10
1.55037661960337E+018,"3 : 0.3213318, 3 : 0.17951751, 3 : 0.11168384",10
1.54882948136662E+018,"3 : 0.42426455, 3 : 0.27846074, 3 : 0.057392806",10
1.54882080488751E+018,"3 : 0.2025672, 3 : 0.06425293, 3 : 0.054805115",10
1.54512162129529E+018,"3 : 0.42599136, 3 : 0.106883466, 6 : 0.030612143",10
1.54060954451777E+018,"6 : 0.06805992, 3 : 0.05643375, 6 : 0.03018193",10
1.52262635296327E+018,"3 : 0.24247977, 13 : 0.1273882, 3 : 0.051001225",10
1.52031045400181E+018,"2 : 0.7137055, 13 : 0.0442151, 14 : 0.0167392",10
1.51951099974474E+018,"3 : 0.3235602, 7 : 0.026850227, 3 : 0.0262231",10
1.51242921208117E+018,"6 : 0.309901, 6 : 0.27541986, 7 : 0.24105164",10
1.50510898194368E+018,"3 : 0.5549011, 3 : 0.30506572, 3 : 0.039458033",10
1.5051065380661E+018,"3 : 0.3449429, 3 : 0.14732891, 3 : 0.10221758",10
1.4789624323021E+018,"3 : 0.18606699, 3 : 0.0793485, 3 : 0.076746635",10
1.47845909485883E+018,"3 : 0.47411245, 3 : 0.12805346, 3 : 0.112294085",10
1.47845833529634E+018,"3 : 0.96459466, 3 : 0.0068397718, 3 : 0.0067520193",10
1.47845790115225E+018,"3 : 0.6023927, 3 : 0.067030795, 3 : 0.045930047",10
1.92049259649939E+018,"7 : 0.3188816, 7 : 0.06574786, 8 : 0.06160224",10
2.03873484617557E+018,"8 : 0.25130728, 7 : 0.17596339, 8 : 0.0435985",10
1.84735189253373E+018,"3 : 0.29788527, 3 : 0.063158065, 3 : 0.048786506",10
1.46051058741386E+018,"3 : 0.38908085, 3 : 0.3196557, 3 : 0.1986251",10
1.84883126583981E+018,"7 : 0.623938, 2 : 0.065414496, 3 : 0.018069377",10
1.79269244692597E+018,"13 : 0.40378734, 13 : 0.039295506, 2 : 0.028986478",10
1.49939506556574E+018,"3 : 0.39438966, 3 : 0.20205994, 3 : 0.07524923",10
2.19417877698069E+018,"3 : 0.15010886, 2 : 0.13600345, 10 : 0.102691926",10
2.19170963212371E+018,"11 : 0.666704, 2 : 0.07824268, 11 : 0.020635296",10
2.19023757802956E+018,"11 : 0.256317, 12 : 0.18487252, 2 : 0.057956815",10
2.18791629020847E+018,"11 : 0.59766555, 2 : 0.29596722, 11 : 0.04984447",10
2.18662688151728E+018,"1 : 0.36901677, 1 : 0.35027215, 1 : 0.08171121",10
2.18478803547746E+018,"11 : 0.3600815, 2 : 0.08030387, 3 : 0.03574746",10
2.18407547216663E+018,"11 : 0.65725374, 2 : 0.20690402, 11 : 0.035729308",10
2.16412868100592E+018,"11 : 0.40255287, 2 : 0.1989705, 3 : 0.02716614",10
2.16334931126651E+018,"11 : 0.46846068, 2 : 0.33875617, 11 : 0.010021891",10
2.16043392162372E+018,"11 : 0.33522505, 11 : 0.24253361, 11 : 0.1788195",10
2.1553347195193E+018,"11 : 0.6115853, 1 : 0.12686005, 1 : 0.036098592",10
2.15173866623878E+018,"11 : 0.30303258, 2 : 0.1461267, 8 : 0.060376823",10
2.15161803539642E+018,"1 : 0.89432544, 1 : 0.046017427, 11 : 0.002065455",10
2.14875752687167E+018,"11 : 0.25598904, 2 : 0.23319629, 2 : 0.17101535",10
1.87998860288987E+018,"8 : 0.23895958, 11 : 0.16746457, 2 : 0.1163219",10
1.87994871832203E+018,"11 : 0.6697261, 2 : 0.1597997, 2 : 0.009558533",10
2.19532222931837E+018,"1 : 0.5291646, 12 : 0.07931824, 11 : 0.034154456",10
2.20734784437396E+018,"3 : 0.18236372, 3 : 0.12247846, 7 : 0.07782347",10
2.20075368270121E+018,"3 : 0.8372735, 12 : 0.031153193, 12 : 0.019924443",10
2.18854546705535E+018,"3 : 0.712535, 3 : 0.017532747, 3 : 0.014470581",10
2.18318983505444E+018,"3 : 0.11432586, 13 : 0.11275135, 2 : 0.09421006",10
2.17483902707779E+018,"8 : 0.2629139, 14 : 0.069908306, 8 : 0.057149153",10
2.16665725743813E+018,"7 : 0.11508074, 7 : 0.07099367, 7 : 0.043286145",10
2.15184770898244E+018,"3 : 0.0763052, 7 : 0.046356384, 7 : 0.03430003",10
2.15101209315589E+018,"3 : 0.55365026, 3 : 0.19682638, 12 : 0.06045748",10
2.14591583940318E+018,"7 : 0.42726225, 3 : 0.17733204, 3 : 0.10581253",10
2.13197372441267E+018,"3 : 0.92504287, 3 : 0.017745871, 7 : 0.017252417",10
2.12563858580262E+018,"3 : 0.6565946, 3 : 0.18746221, 3 : 0.036848534",10
2.1102513734293E+018,"3 : 0.3984778, 3 : 0.12392734, 3 : 0.07938966",10
2.10606729214161E+018,"3 : 0.4738971, 3 : 0.09336804, 3 : 0.06648455",10
2.10078792724953E+018,"3 : 0.4912304, 3 : 0.10057846, 3 : 0.045966167",10
2.09314925784349E+018,"10 : 0.092469655, 3 : 0.07393608, 7 : 0.05667098",10
2.09087614974743E+018,"13 : 0.029023228, 10 : 0.02259793, 12 : 0.018013345",10
2.08943655037027E+018,"2 : 0.2341677, 13 : 0.18720315, 7 : 0.07362731",10
2.08213437333214E+018,"5 : 0.26794872, 6 : 0.24158314, 10 : 0.059984818",10
2.07281531449773E+018,"3 : 0.6312348, 3 : 0.04237621, 3 : 0.037733734",10
2.06922828067017E+018,"3 : 0.17144041, 7 : 0.13236289, 3 : 0.06742837",10
2.06127087412427E+018,"7 : 0.5276698, 9 : 0.036840238, 7 : 0.03181681",10
2.05751718991333E+018,"1 : 0.24142152, 2 : 0.065891355, 2 : 0.06582597",10
2.05527161430561E+018,"3 : 0.2689169, 3 : 0.13879603, 3 : 0.10522129",10
2.05243919105688E+018,"3 : 0.5216535, 3 : 0.11096273, 3 : 0.06764314",10
2.04732318967511E+018,"3 : 0.3754493, 3 : 0.30804518, 3 : 0.20625946",10
2.03949163704627E+018,"6 : 0.20433068, 3 : 0.075827606, 3 : 0.03575515",10
2.02773992323149E+018,"3 : 0.35341847, 3 : 0.21878198, 3 : 0.18424582",10
2.02621433217381E+018,"13 : 0.26189908, 13 : 0.16571707, 12 : 0.088879354",10
2.02142638082407E+018,"12 : 0.23575534, 7 : 0.12447151, 7 : 0.03203992",10
2.01907838047726E+018,"7 : 0.54585356, 2 : 0.04722239, 7 : 0.026274208",10
2.00904643842497E+018,"3 : 0.3636174, 3 : 0.26240203, 3 : 0.14717022",10
2.00687689898617E+018,"11 : 0.34544405, 1 : 0.20488042, 1 : 0.080390334",10
2.00585114495764E+018,"7 : 0.90716517, 7 : 0.017047973, 7 : 0.013111104",10
2.00248197341657E+018,"3 : 0.18414894, 3 : 0.07254041, 3 : 0.038673684",10
2.00154576436231E+018,"6 : 0.07270088, 3 : 0.059841137, 3 : 0.058986075",10
2.00038297790081E+018,"6 : 0.39828613, 6 : 0.1514664, 3 : 0.0761162",10
1.99944470010869E+018,"3 : 0.29493812, 3 : 0.16647843, 3 : 0.1560053",10
1.99287472543005E+018,"3 : 0.3527412, 3 : 0.26654655, 3 : 0.103525534",10
1.98881277056948E+018,"3 : 0.30334085, 6 : 0.11982887, 3 : 0.11799646",10
1.98415528972076E+018,"2 : 0.06567482, 7 : 0.04309032, 2 : 0.03148008",10
1.98078355286662E+018,"6 : 0.096505545, 3 : 0.08780815, 3 : 0.05287329",10
1.97221437071701E+018,"14 : 0.42919412, 14 : 0.17533077, 3 : 0.08127781",10
1.96311509783237E+018,"3 : 0.18092008, 3 : 0.07451365, 3 : 0.03846805",10
1.95670001541952E+018,"3 : 0.11911345, 3 : 0.11757663, 3 : 0.101431504",10
1.95041498886816E+018,"3 : 0.6510718, 3 : 0.14001332, 3 : 0.025121575",10
1.94811111970504E+018,"3 : 0.6462851, 3 : 0.11689906, 3 : 0.019102374",10
1.94515681126746E+018,"1 : 0.07630059, 1 : 0.034567636, 11 : 0.027838288",10
1.93948809621701E+018,"3 : 0.62955093, 3 : 0.13551731, 3 : 0.026001576",10
1.93731018950333E+018,"7 : 0.50528365, 3 : 0.11937244, 3 : 0.036531102",10
1.93437218232897E+018,"7 : 0.29481256, 2 : 0.03439702, 2 : 0.03401284",10
1.92692367218013E+018,"13 : 0.9998216, 13 : 2.4365714e-05, 13 : 2.1298476e-05",10
1.92108912329883E+018,"2 : 0.7957135, 12 : 0.016324816, 2 : 0.006565482",10
1.91480793387986E+018,"3 : 0.2324944, 2 : 0.13158754, 13 : 0.050493",10
1.90973892224443E+018,"3 : 0.109695956, 5 : 0.09256192, 3 : 0.07596228",10
1.90892125465798E+018,"2 : 0.84250075, 7 : 0.0024806827, 2 : 0.0021486203",10
1.90684955786445E+018,"3 : 0.61836106, 2 : 0.037038647, 7 : 0.018619876",10
1.90157305789226E+018,"3 : 0.2129895, 3 : 0.089756325, 6 : 0.033719618",10
1.90082046785057E+018,"3 : 0.3144945, 3 : 0.13715832, 3 : 0.10407007",10
1.89796469608752E+018,"3 : 0.08431836, 3 : 0.05483073, 3 : 0.054740418",10
1.89720919520846E+018,"3 : 0.46430942, 3 : 0.2963119, 14 : 0.06890368",10
1.89504420714459E+018,"3 : 0.22772002, 3 : 0.20486312, 3 : 0.055088595",10
1.888449798631E+018,"3 : 0.24658208, 3 : 0.06029732, 3 : 0.031699788",10
1.88541336668506E+018,"2 : 0.30633372, 9 : 0.17321174, 13 : 0.06161814",10
1.88223783481644E+018,"3 : 0.30748174, 3 : 0.123408325, 3 : 0.0683735",10
1.87692095561704E+018,"3 : 0.2567227, 7 : 0.13181564, 3 : 0.12768276",10
1.87361661286483E+018,"3 : 0.8509297, 5 : 0.08709913, 3 : 0.018210905",10
1.86966676363057E+018,"3 : 0.34317702, 3 : 0.1195262, 3 : 0.118979394",10
1.86808414901579E+018,"7 : 0.17465104, 14 : 0.116986595, 7 : 0.0717975",10
1.85735819138409E+018,"3 : 0.54848355, 7 : 0.28288683, 13 : 0.013182046",10
1.85148935314297E+018,"9 : 0.2454166, 11 : 0.23939796, 11 : 0.2183685",10
1.84799112019873E+018,"3 : 0.23510647, 3 : 0.19898793, 6 : 0.09806133",10
1.84086433138768E+018,"3 : 0.22028579, 3 : 0.16188546, 2 : 0.11131201",10
1.83803862895118E+018,"7 : 0.54017293, 13 : 0.041848466, 7 : 0.039168693",10
1.83544837303162E+018,"3 : 0.57844424, 5 : 0.046338845, 5 : 0.0140538355",10
1.8296909009611E+018,"3 : 0.0755711, 6 : 0.05941121, 3 : 0.04829035",10
1.82841759928597E+018,"3 : 0.922472, 10 : 0.02773973, 3 : 0.0007351681",10
1.82330040961663E+018,"6 : 0.28191227, 3 : 0.27468395, 6 : 0.07813172",10
1.81747836030756E+018,"3 : 0.15604435, 2 : 0.077008314, 5 : 0.0677491",10
1.81599599360083E+018,"3 : 0.8796507, 3 : 0.040767428, 3 : 0.031106805",10
1.81162347801067E+018,"6 : 0.07511549, 3 : 0.064190485, 3 : 0.04370424",10
1.81100895527341E+018,"1 : 0.24576418, 8 : 0.106214635, 1 : 0.0543429",10
1.81019417560846E+018,"2 : 0.13354057, 2 : 0.118103296, 7 : 0.031661894",10
1.80653155377997E+018,"14 : 0.11921945, 2 : 0.080833375, 3 : 0.077501595",10
1.8032257273256E+018,"3 : 0.5369198, 3 : 0.09534659, 3 : 0.05627214",10
1.8010100827317E+018,"3 : 0.348621, 6 : 0.19505222, 3 : 0.11250163",10
1.79866347617748E+018,"3 : 0.13966398, 3 : 0.12873304, 3 : 0.055706706",10
1.79597054406534E+018,"6 : 0.7778454, 6 : 0.028925553, 3 : 0.02037164",10
1.79297075813859E+018,"3 : 0.49186137, 3 : 0.15137795, 3 : 0.075147815",10
1.78727683342561E+018,"3 : 0.3715717, 3 : 0.062209606, 3 : 0.060629074",10
1.78586673272087E+018,"3 : 0.6456826, 3 : 0.07286381, 3 : 0.023639359",10
1.78364870403496E+018,"3 : 0.4774559, 3 : 0.20102239, 3 : 0.045325615",10
1.78120175403418E+018,"3 : 0.6807757, 3 : 0.097043894, 3 : 0.09235853",10
1.77774550148498E+018,"3 : 0.2141963, 3 : 0.1981382, 3 : 0.10451809",10
1.77631350657362E+018,"8 : 0.53090274, 3 : 0.3489161, 6 : 0.010624648",10
1.77541785524197E+018,"6 : 0.18871291, 3 : 0.06032803, 5 : 0.03909812",10
1.77421683602209E+018,"7 : 0.32681215, 3 : 0.21153094, 13 : 0.06759301",10
1.77029292565616E+018,"7 : 0.86549085, 7 : 0.095009126, 10 : 0.0054560476",10
1.76747274196688E+018,"3 : 0.10634438, 3 : 0.09010121, 3 : 0.07195792",10
1.76561215722696E+018,"3 : 0.5506517, 3 : 0.04921427, 5 : 0.048417233",10
1.76381526909012E+018,"3 : 0.27951446, 3 : 0.1525246, 3 : 0.08264666",10
1.75950795561855E+018,"2 : 0.20541956, 4 : 0.09579847, 2 : 0.058893047",10
1.75683192418496E+018,"3 : 0.0810287, 8 : 0.06972096, 7 : 0.044289388",10
1.75296010103336E+018,"13 : 0.4405826, 13 : 0.06377198, 14 : 0.04507383",10
1.74863059416404E+018,"2 : 0.73896474, 2 : 0.042397026, 3 : 0.013743962",10
1.74597331673133E+018,"2 : 0.3708703, 2 : 0.29623622, 7 : 0.13724284",10
1.74490412432522E+018,"3 : 0.2288892, 6 : 0.17961821, 6 : 0.17680459",10
1.74282302071443E+018,"12 : 0.25793868, 3 : 0.1546271, 13 : 0.10162879",10
1.73987900417516E+018,"6 : 0.23553306, 3 : 0.12881099, 5 : 0.062395822",10
1.73660722451544E+018,"3 : 0.5486667, 5 : 0.08339884, 3 : 0.078082174",10
1.73123545045648E+018,"3 : 0.15944485, 3 : 0.15281595, 3 : 0.08790455",10
1.72854412639925E+018,"3 : 0.25215107, 2 : 0.06570368, 7 : 0.02868738",10
1.72487548389898E+018,"6 : 0.57874167, 3 : 0.07496723, 3 : 0.06532338",10
1.721721188403E+018,"3 : 0.30951905, 7 : 0.30675954, 7 : 0.01947678",10
1.71980655250721E+018,"3 : 0.15118112, 3 : 0.08486191, 6 : 0.06688243",10
1.7182767027632E+018,"3 : 0.34268776, 3 : 0.065278254, 3 : 0.03514459",10
1.71689986120479E+018,"13 : 0.2811385, 3 : 0.2124739, 7 : 0.1053486",10
1.71484514932812E+018,"6 : 0.4397233, 6 : 0.067935325, 3 : 0.055114932",10
1.71312603539205E+018,"6 : 0.13169503, 6 : 0.12138859, 3 : 0.09910898",10
1.71254238086249E+018,"2 : 0.24471383, 13 : 0.08670986, 13 : 0.03459313",10
1.71178541876242E+018,"3 : 0.46583366, 3 : 0.46053696, 3 : 0.018218124",10
1.71100824779388E+018,"2 : 0.12817237, 3 : 0.11595476, 3 : 0.029679293",10
1.70964075819944E+018,"3 : 0.14557831, 3 : 0.13054024, 3 : 0.072862774",10
1.70875430974918E+018,"3 : 0.61712104, 3 : 0.20941973, 3 : 0.020764945",10
1.70470864560929E+018,"3 : 0.42813936, 3 : 0.17219718, 3 : 0.10916767",10
1.70090085400426E+018,"3 : 0.44328615, 3 : 0.27578455, 3 : 0.015036711",10
1.69997207012711E+018,"7 : 0.21810882, 3 : 0.14277111, 4 : 0.037661213",10
1.69419805346648E+018,"6 : 0.7569102, 6 : 0.07729011, 6 : 0.023503551",10
1.68503119901194E+018,"7 : 0.9631759, 6 : 0.0068227686, 3 : 0.0011429752",10
1.68405430387636E+018,"6 : 0.31223914, 3 : 0.079856984, 3 : 0.042559512",10
1.68138892393671E+018,"3 : 0.5041303, 3 : 0.085358866, 3 : 0.058532447",10
1.67943527439507E+018,"7 : 0.17603096, 12 : 0.042847034, 7 : 0.029708596",10
1.67863935896347E+018,"3 : 0.21145302, 2 : 0.14922395, 14 : 0.12347892",10
1.67474801462612E+018,"3 : 0.18567434, 3 : 0.18233208, 3 : 0.094214246",10
1.67388877194873E+018,"3 : 0.19284295, 3 : 0.18037394, 3 : 0.102211006",10
1.67058325233277E+018,"7 : 0.11261981, 2 : 0.07587576, 3 : 0.0361489",10
1.66676076952499E+018,"12 : 0.18149334, 2 : 0.13422492, 2 : 0.06804816",10
1.66539214343307E+018,"7 : 0.24449416, 7 : 0.16358693, 2 : 0.049746905",10
1.66539109374129E+018,"3 : 0.6712742, 3 : 0.19170707, 3 : 0.038277224",10
1.66381589742367E+018,"3 : 0.25332922, 5 : 0.15737566, 3 : 0.107410006",10
1.6623313883417E+018,"3 : 0.4634723, 3 : 0.13726215, 3 : 0.052393977",10
1.66068527573662E+018,"7 : 0.50825554, 13 : 0.18505688, 9 : 0.10008579",10
1.65863838652292E+018,"6 : 0.11502725, 3 : 0.053347647, 3 : 0.048923235",10
1.65520014199151E+018,"3 : 0.5189441, 14 : 0.14886527, 2 : 0.08789184",10
1.65388265401112E+018,"3 : 0.37226576, 3 : 0.07485498, 3 : 0.07113342",10
1.65315291520376E+018,"3 : 0.7952739, 3 : 0.055001788, 3 : 0.029854087",10
1.65159707819004E+018,"7 : 0.47377485, 7 : 0.21249442, 7 : 0.02517116",10
1.65010740323421E+018,"3 : 0.202898, 3 : 0.10820468, 3 : 0.055436384",10
1.64743711731103E+018,"6 : 0.3042593, 3 : 0.029858416, 3 : 0.029137181",10
1.64596932921614E+018,"3 : 0.17654276, 6 : 0.12604861, 3 : 0.07163995",10
1.64375508946855E+018,"6 : 0.4874504, 3 : 0.37867105, 5 : 0.02080523",10
1.64149339035094E+018,"3 : 0.1412844, 3 : 0.12855887, 3 : 0.11815583",10
1.64084028855693E+018,"2 : 0.17532381, 2 : 0.06877339, 2 : 0.06827576",10
1.64004086547269E+018,"3 : 0.37377453, 13 : 0.055621408, 12 : 0.042110454",10
1.63935321486642E+018,"2 : 0.18956545, 2 : 0.038050044, 13 : 0.030843176",10
1.63850364991863E+018,"3 : 0.19585718, 7 : 0.108324066, 3 : 0.07181085",10
1.63638533333446E+018,"3 : 0.3579903, 3 : 0.2485464, 3 : 0.094757445",10
1.63362546587626E+018,"3 : 0.65258646, 3 : 0.078458495, 3 : 0.049781423",10
1.6333818870639E+018,"3 : 0.7660275, 3 : 0.06404508, 3 : 0.04221982",10
1.62854616450461E+018,"3 : 0.1789677, 6 : 0.14390919, 12 : 0.09826126",10
1.62681509558454E+018,"2 : 0.13558273, 7 : 0.074863896, 4 : 0.044221584",10
1.62632952940012E+018,"3 : 0.43052286, 3 : 0.10737845, 3 : 0.01967009",10
1.62539622487817E+018,"3 : 0.6042908, 3 : 0.112705804, 3 : 0.049757164",10
1.62334861583744E+018,"3 : 0.24101397, 7 : 0.19744107, 12 : 0.09347666",10
1.62310942956924E+018,"3 : 0.320089, 3 : 0.16842695, 3 : 0.13054737",10
1.62177178545885E+018,"3 : 0.98611057, 14 : 0.0029076296, 7 : 0.0016738381",10
1.62125432823688E+018,"3 : 0.247935, 3 : 0.08847239, 3 : 0.075815305",10
1.61977039648397E+018,"13 : 0.4316236, 7 : 0.055346724, 7 : 0.018961696",10
1.61411236788062E+018,"7 : 0.25479528, 3 : 0.14341293, 3 : 0.03611082",10
1.61253619670445E+018,"2 : 0.40103963, 3 : 0.22530316, 3 : 0.021763189",10
1.61030731619515E+018,"3 : 0.6422585, 6 : 0.035914436, 8 : 0.019599998",10
1.60818111345545E+018,"3 : 0.25671566, 3 : 0.18114324, 3 : 0.1321205",10
1.60786182415255E+018,"3 : 0.19746937, 5 : 0.19015108, 3 : 0.0629874",10
1.60298682312608E+018,"4 : 0.8114943, 9 : 0.054246597, 1 : 0.01821707",10
1.60167286031704E+018,"3 : 0.24875678, 3 : 0.07985909, 3 : 0.03210336",10
1.59997172972707E+018,"3 : 0.16050929, 3 : 0.14083013, 3 : 0.055632453",10
1.59823676024854E+018,"13 : 0.11475677, 3 : 0.08143106, 7 : 0.069704",10
1.5959026997892E+018,"3 : 0.21045694, 13 : 0.146542, 12 : 0.12841073",10
1.59297718263153E+018,"3 : 0.23971799, 3 : 0.049038157, 7 : 0.038709022",10
1.59272012609533E+018,"3 : 0.3860346, 3 : 0.12941416, 3 : 0.10738719",10
1.59050626688225E+018,"3 : 0.5029894, 2 : 0.06610401, 2 : 0.050996136",10
1.58842112379492E+018,"3 : 0.54668254, 3 : 0.064897746, 3 : 0.01887423",10
1.58642401734711E+018,"3 : 0.20900096, 3 : 0.18582249, 3 : 0.18459816",10
1.57633140317441E+018,"3 : 0.26036635, 7 : 0.13653909, 2 : 0.080098346",10
1.57320948226246E+018,"3 : 0.8961229, 3 : 0.023135161, 3 : 0.0075154374",10
1.57247998660636E+018,"3 : 0.15560523, 3 : 0.15472145, 7 : 0.069456995",10
1.57037907989013E+018,"3 : 0.1381028, 3 : 0.10148036, 3 : 0.098277174",10
1.56882664700695E+018,"3 : 0.22752766, 3 : 0.15145592, 3 : 0.15127498",10
1.5676649713407E+018,"5 : 0.27176172, 3 : 0.10524752, 5 : 0.10130009",10
1.56626278245412E+018,"3 : 0.7723675, 7 : 0.020395178, 13 : 0.010393731",10
1.56472499104778E+018,"3 : 0.72761273, 12 : 0.17085648, 3 : 0.018457154",10
1.56378026691251E+018,"3 : 0.45790374, 3 : 0.05571503, 6 : 0.053453103",10
1.56034345267128E+018,"2 : 0.46142045, 2 : 0.2901734, 8 : 0.012748005",10
1.55827461499869E+018,"6 : 0.10515191, 6 : 0.09737602, 2 : 0.094252124",10
1.55392296982959E+018,"2 : 0.40525675, 3 : 0.267688, 3 : 0.08907121",10
1.55216571090634E+018,"3 : 0.20583226, 3 : 0.1413233, 3 : 0.05743034",10
1.5472953371426E+018,"3 : 0.3364519, 6 : 0.107764505, 3 : 0.09070376",10
1.54597826463444E+018,"3 : 0.58459026, 3 : 0.163131, 3 : 0.029745188",10
1.54270806176305E+018,"3 : 0.14013216, 3 : 0.059862718, 3 : 0.043236088",10
1.5406113980556E+018,"2 : 0.47078443, 3 : 0.31893015, 2 : 0.022259234",10
1.53871903763753E+018,"3 : 0.24284926, 2 : 0.067186706, 5 : 0.050302427",10
1.53722413565026E+018,"7 : 0.119949736, 8 : 0.091887206, 2 : 0.08777355",10
1.53699055604194E+018,"2 : 0.13112116, 7 : 0.08494788, 2 : 0.030007506",10
1.5358502839342E+018,"13 : 0.26209164, 8 : 0.056809712, 7 : 0.04603551",10
1.53399815012863E+018,"3 : 0.6623829, 3 : 0.07817662, 5 : 0.031594884",10
1.53193449817E+018,"3 : 0.30244687, 3 : 0.18314578, 2 : 0.050922442",10
1.52976886221961E+018,"1 : 0.3822311, 3 : 0.16749094, 1 : 0.047353886",10
1.52484537040718E+018,"2 : 0.13834132, 3 : 0.128607, 3 : 0.045462903",10
1.52465376891406E+018,"13 : 0.5526406, 3 : 0.27789202, 7 : 0.05333543",10
1.52385888837736E+018,"3 : 0.1751031, 5 : 0.1201713, 3 : 0.120138355",10
1.52202460187268E+018,"3 : 0.61299914, 3 : 0.10856109, 2 : 0.029402148",10
1.52174702332147E+018,"5 : 0.52345103, 2 : 0.06500173, 2 : 0.05744258",10
1.51978728103188E+018,"3 : 0.24851622, 3 : 0.24171631, 3 : 0.10807723",10
1.51898522472865E+018,"3 : 0.50787467, 3 : 0.16307507, 3 : 0.07252628",10
1.51759514726441E+018,"3 : 0.27600414, 12 : 0.15776579, 3 : 0.121142685",10
1.51694006421371E+018,"13 : 0.13989086, 13 : 0.06271979, 13 : 0.056656584",10
1.51544264571118E+018,"3 : 0.33607545, 3 : 0.10365333, 3 : 0.08822408",10
1.51372191065103E+018,"7 : 0.15119635, 4 : 0.125305, 8 : 0.04255489",10
1.51247281962238E+018,"3 : 0.25174046, 3 : 0.10984823, 3 : 0.07923363",10
1.51163403468037E+018,"14 : 0.5276543, 7 : 0.035470415, 3 : 0.020720366",10
1.5110942306004E+018,"3 : 0.31938556, 3 : 0.27961, 3 : 0.07797689",10
1.51019422257716E+018,"2 : 0.29620323, 2 : 0.23390591, 3 : 0.09778539",10
1.50454554832869E+018,"3 : 0.3680851, 3 : 0.11121792, 3 : 0.09122773",10
1.50324013668215E+018,"4 : 0.2103273, 3 : 0.12660974, 3 : 0.08826608",10
1.50168408679127E+018,"3 : 0.15047616, 3 : 0.12661368, 2 : 0.117284365",10
1.50008495968718E+018,"3 : 0.58765006, 3 : 0.31266433, 3 : 0.009577711",10
1.4934040470325E+018,"2 : 0.103290476, 7 : 0.06297849, 7 : 0.044392113",10
1.49155749345663E+018,"3 : 0.20351946, 3 : 0.04479173, 5 : 0.04279563",10
1.49130434909021E+018,"3 : 0.42315006, 2 : 0.06483473, 3 : 0.04136323",10
1.48992384824612E+018,"2 : 0.071878985, 13 : 0.07042109, 3 : 0.059235077",10
1.48926371016941E+018,"7 : 0.16881706, 3 : 0.07300207, 3 : 0.046317298",10
1.48810703180607E+018,"3 : 0.30331025, 3 : 0.086703286, 3 : 0.045651134",10
1.48692626566277E+018,"3 : 0.186817, 2 : 0.05578291, 2 : 0.040228844",10
1.48653355430502E+018,"3 : 0.38171795, 3 : 0.22010292, 3 : 0.044218633",10
1.48553596999437E+018,"3 : 0.6897209, 3 : 0.07482885, 3 : 0.031287897",10
1.48217961998468E+018,"6 : 0.69162005, 6 : 0.039074093, 3 : 0.0172225",10
1.48143847019381E+018,"4 : 0.5257079, 3 : 0.10103096, 7 : 0.08482468",10
1.48122832491837E+018,"3 : 0.5858928, 3 : 0.16681184, 3 : 0.05146977",10
1.48103002372853E+018,"5 : 0.6335238, 3 : 0.06378493, 3 : 0.054877054",10
1.4800317530192E+018,"3 : 0.7993252, 7 : 0.005683369, 2 : 0.004375966",10
1.47965953771499E+018,"3 : 0.51389676, 3 : 0.13619174, 3 : 0.06846963",10
1.47715828454885E+018,"7 : 0.07307518, 3 : 0.06900693, 3 : 0.0276319",10
1.4763807605039E+018,"3 : 0.918769, 2 : 0.0242358, 2 : 0.0025210367",10
1.46961589760526E+018,"3 : 0.60300523, 3 : 0.08815148, 3 : 0.07987851",10
1.46735528946841E+018,"2 : 0.12882055, 7 : 0.10922015, 2 : 0.06078385",10
1.46627469116529E+018,"3 : 0.2557953, 5 : 0.11723348, 3 : 0.06320187",10
1.46547431080604E+018,"3 : 0.142476, 3 : 0.1324311, 3 : 0.11237953",10
1.4641448477609E+018,"7 : 0.2518935, 7 : 0.16193505, 3 : 0.05413669",10
1.46324955870829E+018,"3 : 0.72625196, 3 : 0.21393266, 3 : 0.0100938715",10
1.46110536461023E+018,"7 : 0.4719853, 7 : 0.094668604, 3 : 0.067448094",10
1.45818506301099E+018,"3 : 0.6062515, 3 : 0.1531041, 3 : 0.033210717",10
1.45751998651922E+018,"3 : 0.17688164, 5 : 0.12878396, 3 : 0.08557925",10
1.45640248604236E+018,"3 : 0.5509548, 14 : 0.29870227, 12 : 0.031096116",10
1.45573499230621E+018,"6 : 0.57235503, 3 : 0.021934994, 3 : 0.02081944",10
1.45392081029328E+018,"3 : 0.6603026, 3 : 0.09420126, 3 : 0.047668587",10
1.45221127673373E+018,"3 : 0.6164867, 3 : 0.1279539, 3 : 0.036880713",10
1.45214535541962E+018,"3 : 0.2106968, 3 : 0.083862364, 3 : 0.05657064",10
1.45095130782152E+018,"6 : 0.29180068, 6 : 0.08648671, 3 : 0.06468851",10
1.44990668981795E+018,"3 : 0.2141841, 3 : 0.11905337, 5 : 0.05449057",10
1.44858206006281E+018,"3 : 0.48126838, 3 : 0.14642498, 3 : 0.06448112",10
1.44597673539249E+018,"3 : 0.2675642, 3 : 0.17472404, 3 : 0.1018548",10
1.44593776269944E+018,"3 : 0.28183064, 3 : 0.15175954, 3 : 0.07647749",10
1.44434897478152E+018,"3 : 0.92454004, 2 : 0.00769407, 7 : 0.0068979524",10
1.44276659091941E+018,"3 : 0.2197205, 3 : 0.09699715, 3 : 0.08095397",10
1.43865789237009E+018,"3 : 0.17748097, 14 : 0.06999738, 7 : 0.060561735",10
1.43713569807031E+018,"3 : 0.5680059, 3 : 0.21367647, 3 : 0.062289704",10
1.43338293450068E+018,"3 : 0.2767018, 12 : 0.15013503, 2 : 0.1423188",10
1.43124700325823E+018,"7 : 0.1644597, 13 : 0.08816, 7 : 0.07132741",10
1.43068132374417E+018,"7 : 0.1515837, 7 : 0.11909912, 2 : 0.08420855",10
1.42836280166305E+018,"3 : 0.11694316, 7 : 0.09989456, 3 : 0.06769161",10
1.42570310809302E+018,"3 : 0.6813567, 2 : 0.058899824, 7 : 0.035248075",10
1.42189626241192E+018,"7 : 0.39264762, 7 : 0.1653277, 7 : 0.11245885",10
1.41891485672441E+018,"3 : 0.31963104, 3 : 0.07938768, 6 : 0.07450016",10
2.20876298354345E+018,"12 : 0.7432148, 3 : 0.14534193, 12 : 0.0046893526",3
2.21060639463781E+018,"8 : 0.16720086, 8 : 0.08208978, 8 : 0.06442898",3
2.21058115436611E+018,"11 : 0.10471812, 13 : 0.06374556, 1 : 0.0623845",3
2.21051784558285E+018,"7 : 0.08007385, 2 : 0.047077566, 1 : 0.03848997",3
2.21042564712219E+018,"2 : 0.10937835, 4 : 0.06006113, 7 : 0.052366868",3
2.21028265264371E+018,"9 : 0.3278321, 7 : 0.08067838, 2 : 0.074145615",3
2.210234795234E+018,"1 : 0.059080616, 13 : 0.0324702, 1 : 0.028531557",3
2.21023463767074E+018,"13 : 0.19879599, 3 : 0.19151893, 7 : 0.121318795",3
2.2102344196341E+018,"11 : 0.06675991, 2 : 0.032150485, 6 : 0.02252627",3
2.20985024286299E+018,"2 : 0.8150744, 7 : 0.020827007, 3 : 0.016773196",3
2.20984618593731E+018,"3 : 0.92241096, 3 : 0.011654124, 3 : 0.006646186",3
2.20977515364566E+018,"9 : 0.45649874, 8 : 0.22695819, 8 : 0.033301424",3
2.209734124846E+018,"4 : 0.75545543, 1 : 0.04480854, 2 : 0.024286995",3
2.20966369325657E+018,"5 : 0.6101939, 7 : 0.0075684204, 5 : 0.0066861752",3
2.20964480335291E+018,"7 : 0.37016034, 4 : 0.34940106, 8 : 0.036013655",3
2.2096377723907E+018,"7 : 0.49012208, 7 : 0.06413647, 7 : 0.035165593",3
2.20961348650442E+018,"2 : 0.23459168, 13 : 0.2118854, 9 : 0.036619764",3
2.20955383338746E+018,"9 : 0.3647926, 9 : 0.28658906, 9 : 0.1043786",3
2.20946977090339E+018,"3 : 0.16993743, 9 : 0.043104485, 2 : 0.036175143",3
2.20946958009565E+018,"3 : 0.26224875, 7 : 0.11602732, 3 : 0.06383971",3
2.20946858078597E+018,"3 : 0.64886874, 7 : 0.014917869, 13 : 0.014183534",3
2.20946644768874E+018,"3 : 0.22865622, 7 : 0.21737073, 3 : 0.09301939",3
2.2094536472439E+018,"3 : 0.7135979, 3 : 0.04994436, 3 : 0.009934389",3
2.20945321642006E+018,"7 : 0.6602802, 7 : 0.08631422, 7 : 0.03095459",3
2.209353719836E+018,"9 : 0.41487104, 2 : 0.22245523, 2 : 0.0326569",3
2.20914235590594E+018,"13 : 0.111285485, 12 : 0.088583164, 9 : 0.08088701",3
2.20913456343597E+018,"7 : 0.63742775, 7 : 0.03526028, 2 : 0.027959172",3
2.20913375920314E+018,"7 : 0.22194067, 2 : 0.15887612, 7 : 0.14300747",3
2.20910157790243E+018,"8 : 0.5249953, 8 : 0.2049077, 8 : 0.032909043",3
2.20908310990371E+018,"7 : 0.15592743, 9 : 0.1332413, 7 : 0.04776729",3
2.20908262082271E+018,"7 : 0.24268551, 9 : 0.05687695, 7 : 0.04809061",3
2.20904024082831E+018,"10 : 0.1051133, 13 : 0.10279063, 13 : 0.05566404",3
2.20903376273445E+018,"1 : 0.4827485, 1 : 0.35127166, 1 : 0.014157334",3
2.20900789335831E+018,"13 : 0.38448438, 2 : 0.038386207, 3 : 0.036585175",3
2.20899483002865E+018,"7 : 0.35325214, 4 : 0.13285442, 13 : 0.08683987",3
2.2089176350565E+018,"13 : 0.21443386, 6 : 0.14527763, 7 : 0.035187412",3
2.20889418002024E+018,"3 : 0.62635326, 2 : 0.01874165, 2 : 0.017931687",3
2.2088176649194E+018,"1 : 0.67777294, 11 : 0.0782034, 11 : 0.03746598",3
2.20880035139502E+018,"7 : 0.92670125, 7 : 0.01588931, 12 : 0.0015302146",3
2.2088002832964E+018,"7 : 0.92670125, 7 : 0.01588931, 12 : 0.0015302146",3
2.20878406799065E+018,"7 : 0.7448474, 7 : 0.08852932, 2 : 0.010201967",3
2.20843013490938E+018,"1 : 0.28712305, 13 : 0.18286245, 11 : 0.04502021",3
2.20836510682277E+018,"13 : 0.108016744, 2 : 0.056268003, 12 : 0.0447866",3
2.20835260892064E+018,"8 : 0.77334887, 8 : 0.027513608, 6 : 0.008967119",3
2.20832947604398E+018,"9 : 0.37600645, 9 : 0.029060097, 13 : 0.024726314",3
2.20830498864727E+018,"9 : 0.36243016, 12 : 0.08196614, 3 : 0.067285985",3
2.20824460970325E+018,"13 : 0.167022, 1 : 0.03184936, 13 : 0.03006201",3
2.20821261124141E+018,"9 : 0.3809789, 8 : 0.077884935, 11 : 0.07628437",3
2.20805060167846E+018,"11 : 0.15837559, 11 : 0.13435933, 12 : 0.07255293",3
2.2080196006025E+018,"7 : 0.42962524, 4 : 0.09573518, 7 : 0.091895334",3
2.20801504287254E+018,"3 : 0.7692303, 3 : 0.01944723, 3 : 0.018769214",3
2.20800478399761E+018,"1 : 0.21884808, 11 : 0.20384406, 2 : 0.06812801",3
2.20797342489821E+018,"14 : 0.05550686, 3 : 0.048296094, 2 : 0.042346038",3
2.20763579595225E+018,"2 : 0.21582708, 13 : 0.13288677, 3 : 0.04629105",3
2.20759781283795E+018,"13 : 0.5092021, 12 : 0.055351935, 7 : 0.034271624",3
2.20728367370374E+018,"13 : 0.76895267, 9 : 0.017485715, 9 : 0.010662882",3
2.20717129846611E+018,"6 : 0.31734583, 6 : 0.29803908, 6 : 0.08625992",3
2.20679698976194E+018,"7 : 0.45525363, 7 : 0.06107268, 2 : 0.03526579",3
2.20664968699539E+018,"3 : 0.7562812, 3 : 0.0772436, 3 : 0.050393336",3
2.20664399288287E+018,"2 : 0.3262941, 2 : 0.30611435, 3 : 0.047828704",3
2.20634358692513E+018,"2 : 0.8090045, 10 : 0.05998641, 6 : 0.0153734805",3
2.20628823199399E+018,"2 : 0.22255859, 13 : 0.03791245, 7 : 0.029305749",3
2.20626889222624E+018,"11 : 0.43318704, 11 : 0.075615145, 1 : 0.07532219",3
2.20602983901087E+018,"3 : 0.3921714, 7 : 0.09585672, 7 : 0.07945809",3
2.20601925459198E+018,"13 : 0.33057338, 4 : 0.08161683, 11 : 0.025339087",3
2.20593548301649E+018,"9 : 0.14400457, 7 : 0.10556428, 4 : 0.03268123",3
2.20593358294654E+018,"7 : 0.6716842, 7 : 0.18469873, 7 : 0.055347037",3
2.20590045496462E+018,"7 : 0.2326441, 7 : 0.22592874, 4 : 0.057576917",3
2.2058206523261E+018,"5 : 0.29036146, 9 : 0.27420762, 13 : 0.08114178",3
2.20581621242917E+018,"13 : 0.121111654, 12 : 0.03984841, 11 : 0.023771204",3
2.20549139691223E+018,"13 : 0.074919775, 13 : 0.06519365, 2 : 0.053158995",3
2.20539057157147E+018,"3 : 0.6000242, 3 : 0.15666382, 3 : 0.08726517",3
2.20533382907295E+018,"11 : 0.40956637, 1 : 0.09677909, 1 : 0.0711777",3
2.20528939338326E+018,"3 : 0.80862176, 3 : 0.042514358, 7 : 0.010145552",3
2.20527460256601E+018,"7 : 0.3336464, 7 : 0.11032688, 7 : 0.07009437",3
2.20525506953291E+018,"3 : 0.87730557, 3 : 0.01770168, 3 : 0.01175991",3
2.20523795469235E+018,"9 : 0.22255367, 9 : 0.20075038, 8 : 0.08815828",3
2.20522621958154E+018,"3 : 0.26121074, 3 : 0.20331505, 3 : 0.12029349",3
2.20517693965694E+018,"13 : 0.51230574, 13 : 0.25042093, 13 : 0.029075222",3
2.20516906742638E+018,"13 : 0.21413901, 9 : 0.20366733, 13 : 0.19825351",3
2.20515466358264E+018,"7 : 0.19224206, 12 : 0.13435039, 12 : 0.110759616",3
2.20511151387494E+018,"3 : 0.555502, 7 : 0.33756518, 7 : 0.015756456",3
2.20508566845398E+018,"2 : 0.18285666, 13 : 0.11877464, 10 : 0.082482584",3
2.20494069722026E+018,"7 : 0.093150765, 11 : 0.08105325, 11 : 0.045077965",3
2.20479765929896E+018,"11 : 0.28816962, 1 : 0.04434211, 8 : 0.03733339",3
2.20479684267639E+018,"7 : 0.10856762, 2 : 0.09387285, 7 : 0.070779584",3
2.20479618740035E+018,"8 : 0.3559707, 9 : 0.025105909, 13 : 0.02379942",3
2.20473188240119E+018,"4 : 0.34454584, 9 : 0.117076054, 12 : 0.021592095",3
2.20466544533333E+018,"1 : 0.8447424, 11 : 0.023631632, 8 : 0.010132289",3
2.2046547990068E+018,"9 : 0.717059, 3 : 0.037731837, 9 : 0.025910387",3
2.20464382294116E+018,"7 : 0.30254748, 2 : 0.27149993, 3 : 0.02938537",3
2.20452679060152E+018,"13 : 0.36501145, 1 : 0.1774701, 12 : 0.058723047",3
2.20452101048991E+018,"8 : 0.08435477, 7 : 0.050496764, 8 : 0.045292646",3
2.2045123509213E+018,"9 : 0.2349985, 9 : 0.10433769, 13 : 0.03304274",3
2.20450862197549E+018,"2 : 0.37359145, 2 : 0.08511145, 13 : 0.04583364",3
2.20450090565564E+018,"11 : 0.84168404, 7 : 0.008009903, 13 : 0.004455307",3
2.2044962109039E+018,"9 : 0.5688554, 4 : 0.122352414, 14 : 0.11906954",3
2.20447705469415E+018,"2 : 0.5903761, 1 : 0.16900618, 1 : 0.049698673",3
2.20447145514883E+018,"2 : 0.10798493, 7 : 0.0763241, 3 : 0.04824901",3
2.20435744175233E+018,"3 : 0.35614094, 3 : 0.15788339, 3 : 0.10330076",3
2.20433027911164E+018,"7 : 0.20313483, 2 : 0.17895652, 7 : 0.101557925",3
2.20417422210533E+018,"12 : 0.28885567, 2 : 0.18145542, 4 : 0.061886087",3
2.20406162386702E+018,"9 : 0.29957396, 11 : 0.05768929, 12 : 0.03500982",3
2.20401932545996E+018,"7 : 0.13123636, 11 : 0.107470624, 7 : 0.08041709",3
2.20400651678574E+018,"11 : 0.26842627, 11 : 0.04344791, 8 : 0.038938623",3
2.20398384824835E+018,"13 : 0.16133738, 9 : 0.04341668, 10 : 0.037111823",3
2.20396232396919E+018,"2 : 0.14462514, 7 : 0.1196641, 2 : 0.07166756",3
2.20391950700417E+018,"1 : 0.28775063, 9 : 0.03176034, 1 : 0.03170278",3
2.20391620431024E+018,"13 : 0.65532875, 9 : 0.2209423, 9 : 0.03360661",3
2.20386165514721E+018,"3 : 0.99956113, 2 : 8.0417696e-05, 9 : 1.3993638e-05",3
2.20384975344022E+018,"8 : 0.93823224, 8 : 0.014407948, 8 : 0.00090397114",3
2.20382794914153E+018,"13 : 0.57540345, 13 : 0.13889684, 13 : 0.057040125",3
2.20381015291956E+018,"2 : 0.93528575, 11 : 0.004985135, 14 : 0.0031844748",3
2.20379619935865E+018,"3 : 0.16283584, 13 : 0.110016756, 13 : 0.07463832",3
2.20375742962676E+018,"1 : 0.26574808, 1 : 0.18599914, 9 : 0.108276255",3
2.20369956859112E+018,"3 : 0.5794565, 7 : 0.056014042, 7 : 0.021524094",3
2.2033313240445E+018,"12 : 0.098901115, 1 : 0.09354495, 11 : 0.06560676",3
2.20323123899143E+018,"7 : 0.18706034, 2 : 0.06275377, 2 : 0.054007564",3
2.20319754784175E+018,"9 : 0.8473697, 9 : 0.011205592, 9 : 0.010504151",3
2.2030563821152E+018,"7 : 0.54569656, 3 : 0.39623675, 7 : 0.011136558",3
2.20303856055111E+018,"12 : 0.35727647, 2 : 0.1664385, 12 : 0.13397363",3
2.20302071414813E+018,"9 : 0.64973027, 9 : 0.26967052, 11 : 0.0073586637",3
2.20287517135271E+018,"11 : 0.4070454, 11 : 0.28000644, 1 : 0.10525622",3
2.20258648815637E+018,"2 : 0.36140501, 7 : 0.080524735, 2 : 0.06059051",3
2.20256738564132E+018,"8 : 0.8142296, 7 : 0.050510257, 8 : 0.031900182",3
2.20256287594298E+018,"1 : 0.21856676, 11 : 0.11291829, 13 : 0.04753287",3
2.20246849284688E+018,"9 : 0.559025, 9 : 0.2832139, 9 : 0.044347927",3
2.20238427722888E+018,"10 : 0.16670364, 7 : 0.16021706, 7 : 0.052674748",3
2.20233148077134E+018,"7 : 0.20054834, 2 : 0.07525007, 12 : 0.061262824",3
2.20232183991419E+018,"12 : 0.4001078, 3 : 0.081261255, 9 : 0.029128345",3
2.20228855539173E+018,"7 : 0.09283195, 3 : 0.04075726, 5 : 0.0368771",3
2.2022423860637E+018,"4 : 0.3810691, 4 : 0.114283666, 8 : 0.079240195",3
2.20185346079474E+018,"12 : 0.82481915, 3 : 0.0364381, 3 : 0.029530598",3
2.20182712304699E+018,"2 : 0.101609215, 2 : 0.08625292, 6 : 0.08193683",3
2.20182556341176E+018,"2 : 0.16136369, 7 : 0.09877779, 2 : 0.06604022",3
2.20178337075277E+018,"8 : 0.16828015, 13 : 0.16679305, 8 : 0.07033885",3
2.20176929983652E+018,"13 : 0.74979544, 1 : 0.05607945, 1 : 0.023257114",3
2.20174240651166E+018,"7 : 0.45053226, 12 : 0.108824894, 12 : 0.078428045",3
2.20166403840964E+018,"7 : 0.16529043, 7 : 0.09965998, 7 : 0.070475474",3
2.20158641194899E+018,"2 : 0.3825913, 2 : 0.13772702, 12 : 0.0898042",3
2.20158414490244E+018,"2 : 0.31061038, 2 : 0.13602634, 10 : 0.11294271",3
2.20118138215616E+018,"13 : 0.2642227, 7 : 0.07736096, 1 : 0.057202145",3
2.20117821539596E+018,"12 : 0.5529186, 13 : 0.16745612, 7 : 0.037146874",3
2.20113547627923E+018,"2 : 0.18005255, 7 : 0.12896289, 3 : 0.045050222",3
2.20110237927651E+018,"13 : 0.53015465, 12 : 0.051618066, 4 : 0.027316269",3
2.20106080392749E+018,"2 : 0.8576971, 3 : 0.061984893, 12 : 0.022536006",3
2.20103708324258E+018,"7 : 0.7440293, 4 : 0.066657506, 2 : 0.040858693",3
2.20100957912761E+018,"3 : 0.22848766, 4 : 0.12771124, 8 : 0.04697851",3
2.2009861666484E+018,"7 : 0.46887475, 13 : 0.119829774, 2 : 0.026615",3
2.20092848135435E+018,"9 : 0.84759253, 13 : 0.020254856, 8 : 0.017626477",3
2.2007315709423E+018,"3 : 0.7381462, 3 : 0.1727007, 3 : 0.003227383",3
2.20070985399462E+018,"3 : 0.15047534, 3 : 0.12932123, 3 : 0.12639137",3
2.20046191714394E+018,"3 : 0.30285838, 9 : 0.2398294, 3 : 0.1276964",3
2.20018444683674E+018,"8 : 0.11801023, 13 : 0.087522216, 9 : 0.059799995",3
2.20018045441436E+018,"4 : 0.45843402, 7 : 0.11250625, 7 : 0.03459089",3
2.20015662522127E+018,"13 : 0.5535677, 9 : 0.10972637, 13 : 0.07619345",3
2.20014977523674E+018,"8 : 0.49906078, 8 : 0.4282524, 8 : 0.0031876622",3
2.20000011818325E+018,"13 : 0.892563, 2 : 0.0067429594, 13 : 0.0018093672",3
2.19972700379448E+018,"7 : 0.6336942, 3 : 0.16866237, 7 : 0.022705194",3
2.19972628181213E+018,"13 : 0.7408058, 13 : 0.091976404, 13 : 0.022178356",3
2.19965581566156E+018,"8 : 0.077176824, 12 : 0.060442295, 7 : 0.033203818",3
2.19965523267843E+018,"12 : 0.88699114, 3 : 0.032429844, 7 : 0.008660928",3
2.19954289868046E+018,"8 : 0.12632932, 8 : 0.10781489, 8 : 0.058801334",3
2.19947888752882E+018,"2 : 0.29552093, 7 : 0.057276044, 13 : 0.03236163",3
2.19944866163778E+018,"8 : 0.15056051, 11 : 0.097643904, 11 : 0.044708394",3
2.19943472873875E+018,"3 : 0.88571376, 7 : 0.012704498, 3 : 0.010280708",3
2.19940687486112E+018,"13 : 0.244303, 7 : 0.05480533, 7 : 0.04009663",3
2.19939421314419E+018,"13 : 0.050163362, 13 : 0.03108025, 1 : 0.02648015",3
2.19933940593899E+018,"5 : 0.3294278, 13 : 0.32089868, 2 : 0.0671777",3
2.19933365983673E+018,"3 : 0.92957467, 3 : 0.008871493, 7 : 0.004852608",3
2.19932404123298E+018,"13 : 0.16518901, 8 : 0.060942646, 2 : 0.031334348",3
2.19931649349833E+018,"3 : 0.83078057, 3 : 0.030363372, 7 : 0.013225824",3
2.1992870793143E+018,"13 : 0.33713812, 1 : 0.031592883, 12 : 0.02860036",3
2.19899611615918E+018,"13 : 0.2697241, 1 : 0.12425532, 12 : 0.0925357",3
2.19896041632382E+018,"8 : 0.40780467, 8 : 0.12605165, 9 : 0.12331223",3
2.19889428037062E+018,"13 : 0.59408754, 1 : 0.05562304, 1 : 0.022688443",3
2.19884869458667E+018,"3 : 0.44651103, 13 : 0.07980024, 7 : 0.022296965",3
2.19883140125268E+018,"2 : 0.38336265, 13 : 0.0801813, 7 : 0.034080267",3
2.19882439224251E+018,"4 : 0.2849154, 7 : 0.10599761, 13 : 0.050483674",3
2.19879300783514E+018,"1 : 0.463903, 12 : 0.035441905, 1 : 0.0309946",3
2.19879165883796E+018,"3 : 0.5059889, 7 : 0.14192021, 7 : 0.06934153",3
2.19876697100382E+018,"8 : 0.21942867, 8 : 0.145992, 8 : 0.037063763",3
2.19876311146537E+018,"3 : 0.9257328, 4 : 0.033063516, 7 : 0.02339145",3
2.19874261457145E+018,"7 : 0.93831277, 2 : 0.008097865, 2 : 0.00669523",3
2.19873478932714E+018,"6 : 0.14318082, 2 : 0.079463996, 13 : 0.06627768",3
2.19871519894094E+018,"7 : 0.88425267, 7 : 0.036825735, 7 : 0.031849448",3
2.19871493523663E+018,"3 : 0.31991896, 13 : 0.07856758, 11 : 0.044585064",3
2.19871453891706E+018,"3 : 0.6625086, 3 : 0.06137408, 3 : 0.055224825",3
2.19868926745437E+018,"3 : 0.9681971, 7 : 0.007257224, 3 : 0.0030821543",3
2.19865949015343E+018,"6 : 0.33731613, 6 : 0.24132854, 6 : 0.17229763",3
2.19863394316821E+018,"2 : 0.17523089, 9 : 0.10829231, 1 : 0.067132965",3
2.19861691454579E+018,"5 : 0.82197416, 9 : 0.0672487, 5 : 0.028904393",3
2.19857499865098E+018,"10 : 0.15762855, 2 : 0.10481886, 3 : 0.058683433",3
2.2044655881313E+018,"3 : 0.17709294, 7 : 0.16226995, 7 : 0.057044335",3
2.20308254205457E+018,"13 : 0.4697232, 9 : 0.11579629, 12 : 0.064241365",3
2.20022263527827E+018,"3 : 0.26922598, 7 : 0.20023344, 7 : 0.059478976",3
2.2001898155305E+018,"13 : 0.25254077, 7 : 0.068098344, 13 : 0.062318765",3
2.19520190576124E+018,"1 : 0.92085534, 11 : 0.010223742, 11 : 0.0062263426",3
2.19385360982186E+018,"7 : 0.49938712, 13 : 0.09050614, 7 : 0.04238415",3
2.18883602999908E+018,"13 : 0.31389317, 4 : 0.24261278, 9 : 0.02136998",3
2.18745379079069E+018,"9 : 0.7104643, 9 : 0.09963278, 9 : 0.032871075",3
2.18366212899365E+018,"7 : 0.697608, 7 : 0.069697924, 7 : 0.021734236",3
2.17936131647341E+018,"7 : 0.2122837, 13 : 0.19708869, 9 : 0.058893986",3
2.17936130910825E+018,"7 : 0.7639635, 7 : 0.056930967, 14 : 0.022965126",3
2.17902254621414E+018,"8 : 0.69403344, 8 : 0.06497752, 2 : 0.021662096",3
2.17878426127548E+018,"9 : 0.6682177, 11 : 0.15178585, 1 : 0.023132155",3
2.17774956010811E+018,"7 : 0.15540256, 3 : 0.10729517, 12 : 0.08685391",3
2.17574942721039E+018,"7 : 0.921323, 7 : 0.014812488, 7 : 0.012649261",3
2.17363336589588E+018,"9 : 0.17628928, 9 : 0.087653376, 9 : 0.069418855",3
2.17283705779424E+018,"10 : 0.09734065, 7 : 0.08806143, 7 : 0.077877015",3
2.16918635907246E+018,"3 : 0.050490923, 3 : 0.02573653, 14 : 0.02439912",3
2.16845195801757E+018,"1 : 0.32087073, 2 : 0.27620876, 11 : 0.12742941",3
2.16835536260912E+018,"9 : 0.39420107, 10 : 0.20903373, 9 : 0.06465544",3
2.16755652197052E+018,"10 : 0.09908892, 8 : 0.078364864, 8 : 0.029450202",3
2.15878774649981E+018,"9 : 0.8116694, 8 : 0.023481684, 9 : 0.013432652",3
2.15828440653251E+018,"3 : 0.42820403, 3 : 0.28188157, 7 : 0.09051831",3
2.15577114863845E+018,"9 : 0.86866385, 11 : 0.062651396, 11 : 0.0077289115",3
2.15398512622352E+018,"7 : 0.08803111, 2 : 0.07948816, 10 : 0.07236061",3
2.15249187696695E+018,"1 : 0.37175277, 4 : 0.120968215, 6 : 0.111155935",3
2.15168954619088E+018,"3 : 0.45127857, 3 : 0.1780586, 13 : 0.046071164",3
2.15168874098454E+018,"4 : 0.20706612, 9 : 0.11303717, 4 : 0.08763129",3
2.15157093764929E+018,"2 : 0.4212272, 2 : 0.17126569, 7 : 0.16782023",3
2.15150353477083E+018,"8 : 0.17924434, 8 : 0.11827583, 8 : 0.08396688",3
2.1510119809417E+018,"8 : 0.60634696, 8 : 0.26480976, 8 : 0.030069541",3
2.14781940614774E+018,"11 : 0.551059, 1 : 0.13884677, 11 : 0.04185726",3
2.14764933692681E+018,"7 : 0.4202434, 7 : 0.09982475, 13 : 0.085768454",3
2.14589962702764E+018,"7 : 0.13705935, 9 : 0.10137398, 12 : 0.054249473",3
2.14589922018027E+018,"7 : 0.23675215, 2 : 0.04812559, 9 : 0.04799071",3
2.14589884076351E+018,"2 : 0.3974465, 2 : 0.3575124, 13 : 0.029721228",3
2.1458984667238E+018,"10 : 0.24996123, 9 : 0.18585171, 7 : 0.11304584",3
2.14589796828109E+018,"7 : 0.10644753, 7 : 0.10382289, 10 : 0.050065733",3
2.14589762374434E+018,"2 : 0.4200233, 2 : 0.3992166, 2 : 0.01557946",3
2.14589726689302E+018,"10 : 0.1497919, 14 : 0.055960387, 7 : 0.046421204",3
2.14589686867739E+018,"10 : 0.72709787, 7 : 0.028523909, 7 : 0.023879474",3
2.14589625298709E+018,"10 : 0.50349045, 1 : 0.11693342, 2 : 0.02995276",3
2.14573265462937E+018,"8 : 0.82380915, 9 : 0.09525912, 8 : 0.05620669",3
2.14463179970845E+018,"8 : 0.36287534, 8 : 0.16871715, 9 : 0.010177661",3
2.14456666059882E+018,"8 : 0.06323008, 10 : 0.060477722, 8 : 0.051027082",3
2.14382848055975E+018,"8 : 0.6092151, 8 : 0.2489761, 13 : 0.019507146",3
2.14374030868125E+018,"2 : 0.71918494, 2 : 0.22631066, 2 : 0.005941557",3
2.14366881382528E+018,"8 : 0.21077578, 7 : 0.17777093, 13 : 0.064488985",3
2.14366696629294E+018,"2 : 0.33357298, 7 : 0.12697308, 2 : 0.07198834",3
2.14366495483892E+018,"7 : 0.13222365, 2 : 0.1294561, 2 : 0.11501382",3
2.14364130990136E+018,"7 : 0.29222408, 2 : 0.27117446, 12 : 0.0809308",3
2.14281608547343E+018,"5 : 0.4277695, 9 : 0.06021375, 5 : 0.046644628",3
2.13996103599462E+018,"8 : 0.29534477, 8 : 0.13111277, 5 : 0.06020943",3
2.13909644480883E+018,"8 : 0.76074135, 8 : 0.10640828, 8 : 0.013613481",3
2.13877382670469E+018,"9 : 0.27069485, 3 : 0.06835386, 9 : 0.059813954",3
2.13574053411044E+018,"1 : 0.5811387, 1 : 0.32024673, 11 : 0.011241117",3
2.13363875312689E+018,"2 : 0.5129538, 2 : 0.47418535, 13 : 0.0012592179",3
2.11784845044902E+018,"8 : 0.9908386, 3 : 0.00017869807, 12 : 0.00013555419",3
2.11587496319912E+018,"8 : 0.17222652, 8 : 0.07457113, 9 : 0.043920502",3
2.05161693341924E+018,"9 : 0.10408334, 1 : 0.10105286, 3 : 0.07112733",3
2.02921952356897E+018,"8 : 0.49237162, 1 : 0.23345944, 8 : 0.10843979",3
2.02126569347258E+018,"8 : 0.13094255, 8 : 0.09889291, 8 : 0.044088293",3
1.94651459573018E+018,"8 : 0.6647511, 13 : 0.0763336, 8 : 0.017884266",3
1.71025645817011E+018,"1 : 0.81014776, 11 : 0.06499069, 1 : 0.011544841",3
1.70944161305669E+018,"8 : 0.23365107, 14 : 0.17991525, 10 : 0.1317654",3
1.70871223541063E+018,"8 : 0.19400306, 14 : 0.07214958, 7 : 0.060475245",3
1.70742642374626E+018,"4 : 0.31228814, 10 : 0.065975256, 10 : 0.035501927",3
1.70675770654891E+018,"12 : 0.7524372, 7 : 0.011885104, 12 : 0.011556034",3
1.70669979673318E+018,"9 : 0.13677885, 1 : 0.09920835, 1 : 0.092372485",3
1.70334272084287E+018,"9 : 0.1526065, 9 : 0.07061821, 1 : 0.063082784",3
1.70155607115527E+018,"7 : 0.5838186, 7 : 0.10039547, 3 : 0.04474824",3
1.70104781834677E+018,"2 : 0.52437407, 12 : 0.3234231, 12 : 0.010740773",3
1.69878496526688E+018,"8 : 0.8749427, 8 : 0.025959617, 8 : 0.008110381",3
1.69789955516677E+018,"6 : 0.21588446, 6 : 0.14783095, 6 : 0.12358684",3
1.69711983205E+018,"8 : 0.87582564, 8 : 0.011568463, 8 : 0.0074613057",3
1.68654861609085E+018,"14 : 0.046133175, 3 : 0.034337632, 7 : 0.032982867",3
1.6836294138615E+018,"4 : 0.68552995, 13 : 0.18083861, 7 : 0.020876877",3
1.68294974198899E+018,"12 : 0.18632358, 13 : 0.18474793, 7 : 0.02213731",3
1.67103451414599E+018,"1 : 0.72791237, 1 : 0.0477418, 1 : 0.010236072",3
1.66914237878487E+018,"9 : 0.39298055, 9 : 0.09394261, 9 : 0.059375565",3
1.66912770902369E+018,"7 : 0.3823757, 7 : 0.04429489, 7 : 0.03705688",3
1.66904050745501E+018,"1 : 0.81439704, 1 : 0.0080672335, 1 : 0.0076280218",3
1.66611465915695E+018,"7 : 0.40088996, 7 : 0.058502402, 7 : 0.054289185",3
1.6651952203562E+018,"3 : 0.8683664, 3 : 0.059135836, 3 : 0.032675825",3
1.66306217260629E+018,"7 : 0.53973824, 7 : 0.10188057, 4 : 0.076305024",3
1.66233935178198E+018,"2 : 0.23126945, 7 : 0.1652285, 2 : 0.15152144",3
1.66085091256898E+018,"13 : 0.6545264, 13 : 0.044742774, 9 : 0.029679628",3
1.66082441975027E+018,"9 : 0.15929705, 9 : 0.123582594, 9 : 0.044333614",3
1.66065335676569E+018,"8 : 0.2480746, 5 : 0.131633, 8 : 0.12237904",3
1.65969525448676E+018,"12 : 0.1586733, 13 : 0.08863731, 9 : 0.07040917",3
1.65823310791535E+018,"8 : 0.32653075, 3 : 0.06269976, 1 : 0.04574334",3
1.65816839371365E+018,"13 : 0.59522694, 12 : 0.13336304, 12 : 0.109750524",3
1.65550459240921E+018,"9 : 0.098570496, 9 : 0.059714146, 4 : 0.036564805",3
1.65452998756471E+018,"8 : 0.99834716, 8 : 6.799357e-05, 2 : 4.0951454e-05",3
1.65359822122934E+018,"9 : 0.8782772, 11 : 0.0151628265, 11 : 0.008367869",3
1.65238176686848E+018,"8 : 0.8742176, 8 : 0.04410436, 8 : 0.024886476",3
1.64999779405832E+018,"13 : 0.77893406, 2 : 0.021435441, 2 : 0.004299439",3
1.64935423257648E+018,"9 : 0.13885897, 13 : 0.087254465, 13 : 0.0852537",3
1.64874676741108E+018,"4 : 0.050853983, 2 : 0.04864199, 13 : 0.0409734",3
1.64661139145219E+018,"13 : 0.7388773, 13 : 0.025793802, 13 : 0.024204763",3
1.64645009236159E+018,"13 : 0.38118476, 2 : 0.20024624, 9 : 0.104300536",3
1.64595741517675E+018,"9 : 0.5561781, 9 : 0.109698325, 13 : 0.08303476",3
1.64452080806598E+018,"9 : 0.17556821, 9 : 0.115700774, 9 : 0.03360194",3
1.64448803754083E+018,"9 : 0.5600249, 9 : 0.12607598, 8 : 0.056103896",3
1.64280613292941E+018,"12 : 0.04565776, 3 : 0.037720427, 8 : 0.034149006",3
1.64152073430233E+018,"8 : 0.075940825, 9 : 0.071448095, 9 : 0.062314156",3
1.64145892834689E+018,"13 : 0.30746156, 13 : 0.10037343, 13 : 0.040256787",3
1.64135579262619E+018,"2 : 0.7199821, 2 : 0.012847627, 2 : 0.0068013445",3
1.63996962893415E+018,"12 : 0.11102415, 2 : 0.047923908, 3 : 0.042301074",3
1.63716288733509E+018,"8 : 0.16919199, 1 : 0.1361557, 13 : 0.08144087",3
1.63635185908899E+018,"13 : 0.23480569, 8 : 0.061924413, 9 : 0.05740803",3
1.63564202271473E+018,"7 : 0.22187318, 2 : 0.03893331, 7 : 0.03542422",3
1.63291913333872E+018,"9 : 0.8305093, 2 : 0.007321562, 8 : 0.005411984",3
2.20885228124017E+018,"2 : 0.18806362, 3 : 0.10902083, 2 : 0.06146814",3
2.19838382392688E+018,"11 : 0.15173103, 9 : 0.12660807, 9 : 0.11639331",3
2.19787657280187E+018,"3 : 0.33396032, 3 : 0.087131344, 11 : 0.06793978",3
2.19747723150171E+018,"6 : 0.4537865, 7 : 0.19862312, 2 : 0.039184835",3
2.19717791749438E+018,"11 : 0.4698718, 1 : 0.14698169, 11 : 0.023571834",3
2.19615346932152E+018,"11 : 0.5381809, 3 : 0.076207146, 1 : 0.052409276",3
2.19589543533698E+018,"13 : 0.8328438, 13 : 0.02870405, 8 : 0.01929196",3
2.19531973384177E+018,"2 : 0.23481742, 2 : 0.15600023, 2 : 0.13760658",3
2.19458734731303E+018,"6 : 0.11400414, 2 : 0.042703696, 2 : 0.038400315",3
2.19443270200773E+018,"7 : 0.13096938, 7 : 0.056181796, 4 : 0.03991366",3
2.19428982290507E+018,"9 : 0.4530818, 8 : 0.18284576, 13 : 0.03499791",3
2.19383101789947E+018,"7 : 0.3562367, 7 : 0.32380614, 3 : 0.05096044",3
2.19376821435482E+018,"9 : 0.74862057, 9 : 0.04426619, 10 : 0.03608721",3
2.19369254800276E+018,"7 : 0.5031317, 9 : 0.0994716, 7 : 0.055143416",3
2.19352171839669E+018,"7 : 0.155378, 7 : 0.0691692, 3 : 0.05436126",3
2.19313514103122E+018,"5 : 0.32958618, 14 : 0.086067975, 9 : 0.03995681",3
2.19273676910821E+018,"5 : 0.3215422, 9 : 0.044744283, 2 : 0.040429395",3
2.19234523384127E+018,"7 : 0.26384333, 13 : 0.16869216, 2 : 0.10396689",3
2.1916140148018E+018,"13 : 0.9345794, 13 : 0.011966043, 9 : 0.003929793",3
2.19129048457251E+018,"3 : 0.47859913, 7 : 0.06254888, 4 : 0.029045686",3
2.19087165079536E+018,"9 : 0.690608, 8 : 0.01916655, 9 : 0.018166125",3
2.19022021302322E+018,"9 : 0.29670238, 9 : 0.1677904, 9 : 0.06635546",3
2.19008281665864E+018,"4 : 0.29449505, 3 : 0.17157254, 9 : 0.1584362",3
2.18967394623278E+018,"2 : 0.36450884, 10 : 0.017521486, 2 : 0.014275848",3
2.18929392917121E+018,"3 : 0.22443831, 3 : 0.14192097, 3 : 0.07619721",3
2.18881744672392E+018,"3 : 0.79512405, 8 : 0.017638208, 9 : 0.00798026",3
2.18870622852022E+018,"11 : 0.5324334, 1 : 0.20674671, 1 : 0.040264223",3
2.18859297735467E+018,"3 : 0.14513382, 3 : 0.0990946, 3 : 0.09374504",3
2.18847636940353E+018,"11 : 0.15526631, 3 : 0.11851565, 1 : 0.080381475",3
2.18785969060041E+018,"7 : 0.12879746, 7 : 0.08444359, 12 : 0.079414956",3
2.18667055166018E+018,"7 : 0.26308554, 2 : 0.17102657, 2 : 0.06812677",3
2.18633492089754E+018,"3 : 0.429115, 4 : 0.03293545, 8 : 0.032304768",3
2.18572312104311E+018,"7 : 0.564719, 7 : 0.15804297, 3 : 0.037711665",3
2.18516439121257E+018,"3 : 0.1520214, 7 : 0.06680303, 7 : 0.040775053",3
2.18496197998325E+018,"7 : 0.23668313, 7 : 0.094167955, 2 : 0.03928358",3
2.18432516810982E+018,"1 : 0.4413251, 1 : 0.38431475, 11 : 0.049860273",3
2.18391782100436E+018,"12 : 0.7311242, 14 : 0.05927949, 2 : 0.018608158",3
2.18307225777202E+018,"7 : 0.7020758, 7 : 0.120363384, 3 : 0.05193033",3
2.18273934046241E+018,"7 : 0.95846033, 10 : 0.008683208, 8 : 0.0048575993",3
2.18196283935134E+018,"9 : 0.4275269, 9 : 0.27256683, 13 : 0.06215412",3
2.18136181603997E+018,"7 : 0.24671958, 7 : 0.1214522, 3 : 0.11072463",3
2.18056419821669E+018,"6 : 0.4840513, 6 : 0.090920664, 6 : 0.038526513",3
2.17947221560582E+018,"3 : 0.23235887, 3 : 0.14019917, 3 : 0.065359816",3
2.17920086959679E+018,"2 : 0.5729026, 12 : 0.16066884, 6 : 0.018063132",3
2.17868024071747E+018,"3 : 0.9947832, 3 : 0.00057687017, 3 : 0.00012657052",3
2.17851751957393E+018,"9 : 0.2529557, 3 : 0.105623454, 9 : 0.03283318",3
2.1784500878469E+018,"9 : 0.9193651, 11 : 0.008472359, 11 : 0.006756828",3
2.17844321959823E+018,"7 : 0.26551992, 7 : 0.17218708, 2 : 0.033536192",3
2.17838492032663E+018,"13 : 0.49028748, 7 : 0.12964535, 7 : 0.08418045",3
2.17786047200201E+018,"10 : 0.54285204, 4 : 0.13345775, 7 : 0.09825446",3
2.17683371833813E+018,"13 : 0.27806017, 12 : 0.14282562, 12 : 0.098978475",3
2.17619518338433E+018,"7 : 0.20090172, 13 : 0.123059705, 14 : 0.07852942",3
2.17561716922111E+018,"11 : 0.6362658, 1 : 0.13493873, 11 : 0.071984895",3
2.17509072732815E+018,"13 : 0.9532555, 9 : 0.019244814, 9 : 0.0073383017",3
2.1747888291276E+018,"10 : 0.6931338, 13 : 0.034349408, 13 : 0.030591873",3
2.17424443943915E+018,"13 : 0.19496092, 3 : 0.115221605, 7 : 0.02943485",3
2.17414445558664E+018,"7 : 0.39975968, 7 : 0.08119147, 13 : 0.027603995",3
2.17408291534086E+018,"7 : 0.19856845, 4 : 0.08045336, 10 : 0.076276824",3
2.17394749522315E+018,"2 : 0.51695997, 2 : 0.33422294, 7 : 0.029516103",3
2.17355644668083E+018,"9 : 0.7152522, 8 : 0.117368825, 4 : 0.016032794",3
2.17342971954343E+018,"7 : 0.08205504, 12 : 0.07634481, 2 : 0.050327856",3
2.17327973705355E+018,"3 : 0.91666216, 3 : 0.043955028, 3 : 0.010657446",3
2.17261056272812E+018,"13 : 0.12706888, 9 : 0.11761508, 6 : 0.07591328",3
2.17203482141361E+018,"4 : 0.15416388, 3 : 0.13199086, 5 : 0.07099733",3
2.17137052427455E+018,"9 : 0.35897908, 9 : 0.12092521, 12 : 0.10558949",3
2.17119752151535E+018,"12 : 0.25895968, 12 : 0.15275322, 7 : 0.11297822",3
2.17071019387313E+018,"9 : 0.9948926, 2 : 0.0004698334, 2 : 0.00032653732",3
2.16998250116299E+018,"8 : 0.922603, 8 : 0.0048970063, 8 : 0.0011499068",3
2.16989774973134E+018,"4 : 0.14847246, 8 : 0.06541962, 2 : 0.05805289",3
2.16979407830533E+018,"8 : 0.5600483, 2 : 0.1629838, 7 : 0.029865738",3
2.1696456345214E+018,"8 : 0.48107076, 8 : 0.4130283, 8 : 0.023141792",3
2.16925749680873E+018,"2 : 0.44193488, 11 : 0.100986056, 1 : 0.075949125",3
2.16920424767053E+018,"3 : 0.13230245, 7 : 0.12343875, 12 : 0.101576984",3
2.16917641227207E+018,"10 : 0.33392295, 13 : 0.09882319, 13 : 0.08523143",3
2.16915241003187E+018,"3 : 0.3340462, 3 : 0.14835629, 9 : 0.11814049",3
2.16910567707792E+018,"6 : 0.35571352, 6 : 0.13747749, 6 : 0.061595246",3
2.16907383039929E+018,"7 : 0.13959017, 10 : 0.034481652, 2 : 0.031978756",3
2.16860235214432E+018,"2 : 0.16585442, 13 : 0.105404384, 12 : 0.05434787",3
2.16839724718884E+018,"13 : 0.46274984, 8 : 0.11834499, 8 : 0.108985476",3
2.16830607665151E+018,"3 : 0.69273627, 3 : 0.14118153, 3 : 0.1340167",3
2.16828856522927E+018,"8 : 0.08093416, 7 : 0.04015004, 13 : 0.037912697",3
2.16823921373145E+018,"7 : 0.13032898, 4 : 0.08490485, 2 : 0.071813375",3
2.167668965137E+018,"3 : 0.26170337, 12 : 0.063985206, 7 : 0.052556105",3
2.1674691035567E+018,"3 : 0.5256069, 3 : 0.15675487, 3 : 0.1169902",3
2.16680974833925E+018,"3 : 0.74597734, 3 : 0.10996279, 13 : 0.007607176",3
2.16602953990644E+018,"10 : 0.46556744, 7 : 0.32496762, 7 : 0.034350045",3
2.1654059445956E+018,"13 : 0.18862294, 2 : 0.14073901, 4 : 0.05855226",3
2.16488635898919E+018,"8 : 0.6149153, 8 : 0.23046188, 8 : 0.005124683",3
2.16462568172045E+018,"3 : 0.73071563, 7 : 0.06013555, 7 : 0.022611614",3
2.16414228883867E+018,"2 : 0.98534554, 6 : 0.001379467, 7 : 0.00079550815",3
2.16381073312529E+018,"3 : 0.98089015, 3 : 0.00078909204, 9 : 0.0002314565",3
2.16343622109411E+018,"7 : 0.4477473, 7 : 0.0705624, 2 : 0.032656737",3
2.16334701140386E+018,"3 : 0.5951779, 3 : 0.12454714, 2 : 0.023550542",3
2.163224648472E+018,"3 : 0.3976359, 7 : 0.1820522, 7 : 0.073690966",3
2.16311496827104E+018,"2 : 0.19046779, 7 : 0.11684503, 2 : 0.092822425",3
2.16306973093253E+018,"3 : 0.57223415, 3 : 0.05538432, 3 : 0.042967606",3
2.16239717490693E+018,"7 : 0.7699529, 3 : 0.097617656, 7 : 0.020442698",3
2.16202117033208E+018,"3 : 0.9628859, 3 : 0.031116534, 3 : 0.0009257554",3
2.1617507340609E+018,"4 : 0.2786163, 3 : 0.09283624, 5 : 0.06684796",3
2.16117083613123E+018,"9 : 0.5651831, 9 : 0.07132742, 8 : 0.057458512",3
2.16099333912658E+018,"2 : 0.797309, 3 : 0.007949955, 12 : 0.007030284",3
2.16027732535519E+018,"3 : 0.71885675, 3 : 0.02636498, 3 : 0.021132303",3
2.15969138287115E+018,"13 : 0.8546681, 2 : 0.09364897, 4 : 0.008640155",3
2.15893569890461E+018,"10 : 0.175476, 10 : 0.111752495, 2 : 0.061965734",3
2.15823702699295E+018,"3 : 0.30531004, 2 : 0.12869683, 4 : 0.07457336",3
2.15808607806902E+018,"1 : 0.33388498, 1 : 0.21693338, 11 : 0.133581",3
2.15777772438191E+018,"3 : 0.22646385, 7 : 0.07461703, 7 : 0.07186002",3
2.15720114480442E+018,"8 : 0.38964534, 8 : 0.35224727, 8 : 0.07614283",3
2.15459191385298E+018,"7 : 0.053038683, 7 : 0.036619242, 9 : 0.035431072",3
2.15432744748363E+018,"3 : 0.47620428, 3 : 0.39340714, 3 : 0.04048929",3
2.15381724452609E+018,"3 : 0.5503206, 4 : 0.067334734, 7 : 0.015343141",3
2.15321609361442E+018,"3 : 0.897649, 3 : 0.00606488, 3 : 0.005636947",3
2.15258680112126E+018,"3 : 0.32721877, 3 : 0.19717449, 7 : 0.07870585",3
2.15223843293672E+018,"3 : 0.8179681, 2 : 0.021343486, 7 : 0.013537517",3
2.15166436798534E+018,"3 : 0.42293885, 3 : 0.12460655, 9 : 0.07499155",3
2.15063296432146E+018,"8 : 0.20989317, 8 : 0.10235114, 8 : 0.079561725",3
2.14968162712774E+018,"1 : 0.8039137, 1 : 0.10353764, 9 : 0.0021599706",3
2.14869220568696E+018,"3 : 0.5650637, 7 : 0.3895875, 7 : 0.008859134",3
2.14806862861288E+018,"7 : 0.13041636, 2 : 0.04753969, 2 : 0.037367266",3
2.14733419477364E+018,"7 : 0.7411985, 7 : 0.21228969, 2 : 0.0072561326",3
2.14647517789518E+018,"3 : 0.676459, 3 : 0.18833344, 3 : 0.07493001",3
2.14564244717119E+018,"3 : 0.8963321, 3 : 0.013440718, 3 : 0.010236951",3
2.14523804994516E+018,"6 : 0.2995927, 11 : 0.10190509, 9 : 0.08804218",3
2.14452829906643E+018,"8 : 0.081498146, 8 : 0.081084974, 12 : 0.048572082",3
2.14425679732263E+018,"3 : 0.31717783, 5 : 0.108147, 3 : 0.09435116",3
2.14384047250286E+018,"8 : 0.5337965, 8 : 0.22674496, 9 : 0.11182497",3
2.14374562484218E+018,"9 : 0.29945382, 8 : 0.14040688, 8 : 0.084439985",3
2.14366823885313E+018,"9 : 0.9935848, 13 : 0.0036769335, 8 : 0.0008530391",3
2.14360205921879E+018,"9 : 0.2956184, 8 : 0.27132076, 8 : 0.1960385",3
2.14353870439272E+018,"8 : 0.6057419, 9 : 0.15743734, 8 : 0.09190424",3
2.14351665755186E+018,"7 : 0.8580461, 8 : 0.05824186, 8 : 0.002400473",3
2.14349150916135E+018,"8 : 0.64938456, 8 : 0.21427679, 9 : 0.024230635",3
2.14317692147204E+018,"3 : 0.74171454, 3 : 0.04811036, 3 : 0.037750747",3
2.14289750434478E+018,"3 : 0.35587165, 3 : 0.26982683, 3 : 0.14700006",3
2.1420947863756E+018,"9 : 0.43303856, 2 : 0.12959652, 12 : 0.06416205",3
2.14138398578644E+018,"6 : 0.47310182, 6 : 0.1935494, 6 : 0.12777264",3
2.1408430814825E+018,"4 : 0.7126833, 1 : 0.09466693, 1 : 0.019452533",3
2.14007848032205E+018,"7 : 0.11742399, 2 : 0.10197007, 7 : 0.05915778",3
2.13858883175727E+018,"9 : 0.33966878, 5 : 0.10832793, 8 : 0.07864942",3
2.13779446408388E+018,"1 : 0.41875115, 11 : 0.17522328, 1 : 0.09808464",3
2.13728905521868E+018,"3 : 0.92740756, 3 : 0.016909959, 3 : 0.0060184305",3
2.13697031332114E+018,"11 : 0.5285341, 1 : 0.20274699, 4 : 0.06815458",3
2.1359063714728E+018,"3 : 0.14101812, 7 : 0.104672015, 3 : 0.057516053",3
2.13552241341754E+018,"13 : 0.16332889, 2 : 0.06422052, 7 : 0.05388797",3
2.13478313513202E+018,"6 : 0.2519868, 6 : 0.10690209, 6 : 0.042751823",3
2.1341026075057E+018,"12 : 0.20305008, 4 : 0.19649072, 7 : 0.11136572",3
2.13339654122136E+018,"12 : 0.82964295, 9 : 0.036947783, 4 : 0.012665627",3
2.13298852391817E+018,"8 : 0.22795002, 8 : 0.12763739, 2 : 0.045323417",3
2.13214324484291E+018,"1 : 0.48995095, 11 : 0.15706378, 1 : 0.14426562",3
2.13146335098348E+018,"7 : 0.81379724, 7 : 0.028053788, 3 : 0.025796885",3
2.13076814737562E+018,"1 : 0.43688405, 8 : 0.039075445, 1 : 0.03477617",3
2.12979046514586E+018,"3 : 0.60057974, 7 : 0.037775293, 3 : 0.027163645",3
2.12936617886757E+018,"8 : 0.5782272, 9 : 0.08128328, 9 : 0.07499658",3
2.12850537770539E+018,"11 : 0.7906761, 1 : 0.062643655, 3 : 0.025438817",3
2.12765202364722E+018,"3 : 0.30840036, 7 : 0.15283364, 2 : 0.09835818",3
2.12715767963084E+018,"2 : 0.20800795, 12 : 0.13930309, 2 : 0.060968548",3
2.12680842637914E+018,"3 : 0.2923847, 7 : 0.088385254, 12 : 0.08657139",3
2.12488068467318E+018,"6 : 0.1351923, 6 : 0.11070993, 6 : 0.09105365",3
2.12359342534639E+018,"11 : 0.2427568, 13 : 0.059275676, 1 : 0.05858688",3
2.12274140293806E+018,"7 : 0.534623, 2 : 0.10044153, 2 : 0.021640444",3
2.12127548918536E+018,"11 : 0.94233376, 9 : 0.01370541, 10 : 0.0050210897",3
2.12097734715994E+018,"3 : 0.89114994, 3 : 0.011375117, 3 : 0.010449121",3
2.11988110815481E+018,"2 : 0.4355331, 9 : 0.061579745, 2 : 0.04667967",3
2.11899655349988E+018,"3 : 0.5174756, 3 : 0.31405106, 9 : 0.023524905",3
2.11841445665762E+018,"12 : 0.16631646, 7 : 0.10288113, 12 : 0.092487335",3
2.1176743838635E+018,"7 : 0.22381118, 12 : 0.08066713, 7 : 0.05135139",3
2.11745883404947E+018,"5 : 0.08590163, 6 : 0.08385992, 10 : 0.06981486",3
2.11641308490294E+018,"7 : 0.7012595, 9 : 0.09311324, 9 : 0.08499442",3
2.11352396127601E+018,"13 : 0.83677673, 13 : 0.014591411, 7 : 0.0068145012",3
2.11315357732137E+018,"13 : 0.45372158, 8 : 0.05653715, 8 : 0.03092481",3
2.11240260498144E+018,"3 : 0.8939308, 3 : 0.08710724, 3 : 0.0019482936",3
2.11026504550304E+018,"1 : 0.24807481, 11 : 0.18972772, 9 : 0.09242042",3
2.10881124484073E+018,"3 : 0.97350514, 7 : 0.0023963975, 3 : 0.0014097706",3
2.10801506257575E+018,"8 : 0.14211655, 2 : 0.025479982, 9 : 0.023580778",3
2.10721107248122E+018,"3 : 0.48536545, 3 : 0.16149782, 3 : 0.12907128",3
2.10463155122785E+018,"7 : 0.11028798, 8 : 0.10092368, 2 : 0.043293744",3
2.10374955761643E+018,"2 : 0.36116216, 2 : 0.14196888, 2 : 0.124364994",3
2.10241148775841E+018,"11 : 0.3920418, 9 : 0.1466318, 1 : 0.118433796",3
2.10178874063747E+018,"3 : 0.30932313, 2 : 0.07271909, 7 : 0.022262292",3
2.10156664075694E+018,"7 : 0.61706734, 7 : 0.031259418, 9 : 0.02754759",3
2.10027232999838E+018,"7 : 0.13715981, 2 : 0.064904705, 3 : 0.05989089",3
2.09997293299547E+018,"1 : 0.7907857, 11 : 0.016518604, 1 : 0.0106275175",3
2.09869467965145E+018,"9 : 0.073415376, 9 : 0.03809693, 1 : 0.027242122",3
2.09735198965157E+018,"3 : 0.8289505, 3 : 0.03245418, 3 : 0.028040491",3
2.09638420658335E+018,"3 : 0.111675076, 3 : 0.06976365, 2 : 0.06325403",3
2.09490028496374E+018,"8 : 0.6516747, 8 : 0.112990245, 8 : 0.027534954",3
2.09340069364274E+018,"3 : 0.6430825, 12 : 0.023661608, 4 : 0.019164378",3
2.09228635025983E+018,"12 : 0.26507828, 2 : 0.03107035, 2 : 0.030372018",3
2.090665760063E+018,"1 : 0.7111396, 9 : 0.024602322, 9 : 0.01913842",3
2.0886628882407E+018,"8 : 0.94064975, 8 : 0.012972012, 8 : 0.0017516334",3
2.08789079555952E+018,"8 : 0.078263626, 2 : 0.05608635, 8 : 0.04607103",3
2.08744966289796E+018,"4 : 0.5678359, 9 : 0.048398916, 9 : 0.028798528",3
2.08703134341118E+018,"3 : 0.29980472, 7 : 0.08577041, 4 : 0.07289953",3
2.08596027278018E+018,"6 : 0.052722204, 2 : 0.043465134, 2 : 0.031801168",3
2.08473221289844E+018,"2 : 0.062831864, 8 : 0.049179118, 9 : 0.035686202",3
2.08277373032667E+018,"3 : 0.907477, 3 : 0.07189254, 3 : 0.011064066",3
2.0826455688545E+018,"4 : 0.9688612, 2 : 0.023982564, 12 : 0.0015684635",3
2.08204344331345E+018,"1 : 0.948435, 1 : 0.0021212557, 11 : 0.001995703",3
2.08114221726477E+018,"10 : 0.10931936, 10 : 0.107886106, 5 : 0.052675527",3
2.07919007454107E+018,"7 : 0.4004365, 3 : 0.056189314, 13 : 0.028065883",3
2.077237127469E+018,"2 : 0.12283187, 10 : 0.05812992, 13 : 0.049390264",3
2.07682281973347E+018,"9 : 0.23122708, 7 : 0.16000746, 3 : 0.127835",3
2.07567366668069E+018,"11 : 0.37145615, 1 : 0.19265608, 1 : 0.05921926",3
2.07471045906101E+018,"3 : 0.276437, 3 : 0.21762384, 3 : 0.03901228",3
2.07413995210442E+018,"9 : 0.5840292, 5 : 0.11128156, 9 : 0.019908538",3
2.07286240127284E+018,"8 : 0.2364384, 2 : 0.12789127, 5 : 0.0638739",3
2.07255007310496E+018,"7 : 0.8562088, 7 : 0.049297027, 2 : 0.026342733",3
2.07199037732582E+018,"12 : 0.77928126, 2 : 0.044926256, 12 : 0.027223254",3
2.07128020620321E+018,"2 : 0.18584445, 5 : 0.12811379, 12 : 0.06962906",3
2.07033168656811E+018,"3 : 0.28381184, 3 : 0.2062432, 3 : 0.07422953",3
2.069689829927E+018,"5 : 0.21184945, 9 : 0.12420586, 8 : 0.07875506",3
2.06902165113576E+018,"11 : 0.4949711, 3 : 0.087108016, 1 : 0.07274205",3
2.06851786722587E+018,"7 : 0.08213044, 7 : 0.06796095, 10 : 0.05711885",3
2.06775395557627E+018,"3 : 0.43175477, 3 : 0.23261243, 3 : 0.039595608",3
2.06678542624047E+018,"3 : 0.5625029, 4 : 0.27383083, 2 : 0.03239397",3
2.06589268068851E+018,"3 : 0.60306853, 7 : 0.07206873, 3 : 0.054373153",3
2.0652365292501E+018,"7 : 0.18802626, 2 : 0.075143434, 2 : 0.050325826",3
2.06448726208902E+018,"9 : 0.34698722, 5 : 0.10450663, 11 : 0.0630906",3
2.06343212605491E+018,"4 : 0.37597358, 9 : 0.17965928, 1 : 0.07726728",3
2.06268557456125E+018,"13 : 0.50406694, 8 : 0.045810632, 4 : 0.024592442",3
2.06243639377028E+018,"3 : 0.41622132, 7 : 0.047848314, 3 : 0.03695578",3
2.06197282374168E+018,"10 : 0.19814189, 3 : 0.11780892, 13 : 0.07301377",3
2.06117798540015E+018,"13 : 0.3367278, 7 : 0.07467837, 3 : 0.07052345",3
2.05880629440147E+018,"7 : 0.7738398, 7 : 0.06777069, 7 : 0.06394348",3
2.05797509096606E+018,"1 : 0.59861785, 11 : 0.10742661, 1 : 0.061856166",3
2.0573253288247E+018,"7 : 0.47516873, 7 : 0.15791304, 10 : 0.12361589",3
2.0565247360915E+018,"1 : 0.40423065, 5 : 0.10129512, 5 : 0.097048156",3
2.05577366754367E+018,"9 : 0.91123176, 2 : 0.035661504, 12 : 0.013860584",3
2.05541657989564E+018,"5 : 0.22229175, 6 : 0.11033079, 3 : 0.08977832",3
2.05467249820925E+018,"9 : 0.4853424, 9 : 0.20342614, 8 : 0.032130826",3
2.0529209812045E+018,"13 : 0.41022202, 3 : 0.04512649, 13 : 0.033730686",3
2.05177004335795E+018,"7 : 0.28907007, 3 : 0.15151563, 8 : 0.085111514",3
2.05158093610553E+018,"1 : 0.8081471, 8 : 0.051544927, 11 : 0.010987864",3
2.04962588604462E+018,"11 : 0.88932127, 3 : 0.023996577, 12 : 0.011923523",3
2.04931083452339E+018,"3 : 0.32800642, 14 : 0.26426792, 3 : 0.13549201",3
2.04819320553923E+018,"3 : 0.3787143, 3 : 0.11945733, 7 : 0.06970373",3
2.04740449422037E+018,"1 : 0.8718332, 1 : 0.014197223, 11 : 0.0071145515",3
2.04711661048281E+018,"2 : 0.4264706, 3 : 0.24348927, 2 : 0.18824026",3
2.04634640004574E+018,"8 : 0.21149169, 8 : 0.15603799, 1 : 0.09372173",3
2.04559014045965E+018,"13 : 0.15060541, 9 : 0.10782634, 7 : 0.07917694",3
2.04389501362046E+018,"8 : 0.71558815, 8 : 0.2659502, 9 : 0.0003677135",3
2.04345896606752E+018,"13 : 0.20003141, 10 : 0.10451486, 9 : 0.08190559",3
2.04303652776372E+018,"4 : 0.27224058, 9 : 0.090042636, 8 : 0.070625074",3
2.04286805328632E+018,"13 : 0.9070889, 13 : 0.0117193395, 3 : 0.006601912",3
2.04237681860014E+018,"1 : 0.2776267, 2 : 0.06510343, 1 : 0.055410758",3
2.04230969425862E+018,"11 : 0.43287528, 1 : 0.11461125, 1 : 0.051628385",3
2.0421138369043E+018,"8 : 0.68245107, 8 : 0.052196003, 8 : 0.051766824",3
2.04167514554836E+018,"5 : 0.4542769, 8 : 0.040681582, 4 : 0.03836377",3
2.04155172269162E+018,"1 : 0.9465459, 1 : 0.009403278, 11 : 0.004761148",3
2.04071429631684E+018,"4 : 0.14880684, 1 : 0.08266085, 9 : 0.07747914",3
2.0394926920998E+018,"13 : 0.19416013, 1 : 0.18056375, 9 : 0.08177157",3
2.03779130519588E+018,"8 : 0.13797417, 9 : 0.10467377, 1 : 0.04720548",3
2.03711898270081E+018,"3 : 0.54612035, 5 : 0.07459812, 12 : 0.03216484",3
2.03627149700235E+018,"8 : 0.5807254, 8 : 0.10086928, 8 : 0.060965016",3
2.03481274940274E+018,"11 : 0.88467634, 11 : 0.035834108, 9 : 0.015440488",3
2.03271969747648E+018,"9 : 0.80142397, 9 : 0.16638999, 9 : 0.0032297494",3
2.03198473057806E+018,"8 : 0.15865697, 4 : 0.10762335, 2 : 0.06862101",3
2.03142923725765E+018,"11 : 0.4828733, 1 : 0.08878795, 9 : 0.04489586",3
2.03114892341431E+018,"3 : 0.53265613, 2 : 0.15852804, 2 : 0.061539464",3
2.02985442893835E+018,"9 : 0.41211426, 9 : 0.10792025, 9 : 0.04920133",3
2.02818787268467E+018,"1 : 0.941138, 1 : 0.006605104, 8 : 0.0039299256",3
2.02714765568902E+018,"8 : 0.33306694, 8 : 0.08110626, 8 : 0.0682683",3
2.02634982129808E+018,"9 : 0.6659999, 9 : 0.09834776, 9 : 0.046758525",3
2.02618831129042E+018,"1 : 0.39689058, 1 : 0.21020965, 11 : 0.07955955",3
2.02615188099185E+018,"8 : 0.2573819, 8 : 0.19753708, 8 : 0.120311625",3
2.02531149318179E+018,"8 : 0.9603745, 8 : 0.0041980487, 8 : 0.0018765231",3
2.02341871030515E+018,"8 : 0.9654808, 8 : 0.0053467215, 8 : 0.0013511798",3
2.0229015049982E+018,"8 : 0.11665953, 9 : 0.05670616, 13 : 0.04858515",3
2.02260268697882E+018,"3 : 0.5868379, 13 : 0.03999574, 13 : 0.037334107",3
2.02212018887619E+018,"10 : 0.21288134, 8 : 0.061736908, 5 : 0.06139607",3
2.02206063881021E+018,"8 : 0.79163784, 8 : 0.07304938, 8 : 0.025523107",3
2.02201853878465E+018,"5 : 0.14795505, 1 : 0.1379263, 8 : 0.072037145",3
2.0219940038193E+018,"3 : 0.73964524, 4 : 0.019155404, 13 : 0.006110071",3
2.02189702320446E+018,"9 : 0.7509276, 8 : 0.07596623, 9 : 0.07103882",3
2.02145328925366E+018,"8 : 0.067598626, 8 : 0.06071024, 9 : 0.054083668",3
2.02135589517628E+018,"5 : 0.2727378, 13 : 0.0769712, 1 : 0.052647673",3
2.02124849374659E+018,"12 : 0.15082912, 8 : 0.05812638, 12 : 0.05391702",3
2.0211995100062E+018,"9 : 0.8974607, 9 : 0.030734057, 13 : 0.0046562376",3
2.00165217573569E+018,"1 : 0.41932705, 1 : 0.21201362, 8 : 0.041232117",3
1.82689005376743E+018,"4 : 0.28024897, 13 : 0.111367695, 5 : 0.03223018",3
1.71338146406806E+018,"9 : 0.12592937, 7 : 0.11283269, 7 : 0.0814707",3
1.594951629202E+018,"3 : 0.9353766, 1 : 0.0055098976, 10 : 0.0011026553",3
1.96962963716975E+018,"6 : 0.20150702, 6 : 0.19032452, 6 : 0.12322212",3
2.05153067577086E+018,"3 : 0.42099994, 3 : 0.40021318, 3 : 0.030251378",3
1.99787702228276E+018,"3 : 0.116266556, 5 : 0.09594278, 4 : 0.063985005",3
2.05590516900826E+018,"3 : 0.13995764, 3 : 0.12791035, 6 : 0.041707095",3
2.16916115858669E+018,"8 : 0.026095562, 9 : 0.013353869, 7 : 0.013286021",3
2.0663412929179E+018,"3 : 0.9399629, 3 : 0.040795293, 3 : 0.0022782327",3
2.16172675105442E+018,"3 : 0.8440107, 3 : 0.050081458, 12 : 0.03159565",3
2.0291381804279E+018,"2 : 0.85740596, 2 : 0.036715817, 13 : 0.010098809",3
1.89956638931723E+018,"2 : 0.077548556, 1 : 0.05652144, 1 : 0.05577352",3
1.89345132651696E+018,"13 : 0.93700445, 13 : 0.005820898, 8 : 0.0021580015",3
2.18912503098248E+018,"3 : 0.25568542, 3 : 0.11950956, 5 : 0.081502296",3
2.20371685844473E+018,"8 : 0.25332773, 8 : 0.07394776, 4 : 0.068415835",4
2.18339743050306E+018,"7 : 0.14006291, 10 : 0.09035301, 12 : 0.06931343",4
2.1442292413075E+018,"6 : 0.20706387, 6 : 0.092898846, 6 : 0.04660848",4
2.14229948552134E+018,"10 : 0.067438036, 7 : 0.0409936, 13 : 0.032529943",4
2.14081081362835E+018,"8 : 0.1601697, 8 : 0.14670564, 8 : 0.058288928",4
2.13931738856337E+018,"7 : 0.37624377, 2 : 0.15489706, 2 : 0.10028341",4
2.13512293808143E+018,"7 : 0.8836331, 7 : 0.019020515, 7 : 0.0092322435",4
2.13440087917717E+018,"12 : 0.44089437, 2 : 0.16349, 12 : 0.14291763",4
2.13186855460624E+018,"7 : 0.38906646, 8 : 0.05041332, 8 : 0.039810322",4
2.13150947908327E+018,"2 : 0.19094756, 12 : 0.12380337, 12 : 0.08528472",4
2.12542529297884E+018,"10 : 0.04678099, 9 : 0.027167471, 4 : 0.023591967",4
2.04062452365024E+018,"10 : 0.5353865, 4 : 0.031466786, 10 : 0.021143537",4
2.03281191821042E+018,"3 : 0.18738852, 8 : 0.17402625, 7 : 0.10254139",4
2.02106505805998E+018,"7 : 0.3569161, 7 : 0.14080085, 7 : 0.087050095",4
2.01088578516469E+018,"7 : 0.110357024, 7 : 0.07974165, 2 : 0.074996874",4
2.0051503054164E+018,"8 : 0.09910366, 7 : 0.089140825, 8 : 0.068587",4
1.967434455805E+018,"4 : 0.10782093, 7 : 0.067600526, 7 : 0.061455723",4
1.94146100686756E+018,"3 : 0.17248614, 7 : 0.07218135, 1 : 0.059972156",4
1.94013680247375E+018,"8 : 0.063810684, 10 : 0.052468367, 2 : 0.039301056",4
1.9384273630102E+018,"6 : 0.65709245, 6 : 0.040530965, 6 : 0.037321467",4
1.9217676142063E+018,"3 : 0.22709134, 12 : 0.120598674, 13 : 0.04841144",4
1.90884214002719E+018,"7 : 0.3008234, 7 : 0.13267691, 7 : 0.075608924",4
1.89219521913171E+018,"7 : 0.2322141, 7 : 0.0723768, 7 : 0.067552604",4
1.88259410288228E+018,"7 : 0.23408024, 12 : 0.063884065, 7 : 0.027549898",4
1.8610151717307E+018,"6 : 0.45823422, 2 : 0.124259084, 6 : 0.094286025",4
1.83057932255592E+018,"7 : 0.71884745, 7 : 0.15793695, 7 : 0.015915295",4
1.80580430983551E+018,"7 : 0.18880974, 7 : 0.11811879, 2 : 0.0624162",4
1.79199257192313E+018,"8 : 0.67641044, 8 : 0.17299195, 8 : 0.046503197",4
1.74059636062702E+018,"8 : 0.21684332, 8 : 0.09572271, 2 : 0.05515611",4
1.73040122781109E+018,"7 : 0.12769787, 3 : 0.066479094, 7 : 0.03713825",4
1.71664448816162E+018,"3 : 0.25822234, 7 : 0.06782952, 13 : 0.036804963",4
1.6804253347277E+018,"7 : 0.856022, 7 : 0.035828393, 7 : 0.013258492",4
1.64798821020016E+018,"6 : 0.31821162, 6 : 0.17469648, 6 : 0.055397756",4
1.63475787146618E+018,"7 : 0.83819234, 4 : 0.07661819, 7 : 0.03587743",4
1.61751723289884E+018,"13 : 0.2335402, 13 : 0.11128847, 12 : 0.036435246",4
1.60860877122615E+018,"10 : 0.49674904, 2 : 0.08092649, 2 : 0.029902866",4
1.54988982556031E+018,"7 : 0.16132237, 7 : 0.060725685, 13 : 0.043840945",4
1.54140815212003E+018,"6 : 0.46037632, 6 : 0.34478816, 13 : 0.04412779",4
1.52686699763854E+018,"7 : 0.2568029, 7 : 0.15268916, 7 : 0.088509165",4
1.50788541519196E+018,"7 : 0.39194936, 2 : 0.1253512, 3 : 0.07991051",4
1.50207653867223E+018,"14 : 0.27545768, 13 : 0.14264685, 7 : 0.06870761",4
1.49578671704152E+018,"2 : 0.22982745, 3 : 0.19611016, 7 : 0.08882258",4
1.4717191048042E+018,"4 : 0.17265972, 7 : 0.09583333, 4 : 0.042067554",4
1.4631089781114E+018,"2 : 0.09231757, 8 : 0.037828438, 7 : 0.027262786",4
1.45789905513173E+018,"7 : 0.75698066, 7 : 0.06725525, 2 : 0.02214517",4
1.42675058475762E+018,"4 : 0.8588649, 7 : 0.021166421, 7 : 0.016387573",4
2.20606605091984E+018,"7 : 0.83651996, 7 : 0.10040389, 13 : 0.0064867795",4
2.20901718679479E+018,"7 : 0.75450677, 7 : 0.06498522, 2 : 0.0078119677",5
2.20819029913872E+018,"7 : 0.2523661, 7 : 0.024104366, 7 : 0.022125527",5
2.20594184284803E+018,"7 : 0.4131381, 7 : 0.022839794, 2 : 0.015104017",5
2.20540365738243E+018,"7 : 0.3395129, 7 : 0.19823709, 10 : 0.16082615",5
2.20449117703464E+018,"7 : 0.86014456, 10 : 0.0069133076, 7 : 0.0039673503",5
2.20376958648306E+018,"2 : 0.45898822, 2 : 0.28095663, 3 : 0.028544584",5
2.20230696851371E+018,"7 : 0.6035126, 7 : 0.08510884, 7 : 0.03211623",5
2.20160582809676E+018,"7 : 0.9879753, 2 : 0.0010221581, 7 : 0.00049240375",5
2.20015895997375E+018,"11 : 0.21775515, 1 : 0.18673062, 9 : 0.055380378",5
2.19869460063015E+018,"7 : 0.18036555, 7 : 0.17858438, 7 : 0.084213",5
2.19797784385452E+018,"7 : 0.99858475, 7 : 0.00016609707, 3 : 6.834055e-05",5
2.19724809452598E+018,"7 : 0.8192275, 7 : 0.028163873, 7 : 0.025119262",5
2.19509618670104E+018,"7 : 0.5127815, 7 : 0.12272415, 10 : 0.03564674",5
2.19438241694101E+018,"7 : 0.4718912, 10 : 0.18100724, 7 : 0.10968717",5
2.19359438783404E+018,"12 : 0.6519534, 3 : 0.2707533, 7 : 0.005798972",5
2.19289187521683E+018,"7 : 0.2936746, 7 : 0.15885447, 7 : 0.07466968",5
2.19216186774555E+018,"7 : 0.1475684, 2 : 0.12979847, 7 : 0.11266059",5
2.19143233038894E+018,"7 : 0.35006154, 7 : 0.17799908, 12 : 0.12028502",5
2.19072923966221E+018,"7 : 0.19206655, 7 : 0.07615583, 7 : 0.07537573",5
2.18998752307024E+018,"7 : 0.24341843, 7 : 0.12523048, 7 : 0.12002861",5
2.18925224581672E+018,"7 : 0.27294725, 7 : 0.2546391, 2 : 0.08996846",5
2.18853157661117E+018,"7 : 0.253127, 7 : 0.21928746, 7 : 0.03791295",5
2.18782214423947E+018,"7 : 0.271081, 10 : 0.13507743, 2 : 0.06201",5
2.18639096037249E+018,"7 : 0.5236506, 2 : 0.14700717, 7 : 0.061754715",5
2.18563450689208E+018,"7 : 0.711958, 10 : 0.08399438, 10 : 0.0059668184",5
2.18492406866767E+018,"7 : 0.16728966, 7 : 0.06515164, 7 : 0.019066326",5
1.6727662387107E+018,"7 : 0.22579798, 3 : 0.10026741, 2 : 0.061415754",5
1.7162427855077E+018,"10 : 0.47929594, 7 : 0.18207268, 7 : 0.07161167",5
1.56177483331709E+018,"2 : 0.5941212, 2 : 0.4004704, 7 : 0.00454981",5
2.05828176653676E+018,"7 : 0.27652577, 7 : 0.16237332, 1 : 0.069525234",5
2.18553981339926E+018,"3 : 0.2304597, 3 : 0.12376774, 2 : 0.112195686",5
1.62897159836941E+018,"1 : 0.320025, 4 : 0.08369967, 1 : 0.051283482",5
1.59698640362178E+018,"7 : 0.54731184, 7 : 0.20499137, 7 : 0.056426115",5
1.61391672535062E+018,"3 : 0.88944995, 3 : 0.032057334, 3 : 0.008525001",5
1.51025479494536E+018,"7 : 0.33359766, 4 : 0.14942016, 7 : 0.053991154",5
1.59293501459274E+018,"7 : 0.831521, 7 : 0.020837577, 7 : 0.016272534",5
1.60740497375744E+018,"9 : 0.48520228, 1 : 0.098228306, 11 : 0.032483067",5
1.61003291398109E+018,"1 : 0.68813205, 1 : 0.1857077, 11 : 0.019116519",5
1.50012218523455E+018,"13 : 0.16479172, 13 : 0.12237279, 2 : 0.090396814",5
1.56146470788043E+018,"7 : 0.8089406, 9 : 0.13167198, 1 : 0.0049110716",5
1.59640136198578E+018,"2 : 0.30438888, 2 : 0.065073356, 2 : 0.046858516",5
2.14521875546568E+018,"13 : 0.19220237, 10 : 0.06281474, 2 : 0.049788505",5
1.53776733102602E+018,"12 : 0.20426913, 2 : 0.07729579, 1 : 0.072663",5
1.53208345205615E+018,"8 : 0.61781424, 9 : 0.02351076, 9 : 0.016790137",5
1.71407352074851E+018,"12 : 0.1287656, 2 : 0.09549542, 12 : 0.028240725",5
1.57184995197288E+018,"2 : 0.4543267, 2 : 0.25182042, 2 : 0.057758708",5
1.57918839239448E+018,"2 : 0.7753732, 9 : 0.08788761, 11 : 0.035523757",5
1.571903573205E+018,"1 : 0.19238658, 1 : 0.10010053, 9 : 0.05327488",5
1.57826485506313E+018,"9 : 0.86427456, 11 : 0.025755526, 1 : 0.022016533",5
1.5775652611195E+018,"1 : 0.43245268, 1 : 0.2211272, 11 : 0.19071457",5
1.63423282684745E+018,"1 : 0.83399165, 1 : 0.020766594, 7 : 0.014645995",5
1.57343302219127E+018,"7 : 0.33872432, 10 : 0.31716317, 7 : 0.06497772",5
1.60321906804576E+018,"3 : 0.05368063, 12 : 0.04198125, 2 : 0.031587865",5
1.57205569895792E+018,"2 : 0.8411896, 2 : 0.13627648, 7 : 0.005404486",5
1.58414570790406E+018,"1 : 0.89915586, 1 : 0.00704365, 1 : 0.0027796777",5
1.59242099273859E+018,"1 : 0.30579382, 11 : 0.12918906, 1 : 0.11805558",5
1.60505706146104E+018,"1 : 0.89057225, 11 : 0.030013805, 5 : 0.01201606",5
2.19308471187477E+018,"2 : 0.6881084, 2 : 0.06686369, 13 : 0.037209716",5
2.17131321328839E+018,"7 : 0.36365998, 10 : 0.112237364, 5 : 0.070974156",5
2.15667506181849E+018,"7 : 0.5582811, 7 : 0.09142921, 10 : 0.04589034",5
2.15147522916004E+018,"6 : 0.082308546, 8 : 0.06508069, 3 : 0.06300006",5
2.1379842891916E+018,"3 : 0.30479917, 7 : 0.16964766, 10 : 0.0450609",5
2.12847856120456E+018,"6 : 0.86734146, 2 : 0.038087342, 7 : 0.013968015",5
2.0800816393058E+018,"2 : 0.29938352, 3 : 0.06155301, 7 : 0.03264736",5
2.06671746069171E+018,"7 : 0.13329679, 2 : 0.09783771, 2 : 0.095641516",5
2.05519910160106E+018,"7 : 0.46944073, 2 : 0.08255639, 13 : 0.07449608",5
2.02626766609818E+018,"6 : 0.22266145, 2 : 0.1950589, 2 : 0.045422908",5
2.01377603896415E+018,"13 : 0.312656, 14 : 0.29126292, 7 : 0.09493992",5
1.99368803496638E+018,"2 : 0.32040766, 7 : 0.26443556, 2 : 0.031867232",5
1.98996618853417E+018,"7 : 0.15100731, 5 : 0.10647479, 7 : 0.05099966",5
1.97549928560654E+018,"2 : 0.14409482, 7 : 0.07701474, 3 : 0.039137855",5
1.94009180766667E+018,"8 : 0.57454276, 2 : 0.1078956, 4 : 0.037505716",5
1.92905685004763E+018,"7 : 0.963533, 10 : 0.0047071837, 7 : 0.0009347903",5
1.91733937437712E+018,"7 : 0.4887098, 2 : 0.040237777, 7 : 0.027058728",5
1.9139832019052E+018,"7 : 0.8090245, 10 : 0.073306195, 7 : 0.01367225",5
1.91175772025844E+018,"2 : 0.31993544, 14 : 0.105287455, 2 : 0.089438066",5
1.91170913254348E+018,"3 : 0.10467619, 3 : 0.052755453, 2 : 0.048406187",5
1.91169211904554E+018,"7 : 0.081390254, 2 : 0.069037504, 7 : 0.063768595",5
1.90907207818135E+018,"13 : 0.50732005, 7 : 0.06377137, 6 : 0.054254353",5
1.90903261396673E+018,"7 : 0.6158455, 7 : 0.029750267, 7 : 0.0145878885",5
1.90017174054841E+018,"7 : 0.07123716, 7 : 0.029316247, 3 : 0.022143658",5
1.78704126992111E+018,"7 : 0.9416368, 10 : 0.03261002, 10 : 0.0021959506",5
1.74582187911217E+018,"13 : 0.6554587, 7 : 0.033957448, 13 : 0.027565738",5
1.7210092715616E+018,"12 : 0.16898891, 3 : 0.121275, 12 : 0.1154054",5
1.65162999023066E+018,"3 : 0.3566396, 3 : 0.06862549, 2 : 0.03994595",5
1.91677083085781E+018,"7 : 0.7341758, 10 : 0.22764668, 10 : 0.004854832",5
1.91324676210798E+018,"7 : 0.43592992, 10 : 0.24622913, 7 : 0.016903017",5
1.93355427735383E+018,"7 : 0.36116043, 7 : 0.35617986, 3 : 0.12207126",5
1.9090312774517E+018,"7 : 0.8590583, 3 : 0.031636175, 7 : 0.012107231",5
1.9176748562859E+018,"5 : 0.07479057, 3 : 0.04254894, 6 : 0.041870687",5
1.9094698826241E+018,"7 : 0.40632865, 10 : 0.18517852, 7 : 0.0126474975",5
1.91036614770033E+018,"10 : 0.15784775, 6 : 0.13116549, 2 : 0.105927184",5
2.15368871385557E+018,"12 : 0.43100438, 1 : 0.39567822, 11 : 0.05104591",5
2.14741801633004E+018,"1 : 0.3685351, 1 : 0.22733606, 9 : 0.07672179",5
2.13801437496609E+018,"2 : 0.523966, 2 : 0.15773347, 2 : 0.024669902",5
2.11981821808812E+018,"3 : 0.28024417, 4 : 0.046846677, 2 : 0.04502083",5
2.1155219337736E+018,"11 : 0.93726635, 11 : 0.013805581, 13 : 0.004495957",5
2.09742396786553E+018,"2 : 0.35831064, 11 : 0.3327725, 2 : 0.15403189",5
2.09606431115113E+018,"1 : 0.99050236, 1 : 0.0024693224, 3 : 0.00055718067",5
2.09247992257362E+018,"9 : 0.99024653, 13 : 0.004351879, 2 : 0.00054609316",5
2.09136792943303E+018,"6 : 0.036165237, 2 : 0.02736045, 3 : 0.01987192",5
2.08952016070148E+018,"2 : 0.52795434, 2 : 0.12955251, 4 : 0.050438926",5
2.08295983296091E+018,"13 : 0.41648534, 7 : 0.03340699, 9 : 0.024891755",5
2.08067810331531E+018,"11 : 0.7865545, 2 : 0.029717268, 10 : 0.016907144",5
2.07760368054832E+018,"13 : 0.5283948, 2 : 0.03937572, 2 : 0.034021914",5
2.07756488810186E+018,"1 : 0.6812668, 11 : 0.11098706, 1 : 0.02186283",5
2.07721307028344E+018,"2 : 0.19995156, 13 : 0.17015798, 12 : 0.07690598",5
2.07677812174879E+018,"1 : 0.93209374, 13 : 0.017390817, 7 : 0.008775136",5
2.07640600671128E+018,"2 : 0.3143733, 14 : 0.25496534, 3 : 0.09517342",5
2.07324833338582E+018,"1 : 0.65699136, 11 : 0.028850706, 12 : 0.027504383",5
2.06780391927479E+018,"12 : 0.26045248, 2 : 0.07155766, 13 : 0.048946906",5
2.0675877847682E+018,"2 : 0.769564, 2 : 0.22815512, 1 : 0.00019962473",5
2.06752364251013E+018,"1 : 0.61738974, 4 : 0.11379591, 1 : 0.06749924",5
2.06750477253935E+018,"6 : 0.13100296, 6 : 0.03557623, 6 : 0.03515884",5
2.06704327904154E+018,"2 : 0.3254851, 2 : 0.07347798, 2 : 0.060039174",5
2.06518906177515E+018,"11 : 0.2806932, 3 : 0.06382552, 1 : 0.060468078",5
2.06248412672868E+018,"3 : 0.72546947, 7 : 0.04079266, 9 : 0.01303632",5
2.06046570382806E+018,"13 : 0.63606036, 2 : 0.20829804, 13 : 0.050647378",5
2.05953194293373E+018,"13 : 0.6488329, 7 : 0.11719287, 3 : 0.010173589",5
2.05882845624803E+018,"2 : 0.097995505, 2 : 0.04929023, 10 : 0.033258818",5
2.05882720196669E+018,"2 : 0.16861904, 11 : 0.11876946, 11 : 0.05778075",5
2.05744764446225E+018,"11 : 0.5865878, 2 : 0.35242036, 11 : 0.0034079694",5
2.05741200712045E+018,"2 : 0.37401563, 11 : 0.14843585, 7 : 0.089813456",5
1.66596204911073E+018,"2 : 0.71074927, 2 : 0.056333955, 4 : 0.013904632",5
1.66308799992094E+018,"7 : 0.2432106, 12 : 0.23194452, 7 : 0.07257428",5
1.66117583769983E+018,"12 : 0.08815651, 7 : 0.06735016, 7 : 0.024029097",5
1.65954465021644E+018,"12 : 0.45011792, 4 : 0.025792804, 13 : 0.020206656",5
1.65242819435926E+018,"11 : 0.6083647, 9 : 0.20064169, 1 : 0.09502223",5
1.65164002255992E+018,"3 : 0.24656805, 1 : 0.12929226, 7 : 0.043288343",5
1.64794009058801E+018,"3 : 0.2995555, 11 : 0.14034817, 9 : 0.10484906",5
1.59298998245625E+018,"11 : 0.8365344, 1 : 0.013466755, 13 : 0.013136582",5
1.59076132234139E+018,"1 : 0.36564174, 4 : 0.15977345, 2 : 0.02612051",5
1.58130986520752E+018,"1 : 0.75977355, 11 : 0.06013993, 1 : 0.017481266",5
1.49664083099969E+018,"7 : 0.14334445, 4 : 0.08098579, 7 : 0.0697076",5
2.15466017665163E+018,"2 : 0.4189718, 11 : 0.09977795, 1 : 0.074448965",5
2.14131728878004E+018,"14 : 0.19552425, 10 : 0.16892126, 4 : 0.14572363",5
2.12553385336759E+018,"1 : 0.26044193, 11 : 0.068139285, 3 : 0.067062505",5
2.1255336381997E+018,"1 : 0.3193764, 3 : 0.10315827, 11 : 0.069764",5
2.12553338473787E+018,"4 : 0.71983594, 1 : 0.055986293, 1 : 0.03579222",5
2.0303383838483E+018,"11 : 0.76494706, 1 : 0.055004798, 1 : 0.042719062",5
1.98738338243445E+018,"1 : 0.36724594, 1 : 0.2781418, 11 : 0.16299891",5
1.98553056589788E+018,"1 : 0.6445378, 11 : 0.12260035, 1 : 0.08434451",5
1.93982863987729E+018,"6 : 0.1676715, 6 : 0.082807094, 2 : 0.062359754",5
2.16777750722181E+018,"1 : 0.60426074, 1 : 0.23995294, 11 : 0.032984044",5
2.20520518077812E+018,"2 : 0.33507583, 2 : 0.091696106, 7 : 0.05026818",5
2.20394323396533E+018,"7 : 0.361284, 2 : 0.24365573, 3 : 0.05839186",5
2.20154696239888E+018,"7 : 0.34860057, 3 : 0.1016897, 14 : 0.0662107",5
2.20086775159828E+018,"7 : 0.4526564, 7 : 0.33547902, 7 : 0.060176935",5
2.19792602285963E+018,"7 : 0.43822613, 3 : 0.23569481, 7 : 0.03619098",5
2.19430526313011E+018,"3 : 0.122580685, 7 : 0.09576507, 7 : 0.05564163",5
2.19357864016857E+018,"7 : 0.36647323, 7 : 0.10395495, 2 : 0.0794575",5
2.1928468950057E+018,"13 : 0.12443498, 7 : 0.08034919, 7 : 0.03694431",5
2.19214578294202E+018,"7 : 0.14134383, 13 : 0.13597487, 7 : 0.03877285",5
2.18872486378765E+018,"7 : 0.13303922, 3 : 0.0685856, 2 : 0.053687204",5
2.18852709527412E+018,"7 : 0.2391886, 3 : 0.1974202, 7 : 0.11008085",5
2.18576767919817E+018,"7 : 0.3390863, 7 : 0.289894, 12 : 0.089824766",5
2.18200117900584E+018,"7 : 0.33032054, 7 : 0.20377792, 7 : 0.068406515",5
2.17779250105061E+018,"7 : 0.4845922, 7 : 0.023008492, 13 : 0.022691173",5
2.1762074541411E+018,"13 : 0.46114364, 7 : 0.030500991, 3 : 0.021293955",5
2.17326004237187E+018,"7 : 0.17911467, 7 : 0.14224716, 3 : 0.09680474",5
2.17254793589671E+018,"7 : 0.98410493, 7 : 0.009220745, 7 : 0.0011887416",5
2.16820381722155E+018,"3 : 0.96025366, 12 : 0.01108204, 7 : 0.0021441823",5
2.16675075354965E+018,"7 : 0.18146487, 7 : 0.15258397, 13 : 0.093728855",5
2.16532760406489E+018,"13 : 0.40531263, 12 : 0.13752638, 12 : 0.051894538",5
2.16310631251958E+018,"7 : 0.60336125, 7 : 0.13821518, 7 : 0.049338195",5
2.16167888945853E+018,"7 : 0.56831294, 2 : 0.07234342, 2 : 0.04776077",5
2.15750304176334E+018,"3 : 0.08873272, 7 : 0.08677776, 7 : 0.06459991",5
2.1566013528733E+018,"3 : 0.2621901, 7 : 0.15983918, 10 : 0.064855054",5
2.15587693319643E+018,"2 : 0.29023576, 7 : 0.06195559, 4 : 0.058723632",5
2.15511260414669E+018,"7 : 0.116977, 7 : 0.109362856, 12 : 0.073903225",5
2.15294272708439E+018,"7 : 0.36076415, 7 : 0.15030465, 7 : 0.14124426",5
2.13555436267251E+018,"2 : 0.48375496, 2 : 0.13622929, 2 : 0.08237806",5
2.12993183954928E+018,"2 : 0.23906769, 3 : 0.19141929, 7 : 0.1755795",5
2.12686881412263E+018,"7 : 0.7300608, 3 : 0.068447575, 7 : 0.031644706",5
2.12107789392174E+018,"7 : 0.20917703, 7 : 0.09211205, 10 : 0.059303574",5
2.12028115937714E+018,"13 : 0.3288312, 7 : 0.23077746, 7 : 0.05107152",5
2.12027525173355E+018,"3 : 0.6948156, 7 : 0.10316472, 7 : 0.02913589",5
2.11662762064167E+018,"7 : 0.11370567, 10 : 0.064006455, 13 : 0.03224356",5
2.10379064834069E+018,"3 : 0.32528058, 7 : 0.25609943, 7 : 0.11978369",5
2.09930598389785E+018,"7 : 0.7484763, 3 : 0.071981736, 7 : 0.027969649",5
2.09716898762974E+018,"3 : 0.38163576, 7 : 0.23175408, 7 : 0.09222955",5
2.09571851711991E+018,"7 : 0.5880599, 7 : 0.36893532, 3 : 0.029952079",5
2.09423992030339E+018,"7 : 0.21459927, 4 : 0.029032968, 7 : 0.028258001",5
2.09062852075039E+018,"3 : 0.3084805, 13 : 0.10961262, 12 : 0.063159",5
2.08697938427275E+018,"3 : 0.78301704, 7 : 0.009881436, 7 : 0.009788058",5
2.08409751679992E+018,"7 : 0.6192092, 2 : 0.05947657, 7 : 0.05775306",5
2.08190209500019E+018,"7 : 0.64163625, 7 : 0.027565064, 4 : 0.025834953",5
2.08050055717008E+018,"13 : 0.2778081, 3 : 0.05878991, 13 : 0.054624703",5
2.07611273280701E+018,"12 : 0.21736652, 2 : 0.18931536, 3 : 0.12126777",5
2.07468331144525E+018,"7 : 0.8922506, 7 : 0.0294172, 2 : 0.011354814",5
2.07191762191539E+018,"2 : 0.22110346, 7 : 0.16348788, 3 : 0.07233219",5
2.07027988813007E+018,"7 : 0.2264081, 7 : 0.1452492, 12 : 0.07698862",5
2.06552063978523E+018,"3 : 0.4626343, 10 : 0.04016126, 10 : 0.039011136",5
2.05881887665898E+018,"7 : 0.49291193, 7 : 0.22593543, 2 : 0.04633936",5
2.05792754069514E+018,"7 : 0.96739966, 7 : 0.0054199356, 7 : 0.0039070603",5
2.05438263959226E+018,"7 : 0.39238924, 3 : 0.09299876, 13 : 0.040748168",5
2.05148120860235E+018,"7 : 0.28723404, 7 : 0.23137005, 12 : 0.11310977",5
2.04858410731619E+018,"7 : 0.34489968, 3 : 0.32492414, 12 : 0.04888565",5
2.04642313061722E+018,"7 : 0.5712659, 12 : 0.27732033, 7 : 0.011690847",5
2.04564231513515E+018,"3 : 0.765389, 7 : 0.04053343, 7 : 0.0062619983",5
2.04560189435895E+018,"2 : 0.96733886, 2 : 0.011842146, 12 : 0.008645745",5
2.04502806781105E+018,"7 : 0.34201828, 3 : 0.30790058, 7 : 0.087001495",5
2.0434723687326E+018,"7 : 0.035728727, 2 : 0.034742188",5
2.04150662250625E+018,"7 : 0.61858577, 10 : 0.0456712, 2 : 0.0083306115",5
2.04135070430485E+018,"3 : 0.94445705, 7 : 0.004421579, 7 : 0.0024978204",5
2.03843306134847E+018,"7 : 0.38282812, 7 : 0.07922951, 7 : 0.07149913",5
1.98484061913968E+018,"7 : 0.43316275, 7 : 0.19791071, 7 : 0.087499484",5
1.98414907133065E+018,"7 : 0.14420979, 7 : 0.12515543, 13 : 0.038892385",5
1.98337631692236E+018,"7 : 0.37147227, 7 : 0.18895403, 2 : 0.0737133",5
1.98064379138489E+018,"7 : 0.24293002, 7 : 0.16155574, 7 : 0.11379469",5
1.98046660799542E+018,"7 : 0.42384133, 7 : 0.1094429, 7 : 0.10903738",5
1.97835811114135E+018,"3 : 0.2371768, 7 : 0.15262796, 7 : 0.09308794",5
1.97542292971948E+018,"7 : 0.9450446, 7 : 0.0105998665, 7 : 0.0054228157",5
1.97469596844542E+018,"7 : 0.13375701, 2 : 0.120216735, 7 : 0.06015898",5
1.97032553833929E+018,"2 : 0.14381605, 3 : 0.12032026, 7 : 0.0938044",5
1.96816273017247E+018,"7 : 0.9108781, 7 : 0.010414918, 7 : 0.0061043976",5
1.96528670274778E+018,"7 : 0.96081185, 7 : 0.004482364, 7 : 0.0025012207",5
1.96312450278876E+018,"3 : 0.4047594, 10 : 0.1794206, 7 : 0.073097326",5
1.96025239622478E+018,"3 : 0.7602563, 7 : 0.049788788, 7 : 0.036855",5
1.95233502320323E+018,"10 : 0.34089336, 7 : 0.08715675, 7 : 0.05518576",5
1.94500075396719E+018,"7 : 0.9215422, 7 : 0.036286496, 7 : 0.008053444",5
1.93773697238387E+018,"7 : 0.99404, 7 : 0.0041837334, 7 : 0.0009993691",5
1.93190435505512E+018,"7 : 0.58939767, 7 : 0.27302235, 7 : 0.026638968",5
1.93137593471759E+018,"7 : 0.15528437, 12 : 0.09808656, 7 : 0.08681737",5
1.92762982390126E+018,"7 : 0.549079, 12 : 0.08713875, 7 : 0.031452388",5
1.92683235373481E+018,"7 : 0.22968951, 7 : 0.15349214, 7 : 0.08847515",5
1.91964399492269E+018,"7 : 0.32669738, 7 : 0.08386027, 7 : 0.054486364",5
1.9188263250385E+018,"7 : 0.9165546, 6 : 0.0024487288, 7 : 0.002184945",5
1.91746513944957E+018,"7 : 0.6049546, 7 : 0.1730847, 7 : 0.013665305",5
1.91668235687998E+018,"7 : 0.5828493, 7 : 0.22879583, 7 : 0.030353175",5
1.91466509740375E+018,"7 : 0.5865093, 7 : 0.22106603, 7 : 0.021603443",5
1.91251307862263E+018,"7 : 0.9721061, 12 : 0.018627279, 7 : 0.0013612759",5
1.91178988383351E+018,"7 : 0.35012448, 3 : 0.18239295, 7 : 0.13386688",5
1.90874327086944E+018,"7 : 0.78600746, 12 : 0.054027814, 7 : 0.022119662",5
1.90655386381917E+018,"7 : 0.08744136, 4 : 0.08616189, 12 : 0.058151785",5
1.90217169258938E+018,"10 : 0.62151504, 7 : 0.29112744, 7 : 0.034623828",5
1.90217010785538E+018,"7 : 0.72467196, 10 : 0.11147995, 7 : 0.070541605",5
1.89928357752469E+018,"7 : 0.3114587, 10 : 0.13318834, 7 : 0.07851644",5
1.89854354329295E+018,"7 : 0.73189574, 10 : 0.11167157, 7 : 0.06634256",5
2.20808199997828E+018,"3 : 0.59588826, 7 : 0.21156144, 11 : 0.05780462",5
2.20665166717731E+018,"7 : 0.62595797, 7 : 0.1480283, 2 : 0.030171778",5
2.20588709932076E+018,"9 : 0.82085735, 7 : 0.043668807, 10 : 0.013585911",5
2.20528401403037E+018,"4 : 0.92399156, 8 : 0.017416866, 2 : 0.015847329",5
2.20446649453715E+018,"3 : 0.56081325, 5 : 0.02883443, 14 : 0.012866202",5
2.20377327116248E+018,"14 : 0.8729152, 3 : 0.01836827, 3 : 0.013377386",5
2.20299971365399E+018,"6 : 0.12472559, 3 : 0.083175294, 6 : 0.057518594",5
2.20228736217266E+018,"7 : 0.5679427, 12 : 0.073306106, 2 : 0.017869335",5
2.20156831429195E+018,"12 : 0.18166454, 7 : 0.064322986, 12 : 0.04679115",5
2.20084166755726E+018,"5 : 0.81934875, 12 : 0.008074163, 5 : 0.005968989",5
2.19939355742549E+018,"2 : 0.25631404, 7 : 0.22959633, 2 : 0.09021325",5
2.19872200715213E+018,"7 : 0.8955676, 7 : 0.008014995, 2 : 0.0048813163",5
2.19795740725924E+018,"2 : 0.42633986, 3 : 0.12045348, 3 : 0.04196144",5
2.19721054652954E+018,"7 : 0.34211868, 14 : 0.05061638, 7 : 0.022138054",5
2.19647574621044E+018,"6 : 0.109043755, 7 : 0.07292699, 6 : 0.07140221",5
2.19576420182228E+018,"7 : 0.1538823, 13 : 0.07127888, 9 : 0.055358786",5
2.1942761817973E+018,"5 : 0.8184651, 9 : 0.030295936, 3 : 0.023334285",5
2.19358447858103E+018,"3 : 0.26760733, 2 : 0.106611826, 7 : 0.07558325",5
2.19285605950952E+018,"3 : 0.620953, 3 : 0.03243763, 7 : 0.027542997",5
2.19214497706524E+018,"7 : 0.998606, 7 : 0.00065541506, 12 : 8.0370286e-05",5
2.19138443425577E+018,"3 : 0.8821091, 4 : 0.011229415, 2 : 0.008395898",5
2.19074516416792E+018,"2 : 0.45961982, 7 : 0.080076486, 7 : 0.03273278",5
2.18919627730947E+018,"14 : 0.33596072, 3 : 0.07964511, 4 : 0.05939253",5
2.18850961969803E+018,"6 : 0.1359, 5 : 0.10073995, 5 : 0.08488649",5
2.18778136651156E+018,"3 : 0.14654626, 7 : 0.14611442, 7 : 0.07983822",5
2.18706782706895E+018,"7 : 0.27067742, 7 : 0.1414038, 4 : 0.07861462",5
2.18635379571846E+018,"13 : 0.09122835, 6 : 0.042153623, 2 : 0.033305675",5
2.1856151238472E+018,"9 : 0.54444796, 7 : 0.10056375, 7 : 0.038486287",5
2.1827726849543E+018,"2 : 0.18249816, 7 : 0.14605485, 3 : 0.07846367",5
2.1819964809995E+018,"2 : 0.92929125, 3 : 0.026704907, 2 : 0.0041274326",5
2.18125846034422E+018,"2 : 0.8388333, 7 : 0.13341305, 2 : 0.0050980556",5
2.1805398054698E+018,"2 : 0.784763, 3 : 0.098074324, 2 : 0.033585396",5
2.1799779935319E+018,"3 : 0.46206063, 2 : 0.070641525, 2 : 0.03708672",5
2.17944133058189E+018,"7 : 0.27579027, 7 : 0.10830173, 7 : 0.06699972",5
2.17832002195318E+018,"3 : 0.9091381, 2 : 0.019426756, 7 : 0.008281749",5
2.1778198753183E+018,"2 : 0.10630713, 7 : 0.05117457, 7 : 0.030450953",5
2.17692991049758E+018,"12 : 0.35062343, 3 : 0.24270596, 2 : 0.043525442",5
2.21055439982322E+018,"8 : 0.68136865, 13 : 0.058940634, 9 : 0.035430938",5
2.21027783991684E+018,"1 : 0.85422826, 1 : 0.008120552, 9 : 0.003489546",5
2.20977265619941E+018,"1 : 0.6737235, 7 : 0.16076937, 7 : 0.027944392",5
2.20964954436814E+018,"7 : 0.16212961, 8 : 0.09220145, 3 : 0.06735044",5
2.20912426120192E+018,"8 : 0.115481324, 9 : 0.07859207, 9 : 0.06316896",5
2.20897086666144E+018,"1 : 0.905727, 1 : 0.006662054, 1 : 0.003398929",5
2.20831819391178E+018,"9 : 0.9920995, 4 : 0.0001918311, 4 : 0.0001892582",5
2.20806759402701E+018,"10 : 0.252174, 7 : 0.1262206, 7 : 0.024201615",5
2.20759762852391E+018,"4 : 0.8791202, 9 : 0.02906534, 13 : 0.017719535",5
2.20740906594502E+018,"11 : 0.42596743, 7 : 0.14224076, 9 : 0.06485602",5
2.20687234145617E+018,"5 : 0.33334416, 3 : 0.23276655, 6 : 0.122858495",5
2.20661448889027E+018,"13 : 0.13153231, 1 : 0.10548678, 13 : 0.09370792",5
2.20614553870167E+018,"7 : 0.18219492, 11 : 0.12469639, 2 : 0.09432958",5
2.20592611416628E+018,"1 : 0.16596922, 1 : 0.14361611, 1 : 0.13067843",5
2.20545534714457E+018,"3 : 0.34603047, 8 : 0.13912344, 1 : 0.06845385",5
2.20519546194674E+018,"2 : 0.1700771, 7 : 0.145056, 6 : 0.08560423",5
2.20468523118164E+018,"2 : 0.11186315, 2 : 0.091149315, 9 : 0.08553284",5
2.20456511555788E+018,"7 : 0.21198522, 7 : 0.14321254, 3 : 0.1410638",5
2.20438126679159E+018,"1 : 0.49947625, 1 : 0.16823484, 9 : 0.04942972",5
2.20398695436541E+018,"1 : 0.75440353, 11 : 0.076303676, 11 : 0.032317698",5
2.20384950087605E+018,"1 : 0.5669829, 1 : 0.09382107, 11 : 0.02268082",5
2.20323705042608E+018,"2 : 0.9812135, 13 : 0.0038354213, 9 : 0.0016566791",5
2.20258285739865E+018,"9 : 0.9252004, 5 : 0.02282408, 1 : 0.0040181535",5
2.20231792290342E+018,"13 : 0.18791077, 13 : 0.0733053, 2 : 0.04280585",5
2.20166385518355E+018,"1 : 0.4218084, 1 : 0.05005462, 11 : 0.02174936",5
2.20111937856361E+018,"9 : 0.30710372, 9 : 0.21543628, 9 : 0.092603624",5
2.20082164049228E+018,"6 : 0.06478098, 7 : 0.058889665, 13 : 0.04279804",5
2.20037551423812E+018,"1 : 0.6021538, 11 : 0.06410297, 11 : 0.06405683",5
2.19997318577644E+018,"1 : 0.8998855, 11 : 0.016823541, 8 : 0.008826257",5
2.19961579773162E+018,"4 : 0.38179252, 2 : 0.052578367, 7 : 0.042868383",5
2.19948619757015E+018,"1 : 0.8043684, 7 : 0.03127769, 11 : 0.015875088",5
2.19923790125918E+018,"1 : 0.57313424, 11 : 0.124135464, 1 : 0.12046565",5
2.19892319815052E+018,"9 : 0.9560871, 1 : 0.016578097, 5 : 0.0011680656",5
2.19877954591462E+018,"5 : 0.5159086, 2 : 0.17449325, 3 : 0.048708577",5
2.19868774663398E+018,"8 : 0.05544495, 2 : 0.05224737, 9 : 0.04740468",5
2.19827767017013E+018,"10 : 0.2701294, 10 : 0.06326746, 7 : 0.028812181",5
2.19820766418028E+018,"7 : 0.07616443, 7 : 0.044374872, 6 : 0.040489897",5
2.19815399880993E+018,"9 : 0.17827387, 4 : 0.06975519, 10 : 0.050966475",5
2.19810958412274E+018,"8 : 0.5112085, 1 : 0.31897298, 9 : 0.030137608",5
2.19807567006456E+018,"3 : 0.25159863, 2 : 0.04803053, 7 : 0.046062455",5
2.19804908154175E+018,"11 : 0.37309656, 1 : 0.21314938, 1 : 0.14219922",5
2.19795940858047E+018,"1 : 0.8145857, 9 : 0.026904257, 1 : 0.014471464",5
2.1974225211339E+018,"3 : 0.87039214, 7 : 0.009605238, 7 : 0.0076633263",5
2.19712002614268E+018,"6 : 0.64099795, 6 : 0.080325, 6 : 0.059745267",5
2.19673850923935E+018,"9 : 0.09002341, 1 : 0.08441462, 11 : 0.0659818",5
2.19661961931013E+018,"1 : 0.7500791, 1 : 0.082230546, 11 : 0.015543378",5
2.19648999165903E+018,"1 : 0.80266136, 11 : 0.022948664, 1 : 0.01930146",5
2.1963570965394E+018,"1 : 0.62519175, 13 : 0.08060635, 1 : 0.02158393",5
2.21023726224807E+018,"1 : 0.48070616, 13 : 0.109016806, 3 : 0.08343552",5
2.21021740089147E+018,"11 : 0.23511162, 7 : 0.03855354, 7 : 0.03325108",5
2.20964999794617E+018,"11 : 0.16779643, 1 : 0.12091451, 3 : 0.078212366",5
2.20891478490987E+018,"3 : 0.34871015, 1 : 0.0792234, 13 : 0.063700214",5
2.20832393734668E+018,"3 : 0.19118038, 11 : 0.15025303, 1 : 0.060170397",5
2.20810617976375E+018,"1 : 0.25475395, 3 : 0.15112007, 11 : 0.056749474",5
2.2075790421866E+018,"3 : 0.25743, 1 : 0.056287456, 11 : 0.020551432",5
2.20589296161566E+018,"1 : 0.44355133, 1 : 0.3268042, 11 : 0.056624487",5
2.20516324623423E+018,"3 : 0.6217651, 11 : 0.03362176, 12 : 0.030363606",5
2.2046945349202E+018,"10 : 0.19902295, 11 : 0.08141751, 13 : 0.07351511",5
2.20469388207679E+018,"10 : 0.4787388, 10 : 0.110444464, 10 : 0.052038193",5
2.20469274648581E+018,"4 : 0.57437235, 13 : 0.09065756, 13 : 0.081646994",5
2.20468816302595E+018,"3 : 0.67492914, 1 : 0.02605934, 13 : 0.02374516",5
2.20400092700332E+018,"3 : 0.3072606, 1 : 0.25011015, 11 : 0.06293543",5
2.20230413150327E+018,"13 : 0.13555944, 11 : 0.082318045, 3 : 0.0765955",5
2.20017010781938E+018,"1 : 0.17070985, 11 : 0.15166056, 11 : 0.11829655",5
2.1996109827127E+018,"11 : 0.10913438, 2 : 0.094522364, 1 : 0.08004998",5
2.19946327413151E+018,"13 : 0.07160899, 1 : 0.064627655, 9 : 0.047370955",5
2.19602215244987E+018,"2 : 0.13243884, 2 : 0.09317094, 6 : 0.082869135",5
2.19583704446542E+018,"9 : 0.20961379, 3 : 0.113642216, 8 : 0.027509771",5
2.1952289551704E+018,"10 : 0.2225235, 13 : 0.033479422, 8 : 0.015926661",5
2.19522864855852E+018,"2 : 0.14662567, 2 : 0.14002892, 10 : 0.09121584",5
2.19522830350131E+018,"10 : 0.71951956, 10 : 0.25418785, 10 : 0.018256513",5
2.19522814330407E+018,"10 : 0.82114434, 10 : 0.16693796, 10 : 0.005694055",5
2.19522787160565E+018,"10 : 0.7681108, 10 : 0.044025116, 7 : 0.013245635",5
2.19522662154355E+018,"10 : 0.5449479, 10 : 0.2655973, 7 : 0.039844155",5
2.19420986506116E+018,"1 : 0.9843167, 9 : 0.0022936324, 10 : 0.0013297732",5
2.19303334388185E+018,"3 : 0.13091852, 1 : 0.10799862, 12 : 0.08595317",5
2.19243219518556E+018,"3 : 0.13696045, 1 : 0.06713457, 11 : 0.049796574",5
2.19072410120382E+018,"7 : 0.1683096, 11 : 0.0467173, 2 : 0.046004772",5
2.18999977917862E+018,"12 : 0.08585691, 7 : 0.07707956, 2 : 0.069682784",5
2.18964489418317E+018,"1 : 0.15955026, 11 : 0.089430474, 2 : 0.08327136",5
2.18950453727094E+018,"10 : 0.23999712, 10 : 0.11370747, 11 : 0.10994069",5
2.18943709251023E+018,"3 : 0.10300987, 1 : 0.045984413, 11 : 0.03107311",5
2.18937520590482E+018,"3 : 0.15306956, 1 : 0.11544857, 12 : 0.079115085",5
2.18935255732851E+018,"11 : 0.23098214, 11 : 0.18235181, 1 : 0.08529375",5
2.18932357385684E+018,"1 : 0.08693663, 10 : 0.060818497, 3 : 0.034580737",5
2.18920641802923E+018,"10 : 0.92686135, 10 : 0.06649686, 10 : 0.0026177403",5
2.18872579000748E+018,"3 : 0.19175652, 8 : 0.1034001, 11 : 0.057687458",5
2.1843281530262E+018,"10 : 0.5069863, 10 : 0.3461061, 10 : 0.008323568",5
2.18431409629622E+018,"3 : 0.6278436, 11 : 0.07232744, 1 : 0.03877785",5
2.18378468416557E+018,"10 : 0.4679248, 10 : 0.11492998, 1 : 0.090401664",5
2.18339165266458E+018,"3 : 0.5087989, 12 : 0.0431322, 11 : 0.034583956",5
2.18334943327053E+018,"11 : 0.447509, 2 : 0.090081565, 11 : 0.056009542",5
2.18301474406839E+018,"13 : 0.044223577, 13 : 0.04397836, 13 : 0.034902632",5
2.18297971271284E+018,"7 : 0.07758825, 13 : 0.06843758, 1 : 0.05084457",5
2.18280017907003E+018,"1 : 0.11514629, 1 : 0.099912964, 12 : 0.06901141",5
2.1822575107241E+018,"6 : 0.09208448, 2 : 0.052440193, 4 : 0.038853943",5
2.18117987921982E+018,"1 : 0.31687608, 3 : 0.15259959, 2 : 0.14288017",5
2.17909069682544E+018,"9 : 0.18893133, 3 : 0.109856024, 8 : 0.049446054",5
2.17289992458105E+018,"1 : 0.42845798, 3 : 0.19078594, 2 : 0.03460073",5
2.17213640534883E+018,"2 : 0.10556499, 13 : 0.08529918, 1 : 0.04518103",5
2.17167755344884E+018,"9 : 0.24503186, 3 : 0.14971349, 13 : 0.1300796",5
2.17140967441979E+018,"7 : 0.49499014, 2 : 0.24553345, 11 : 0.043365423",5
2.16993650336343E+018,"11 : 0.24492784, 1 : 0.13526697, 11 : 0.103323564",5
2.16977020981137E+018,"6 : 0.11093885, 3 : 0.109566934, 11 : 0.09213662",5
2.16957888304577E+018,"12 : 0.17833592, 2 : 0.097101875, 2 : 0.03791527",5
2.16957753434207E+018,"1 : 0.87219906, 12 : 0.010127407, 2 : 0.00658097",5
2.16957686649159E+018,"12 : 0.4120428, 2 : 0.094308585, 12 : 0.067755245",5
2.16927350122416E+018,"6 : 0.37847236, 10 : 0.115563184, 13 : 0.09183088",5
2.1691722291565E+018,"8 : 0.32322326, 2 : 0.1398342, 1 : 0.09554521",5
2.16824882821871E+018,"11 : 0.25852543, 11 : 0.19387595, 7 : 0.11902455",5
2.1682085923612E+018,"7 : 0.986041, 2 : 0.0014991023, 2 : 0.00045440882",5
2.16819777786651E+018,"3 : 0.30296382, 1 : 0.079449, 11 : 0.07863456",5
2.166901571242E+018,"7 : 0.22303157, 10 : 0.20398803, 2 : 0.1388867",5
2.16545163259526E+018,"3 : 0.3684339, 1 : 0.07797038, 13 : 0.033605255",5
2.16454362876949E+018,"3 : 0.32980105, 1 : 0.26546815, 7 : 0.024293527",5
2.16383603186704E+018,"1 : 0.204817, 2 : 0.14405991, 3 : 0.11067134",5
2.16381500103893E+018,"11 : 0.25087452, 11 : 0.13405462, 1 : 0.11619957",5
2.16270982137051E+018,"10 : 0.727786, 10 : 0.2642846, 10 : 0.0025509126",5
2.16241026712461E+018,"13 : 0.7589575, 6 : 0.013106932, 7 : 0.007759715",5
2.15471692285218E+018,"11 : 0.5730674, 11 : 0.1291269, 1 : 0.05411387",5
2.15460480002143E+018,"10 : 0.12059029, 11 : 0.05289437, 9 : 0.045835014",5
2.15378016145203E+018,"3 : 0.7754902, 1 : 0.1209882, 11 : 0.0124055175",5
2.15324908524795E+018,"1 : 0.42246062, 1 : 0.06690158, 9 : 0.061638772",5
2.15305291501423E+018,"13 : 0.114936106, 8 : 0.034845036, 11 : 0.031661566",5
2.14966792753264E+018,"13 : 0.5682535, 13 : 0.091192365, 2 : 0.04835342",5
2.14717986885771E+018,"3 : 0.20674266, 1 : 0.18961616, 11 : 0.11438116",5
2.14677976427553E+018,"3 : 0.32359093, 11 : 0.1484733, 8 : 0.11424692",5
2.14583097730226E+018,"11 : 0.09226334, 13 : 0.0772766, 13 : 0.037848353",5
2.14515498558805E+018,"3 : 0.177007, 9 : 0.10049661, 11 : 0.052931763",5
2.14366769791384E+018,"3 : 0.23260595, 7 : 0.1990818, 1 : 0.033847645",5
2.14285633606983E+018,"2 : 0.47756663, 10 : 0.10291915, 7 : 0.04948288",5
2.14234254177155E+018,"3 : 0.6155544, 11 : 0.04345871, 1 : 0.041222624",5
2.14209981626808E+018,"3 : 0.1707729, 10 : 0.13668829, 2 : 0.046401743",5
2.14105492565286E+018,"2 : 0.98517287, 7 : 0.001436884, 10 : 0.0014348452",5
2.14069756086797E+018,"11 : 0.16681963, 1 : 0.1205654, 3 : 0.06566721",5
2.13935920147932E+018,"3 : 0.57912344, 1 : 0.21280861, 11 : 0.029407915",5
2.13923096651496E+018,"2 : 0.2791601, 11 : 0.1643516, 11 : 0.12680198",5
2.1391573456398E+018,"3 : 0.19378327, 11 : 0.18541096, 1 : 0.08886512",5
2.13849371310646E+018,"4 : 0.13830438, 8 : 0.12613371, 5 : 0.08934232",5
2.13804110287652E+018,"6 : 0.06776286, 13 : 0.047721956, 8 : 0.03823513",5
2.13794973044203E+018,"1 : 0.13990577, 3 : 0.08301242, 3 : 0.05702145",5
2.13649035454245E+018,"7 : 0.5134799, 12 : 0.10150902, 3 : 0.06691033",5
2.13488913239151E+018,"7 : 0.6973757, 7 : 0.049359087, 7 : 0.046820126",5
2.13305230424132E+018,"1 : 0.91253614, 4 : 0.022380998, 12 : 0.0054844455",5
2.13152275134587E+018,"11 : 0.22562036, 11 : 0.076378554, 11 : 0.03858117",5
2.13084650600189E+018,"13 : 0.11837096, 7 : 0.06884371, 13 : 0.04642198",5
2.13076866568255E+018,"11 : 0.25362062, 2 : 0.06177015, 1 : 0.054643728",5
2.13067131755719E+018,"11 : 0.3265523, 3 : 0.11081452, 13 : 0.055454623",5
2.13039327164245E+018,"11 : 0.065011755, 7 : 0.04809237, 7 : 0.04667629",5
2.1277607856492E+018,"2 : 0.40500927, 2 : 0.3366024, 1 : 0.012454076",5
2.12754607409988E+018,"10 : 0.28807473, 2 : 0.18117715, 11 : 0.06153162",5
2.12687221909217E+018,"13 : 0.6023022, 11 : 0.05146485, 1 : 0.025868341",5
2.12633674836451E+018,"12 : 0.21018334, 12 : 0.12725718, 3 : 0.11142252",5
2.12409367169671E+018,"1 : 0.89024854, 1 : 0.025319265, 11 : 0.0057994025",5
2.12321388795165E+018,"3 : 0.30671063, 1 : 0.18304984, 9 : 0.05787133",5
2.1213336721845E+018,"11 : 0.54457444, 1 : 0.07969173, 1 : 0.06512897",5
2.12112300465946E+018,"3 : 0.37328514, 1 : 0.13960518, 11 : 0.06750756",5
2.12093672222013E+018,"3 : 0.44835576, 11 : 0.07027916, 2 : 0.059693005",5
2.12053212459019E+018,"1 : 0.24322462, 11 : 0.16714583, 3 : 0.09076193",5
2.11809353997139E+018,"4 : 0.99005544, 13 : 0.0031386754, 1 : 0.0020188491",5
2.11809270724262E+018,"7 : 0.35183543, 10 : 0.035285052, 2 : 0.02747649",5
2.11774641258755E+018,"6 : 0.3960585, 2 : 0.11008432, 6 : 0.052812204",5
2.11774507838766E+018,"2 : 0.23906383, 10 : 0.11448747, 1 : 0.07149826",5
2.11771172736262E+018,"4 : 0.51206005, 13 : 0.114018366, 4 : 0.104791254",5
2.11738856860431E+018,"9 : 0.60835046, 2 : 0.16719215, 1 : 0.01644358",5
2.11705720532598E+018,"3 : 0.11417314, 11 : 0.09115198, 1 : 0.084733225",5
2.11612572090389E+018,"11 : 0.292176, 3 : 0.08822905, 1 : 0.072998665",5
2.11612528743096E+018,"1 : 0.13144082, 3 : 0.07002963, 13 : 0.034498423",5
2.11588892331121E+018,"1 : 0.81487703, 11 : 0.04258055, 1 : 0.025734765",5
2.11490609924057E+018,"12 : 0.36453322, 7 : 0.13626261, 7 : 0.058835343",5
2.11489536259575E+018,"10 : 0.64598197, 10 : 0.28963923, 10 : 0.019739863",5
2.11475818845365E+018,"7 : 0.50681823, 2 : 0.086586766, 7 : 0.07767919",5
2.11340057079994E+018,"4 : 0.9853596, 9 : 0.0034608974, 1 : 0.0014524667",5
2.11193467916587E+018,"3 : 0.15236577, 11 : 0.14022718, 7 : 0.06435019",5
2.11122907621898E+018,"4 : 0.20199308, 7 : 0.060654584, 7 : 0.04315727",5
2.11109019596831E+018,"3 : 0.29852828, 1 : 0.14278461, 11 : 0.07575452",5
2.11042136016679E+018,"7 : 0.111312024, 7 : 0.10703517, 12 : 0.08713848",5
2.10962734441849E+018,"2 : 0.15357633, 11 : 0.13954383, 7 : 0.10329588",5
2.10962293249086E+018,"3 : 0.13953194, 1 : 0.1274805, 11 : 0.049875543",5
2.10916894831364E+018,"10 : 0.15990153, 7 : 0.12495435, 10 : 0.06626419",5
2.10899119079951E+018,"3 : 0.445404, 1 : 0.031048413, 10 : 0.025510201",5
2.10892633275026E+018,"9 : 0.37063754, 7 : 0.078687645, 7 : 0.039127644",5
2.10103697174866E+018,"11 : 0.7182545, 3 : 0.05878404, 2 : 0.030864973",5
2.10103216422905E+018,"9 : 0.13603403, 2 : 0.12947601, 1 : 0.12142962",5
2.10096290712805E+018,"13 : 0.99999726, 9 : 3.2574583e-08, 11 : 3.0366095e-08",5
2.10028568620384E+018,"3 : 0.12673852, 11 : 0.05886476, 13 : 0.034185495",5
2.09869377631586E+018,"11 : 0.21573214, 2 : 0.12519278, 1 : 0.055578414",5
2.09865644042445E+018,"1 : 0.27602205, 9 : 0.19720735, 11 : 0.06570335",5
2.09865602241182E+018,"13 : 0.28462437, 6 : 0.27572814, 7 : 0.09272426",5
2.09865512921784E+018,"1 : 0.23592936, 8 : 0.09672125, 13 : 0.05890412",5
2.09721458981396E+018,"3 : 0.060249783, 11 : 0.053340055, 2 : 0.047643162",5
2.09641800410037E+018,"3 : 0.3191758, 11 : 0.12928464, 1 : 0.073726825",5
2.09606807862613E+018,"11 : 0.20175837, 3 : 0.11516783, 1 : 0.08157806",5
2.09439711270056E+018,"1 : 0.27731654, 13 : 0.19844395, 10 : 0.059323546",5
2.08931637351948E+018,"9 : 0.7768526, 7 : 0.08909195, 4 : 0.021365669",5
2.08780752830555E+018,"10 : 0.09258965, 13 : 0.08693046, 3 : 0.06551206",5
2.08739147519431E+018,"3 : 0.64014965, 11 : 0.035341717, 2 : 0.02813783",5
2.08724383674895E+018,"3 : 0.15830499, 2 : 0.11906676, 8 : 0.09622014",5
2.08487311548304E+018,"3 : 0.38820207, 8 : 0.04320981, 11 : 0.03183137",5
2.08354182086171E+018,"11 : 0.72735846, 12 : 0.031190129, 12 : 0.026943196",5
2.08043778705214E+018,"1 : 0.29838818, 3 : 0.040788174, 11 : 0.031281624",5
2.07851975612626E+018,"3 : 0.11985777, 7 : 0.08216411, 10 : 0.06634016",5
2.06840609478043E+018,"11 : 0.259208, 3 : 0.23426168, 1 : 0.104804784",5
2.06747706357293E+018,"1 : 0.20934416, 3 : 0.18265453, 11 : 0.10942134",5
2.06690647201722E+018,"10 : 0.57109404, 10 : 0.09673911, 10 : 0.0802846",5
2.06479116072713E+018,"10 : 0.65296197, 10 : 0.29849508, 10 : 0.009005802",5
2.06373314238617E+018,"10 : 0.6775694, 10 : 0.07198536, 13 : 0.021978363",5
2.06124657497804E+018,"9 : 0.15674376, 3 : 0.07462677, 3 : 0.03926502",5
2.05949572262639E+018,"3 : 0.19508326, 11 : 0.06933453, 7 : 0.06068295",5
2.05897710039387E+018,"1 : 0.4235459, 11 : 0.09871366, 3 : 0.07539329",5
2.05792638495474E+018,"1 : 0.2213646, 3 : 0.13971314, 2 : 0.06432553",5
2.0573320685532E+018,"11 : 0.23297237, 1 : 0.10758278, 3 : 0.067872055",5
2.05600234040374E+018,"1 : 0.7604774, 13 : 0.025074704, 1 : 0.015927775",5
2.05534298339986E+018,"10 : 0.44337767, 10 : 0.037305925, 13 : 0.033842314",5
2.05532031637438E+018,"3 : 0.41585827, 1 : 0.11165833, 11 : 0.08954412",5
2.05441382466866E+018,"3 : 0.35468683, 1 : 0.037622668, 13 : 0.025932644",5
2.05319162063144E+018,"1 : 0.7951029, 13 : 0.014790315, 11 : 0.013208645",5
2.05226782986609E+018,"11 : 0.27565932, 1 : 0.1932545, 11 : 0.12946565",5
2.05093174649033E+018,"11 : 0.55449957, 2 : 0.09766301, 11 : 0.06229402",5
2.05089148315163E+018,"11 : 0.4030846, 2 : 0.16813126, 1 : 0.06729879",5
2.05003191683445E+018,"3 : 0.18876085, 1 : 0.13555229, 2 : 0.04571244",5
2.04992684878737E+018,"11 : 0.5420061, 2 : 0.046439577, 7 : 0.018176576",5
2.04924067253173E+018,"3 : 0.11282387, 1 : 0.103030175, 7 : 0.027851395",5
2.04890333480454E+018,"7 : 0.39499274, 2 : 0.041624922, 6 : 0.03889598",5
2.04788488477753E+018,"3 : 0.36312154, 1 : 0.26124302, 11 : 0.044801462",5
2.04788407437916E+018,"10 : 0.2253419, 7 : 0.10539261, 10 : 0.07446569",5
2.04788361346719E+018,"1 : 0.81700754, 11 : 0.060083773, 2 : 0.008396305",5
2.04731153186763E+018,"1 : 0.29512197, 11 : 0.19314557, 7 : 0.027413823",5
2.04726735667115E+018,"11 : 0.23369661, 11 : 0.09458952, 2 : 0.053953156",5
2.04682368175806E+018,"7 : 0.59745485, 10 : 0.25608703, 13 : 0.032029983",5
2.04661204100324E+018,"1 : 0.26037988, 11 : 0.13260889, 3 : 0.09954544",5
2.04647973846319E+018,"3 : 0.17286724, 2 : 0.076775685, 11 : 0.074639164",5
2.04595714016381E+018,"10 : 0.4128974, 10 : 0.13503137, 10 : 0.068839245",5
2.0457652922443E+018,"3 : 0.7537662, 2 : 0.04329857, 11 : 0.0432316",5
2.04516472961961E+018,"3 : 0.587448, 1 : 0.03870852, 9 : 0.026146036",5
2.04495544327027E+018,"1 : 0.30346537, 3 : 0.23701213, 2 : 0.100798145",5
2.0445858723892E+018,"9 : 0.46770754, 2 : 0.30178496, 11 : 0.030518524",5
2.04438623444207E+018,"6 : 0.15460655, 13 : 0.1109454, 3 : 0.019494597",5
2.04387587833439E+018,"13 : 0.40324765, 8 : 0.124323145, 3 : 0.024731375",5
2.0433707013202E+018,"1 : 0.12509564, 11 : 0.06718142, 7 : 0.042279776",5
2.04228513072831E+018,"7 : 0.578876, 10 : 0.0419625, 9 : 0.017477684",5
2.04130846560041E+018,"1 : 0.16926292, 11 : 0.1013533, 3 : 0.084164426",5
2.04082086041099E+018,"14 : 0.11966926, 7 : 0.11599074, 7 : 0.10271904",5
2.03991483747128E+018,"1 : 0.290603, 2 : 0.063780025, 11 : 0.05538156",5
2.03954419480397E+018,"6 : 0.33910987, 3 : 0.07790022, 3 : 0.04133911",5
2.03923198864852E+018,"10 : 0.35846362, 10 : 0.21166435, 1 : 0.034267753",5
2.03703306219042E+018,"3 : 0.31184378, 1 : 0.05203854, 12 : 0.046076756",5
2.03695581488891E+018,"3 : 0.35339788, 1 : 0.12940226, 11 : 0.0680562",5
2.03580896549734E+018,"1 : 0.26121372, 9 : 0.11130566, 12 : 0.049353942",5
2.03579059365707E+018,"6 : 0.18877748, 7 : 0.09730744, 11 : 0.06791551",5
2.03489541187746E+018,"6 : 0.21697915, 13 : 0.1550819, 10 : 0.08288339",5
2.03472007704304E+018,"1 : 0.12177244, 12 : 0.11172549, 13 : 0.07551395",5
2.03442508962952E+018,"11 : 0.5772284, 2 : 0.092798255, 11 : 0.054989297",5
2.03442422922664E+018,"10 : 0.7706627, 10 : 0.18474257, 7 : 0.0115632815",5
2.03442265240329E+018,"12 : 0.20954058, 12 : 0.14074928, 11 : 0.04648072",5
2.0344223368406E+018,"9 : 0.6420081, 11 : 0.13193129, 4 : 0.09962272",5
2.03442198268214E+018,"10 : 0.30035233, 10 : 0.20269674, 13 : 0.14414011",5
2.03442163553614E+018,"7 : 0.26937187, 13 : 0.2436376, 10 : 0.03429863",5
2.20969816017655E+018,"10 : 0.17106436, 2 : 0.10607239, 12 : 0.05838581",5
2.20758465767226E+018,"11 : 0.18189691, 11 : 0.1737379, 1 : 0.1538622",5
2.20316294920417E+018,"2 : 0.84926736, 11 : 0.029131187, 11 : 0.002307105",5
2.20316201577854E+018,"11 : 0.30347958, 7 : 0.03832332, 12 : 0.02480468",5
2.2031606378155E+018,"11 : 0.7320417, 2 : 0.14592423, 11 : 0.0107713165",5
2.20315954214578E+018,"1 : 0.44236204, 11 : 0.13517766, 11 : 0.08935826",5
2.203158580887E+018,"1 : 0.49877805, 11 : 0.17327026, 11 : 0.06493277",5
2.20315720986968E+018,"11 : 0.49416775, 12 : 0.046556544, 12 : 0.04484566",5
2.20315570429902E+018,"13 : 0.87336373, 11 : 0.0138471145, 2 : 0.012781415",5
2.20315440074283E+018,"11 : 0.5367907, 11 : 0.13357656, 11 : 0.031631142",5
2.20315322164024E+018,"11 : 0.7456457, 11 : 0.08793938, 2 : 0.022448624",5
2.19959829085627E+018,"13 : 0.33053118, 1 : 0.089854546, 1 : 0.05546119",5
2.19897348128716E+018,"11 : 0.7102676, 2 : 0.14076604, 3 : 0.03684303",5
2.19449292017398E+018,"2 : 0.2608182, 11 : 0.06595259, 2 : 0.061759602",5
2.19352542981048E+018,"11 : 0.72923386, 11 : 0.058954008, 2 : 0.042643487",5
2.19275304670709E+018,"1 : 0.8432841, 11 : 0.02279311, 1 : 0.015514103",5
2.18971892417053E+018,"11 : 0.16159847, 11 : 0.10260301, 3 : 0.06308102",5
2.18950784136528E+018,"11 : 0.7402584, 1 : 0.11789854, 1 : 0.030468361",5
2.18857281765889E+018,"11 : 0.2615107, 11 : 0.12629314, 2 : 0.102178104",5
2.18774659878254E+018,"11 : 0.5808857, 2 : 0.2124751, 10 : 0.030591032",5
2.18493751486803E+018,"1 : 0.35121366, 1 : 0.17702025, 11 : 0.12457407",5
2.1842966579071E+018,"11 : 0.8138287, 11 : 0.05714146, 2 : 0.01435472",5
2.17985683201003E+018,"11 : 0.64694595, 11 : 0.11712594, 11 : 0.062005904",5
2.17492508898717E+018,"11 : 0.50663745, 1 : 0.18579905, 11 : 0.1369274",5
2.17291329310299E+018,"2 : 0.61658955, 11 : 0.07020491, 11 : 0.017304204",5
2.17267161150993E+018,"11 : 0.47344205, 2 : 0.41180852, 1 : 0.01370685",5
2.17056365977953E+018,"11 : 0.61185646, 11 : 0.06605775, 11 : 0.034632687",5
2.16916169301651E+018,"11 : 0.48210403, 11 : 0.2296313, 11 : 0.06306781",5
2.16834570584505E+018,"2 : 0.56941885, 11 : 0.13109298, 10 : 0.11013988",5
2.16693235025309E+018,"1 : 0.5047674, 11 : 0.25089785, 11 : 0.083136685",5
2.16633273390364E+018,"11 : 0.32626605, 2 : 0.28358626, 11 : 0.10888809",5
2.16476988058175E+018,"13 : 0.5079793, 11 : 0.088130355, 2 : 0.0548281",5
2.1639037262896E+018,"2 : 0.6911657, 11 : 0.17501464, 11 : 0.021994188",5
2.1631884994771E+018,"2 : 0.51940364, 11 : 0.23219964, 3 : 0.04603254",5
2.16245971953771E+018,"10 : 0.17948414, 3 : 0.14891028, 2 : 0.14216879",5
2.15911123312585E+018,"11 : 0.48483706, 2 : 0.4115053, 11 : 0.013695295",5
2.15748834596051E+018,"11 : 0.9043726, 11 : 0.03392243, 2 : 0.0070386203",5
2.1543508611016E+018,"11 : 0.43569648, 11 : 0.36388844, 11 : 0.029842533",5
2.15393519853902E+018,"2 : 0.4903897, 11 : 0.38120812, 9 : 0.011384908",5
2.15293940162911E+018,"12 : 0.35094965, 12 : 0.06837833, 12 : 0.06575043",5
2.15293736078974E+018,"11 : 0.45612034, 11 : 0.25477073, 2 : 0.07898272",5
2.15025846926035E+018,"2 : 0.7659572, 11 : 0.1071475, 11 : 0.012796168",5
2.1488543239569E+018,"11 : 0.6308396, 2 : 0.15801658, 2 : 0.03973049",5
2.14785850150562E+018,"3 : 0.8340896, 11 : 0.018611649, 9 : 0.017768864",5
2.14377707230799E+018,"11 : 0.531275, 2 : 0.2778559, 9 : 0.01495767",5
2.14309384171147E+018,"2 : 0.84296453, 11 : 0.12720671, 2 : 0.002346289",5
2.14211889545293E+018,"11 : 0.7248957, 1 : 0.04659576, 11 : 0.04182286",5
2.14086341592127E+018,"8 : 0.20447946, 3 : 0.12233547, 11 : 0.1096754",5
2.13848961912886E+018,"8 : 0.53037816, 10 : 0.09105084, 2 : 0.09081544",5
2.13769654901518E+018,"11 : 0.49553987, 2 : 0.29317978, 11 : 0.020129737",5
2.13358227422309E+018,"2 : 0.61563647, 11 : 0.24135126, 10 : 0.023141121",5
2.13231431179614E+018,"11 : 0.35404965, 2 : 0.32676268, 11 : 0.04179629",5
2.13194858295841E+018,"2 : 0.3476516, 11 : 0.25818402, 2 : 0.20891817",5
2.13067074327315E+018,"11 : 0.5553654, 2 : 0.19289865, 7 : 0.07801965",5
2.12906076733347E+018,"2 : 0.80946755, 11 : 0.03590384, 11 : 0.029239124",5
2.12782374746229E+018,"12 : 0.16729265, 11 : 0.076396905, 13 : 0.067600854",5
2.12368047921681E+018,"11 : 0.8533345, 1 : 0.04371496, 1 : 0.0054593408",5
2.121149241801E+018,"2 : 0.7494821, 11 : 0.07032992, 11 : 0.011847807",5
2.11828307987468E+018,"2 : 0.70742553, 11 : 0.17241009, 10 : 0.018012816",5
2.11763538387433E+018,"12 : 0.32487, 9 : 0.10619371, 11 : 0.0695032",5
2.1148828990852E+018,"1 : 0.75373, 11 : 0.056285843, 1 : 0.030528465",5
2.11041151241817E+018,"2 : 0.34349167, 11 : 0.3223146, 10 : 0.11815812",5
2.1086636656025E+018,"2 : 0.21474431, 11 : 0.16994835, 1 : 0.119783446",5
2.10733229771621E+018,"1 : 0.42728597, 11 : 0.22017935, 1 : 0.10120342",5
2.10537820606965E+018,"2 : 0.22028717, 11 : 0.14842734, 2 : 0.11012678",5
2.09996421009319E+018,"11 : 0.5107465, 2 : 0.36954007, 11 : 0.013084059",5
2.08373869779876E+018,"11 : 0.1962891, 11 : 0.16585627, 2 : 0.12377066",5
2.07787583247642E+018,"3 : 0.4948328, 2 : 0.023900328, 7 : 0.022691727",5
2.06744452434839E+018,"11 : 0.28391537, 2 : 0.23078723, 11 : 0.14277141",5
2.05521792761563E+018,"13 : 0.081248075, 11 : 0.068192154, 2 : 0.055451464",5
2.05248056623078E+018,"2 : 0.58065, 11 : 0.15140149, 12 : 0.10316716",5
2.04868550652026E+018,"11 : 0.7202396, 2 : 0.17602675, 11 : 0.010796698",5
2.0481598706034E+018,"11 : 0.6343246, 1 : 0.06632125, 2 : 0.06059606",5
2.04815556177809E+018,"10 : 0.48765635, 2 : 0.24017312, 11 : 0.08046583",5
2.04814330520005E+018,"11 : 0.77627957, 2 : 0.12387168, 11 : 0.008061618",5
2.04224039075909E+018,"2 : 0.6256606, 11 : 0.09197001, 3 : 0.056998752",5
2.03557247057208E+018,"2 : 0.40488252, 11 : 0.27222827, 10 : 0.030136285",5
2.02792868219446E+018,"11 : 0.7058753, 2 : 0.05622581, 11 : 0.038517065",5
2.02412570973663E+018,"11 : 0.39648867, 2 : 0.36895815, 11 : 0.07101017",5
2.02137077388905E+018,"1 : 0.24236836, 2 : 0.150718, 11 : 0.12636596",5
2.01523733491153E+018,"2 : 0.2761554, 11 : 0.26152065, 8 : 0.06552989",5
2.01254468058916E+018,"11 : 0.22598119, 11 : 0.22281645, 2 : 0.1705653",5
2.00499782866622E+018,"2 : 0.910046, 11 : 0.01530926, 1 : 0.013314401",5
1.99954464532367E+018,"11 : 0.25406379, 13 : 0.13195817, 1 : 0.047430653",5
1.99430566506928E+018,"2 : 0.46788615, 3 : 0.13449931, 11 : 0.114995524",5
1.99218521892978E+018,"11 : 0.5592992, 2 : 0.29001534, 8 : 0.029256005",5
1.98728785179336E+018,"11 : 0.31346506, 2 : 0.2513915, 9 : 0.048441753",5
1.98207316258325E+018,"14 : 0.62976646, 12 : 0.046001747, 11 : 0.033189286",5
1.97938983020841E+018,"1 : 0.7226184, 1 : 0.038021814, 11 : 0.01194771",5
1.97790284940678E+018,"1 : 0.3129879, 2 : 0.22777109, 11 : 0.0889901",5
1.9775418264263E+018,"11 : 0.4505327, 1 : 0.15941559, 2 : 0.056642137",5
1.96192254115735E+018,"1 : 0.6981759, 11 : 0.07861699, 1 : 0.029565772",5
1.95498857276327E+018,"11 : 0.49234056, 2 : 0.15508467, 8 : 0.062492326",5
1.95002625101811E+018,"11 : 0.5273493, 2 : 0.20037036, 10 : 0.03253931",5
1.94932055773383E+018,"11 : 0.6478989, 2 : 0.21295339, 11 : 0.028826347",5
1.94782308024117E+018,"11 : 0.45838755, 2 : 0.31765932, 3 : 0.030664092",5
1.94510371762134E+018,"11 : 0.81409466, 2 : 0.107275665, 8 : 0.002133998",5
1.93939119474039E+018,"2 : 0.63424945, 11 : 0.25503045, 2 : 0.008768683",5
1.93503131780475E+018,"2 : 0.45198655, 11 : 0.25137103, 11 : 0.07163329",5
1.92412847187882E+018,"2 : 0.33466023, 11 : 0.13851123, 9 : 0.04947899",5
1.91897899079228E+018,"8 : 0.17879501, 11 : 0.14250079, 2 : 0.07926705",5
1.91472433412001E+018,"11 : 0.787854, 2 : 0.05565801, 11 : 0.034396823",5
1.90736466303982E+018,"10 : 0.3428345, 2 : 0.26424938, 11 : 0.15206829",5
1.90538835231862E+018,"2 : 0.48269734, 11 : 0.30830672, 8 : 0.09584512",5
1.90163610502572E+018,"7 : 0.13568613, 2 : 0.0673109, 11 : 0.06379508",5
1.89966928128333E+018,"2 : 0.53530246, 11 : 0.17877267, 2 : 0.044847026",5
1.89884952878267E+018,"11 : 0.5357648, 2 : 0.31864002, 8 : 0.026631268",5
1.89490661472263E+018,"11 : 0.683637, 2 : 0.24023357, 2 : 0.009607372",5
1.8892101475047E+018,"2 : 0.5261552, 11 : 0.18997331, 11 : 0.029894095",5
1.8879277626126E+018,"2 : 0.91164696, 11 : 0.046292793, 11 : 0.013027797",5
1.88516464835006E+018,"2 : 0.7706222, 11 : 0.15902977, 10 : 0.022452641",5
1.87976810569491E+018,"11 : 0.32125077, 2 : 0.19651604, 3 : 0.13680202",5
2.20836721716238E+018,"12 : 0.90108794, 7 : 0.019291544, 9 : 0.008941425",5
2.2076308205514E+018,"9 : 0.399049, 8 : 0.082873635, 2 : 0.07190682",5
2.20385937552584E+018,"8 : 0.052679416, 4 : 0.03706663, 7 : 0.030499324",5
2.20189434838838E+018,"12 : 0.18449357, 8 : 0.16567686, 9 : 0.08872509",5
2.20031051109931E+018,"2 : 0.18879528, 13 : 0.1698163, 2 : 0.043690443",5
2.19952880226282E+018,"7 : 0.14061394, 4 : 0.10896088, 4 : 0.050858997",5
2.19873682121569E+018,"2 : 0.37470287, 7 : 0.034651987, 2 : 0.024196327",5
2.19610583319303E+018,"2 : 0.6407648, 2 : 0.057469614, 3 : 0.0538537",5
2.19284271679102E+018,"3 : 0.11119049, 13 : 0.10250032, 10 : 0.053639375",5
2.18080110688466E+018,"2 : 0.19054572, 2 : 0.071050435, 4 : 0.05835335",5
2.17755676346593E+018,"10 : 0.16044323, 7 : 0.05990662, 12 : 0.039546344",5
2.17190553874392E+018,"9 : 0.51003456, 9 : 0.0643668, 12 : 0.060587134",5
2.1676293096449E+018,"9 : 0.8367072, 2 : 0.028856117, 9 : 0.011878445",5
2.16114541654505E+018,"7 : 0.68279296, 10 : 0.056460146, 12 : 0.026836718",5
2.15962309411808E+018,"9 : 0.54158634, 8 : 0.12880892, 12 : 0.03119323",5
2.15764849630877E+018,"2 : 0.7320957, 7 : 0.032634344, 2 : 0.023525111",5
2.14927986670964E+018,"10 : 0.17453113, 14 : 0.038081422, 2 : 0.030439176",5
2.13803951126396E+018,"12 : 0.9484198, 9 : 0.010067052, 2 : 0.008477639",5
2.13767864455325E+018,"2 : 0.24800517, 13 : 0.20070906, 10 : 0.10128125",5
2.12927791339726E+018,"7 : 0.21224684, 2 : 0.1537261, 2 : 0.1260617",5
2.12538675214001E+018,"7 : 0.3779715, 4 : 0.13073929, 7 : 0.089066155",5
2.11693849623659E+018,"1 : 0.41527647, 11 : 0.35434845, 11 : 0.05619628",5
2.10909562934645E+018,"7 : 0.5565855, 2 : 0.118010655, 7 : 0.023727441",5
2.10521017209283E+018,"8 : 0.25053295, 12 : 0.053434897, 8 : 0.049351145",5
2.09884162136277E+018,"9 : 0.61200374, 12 : 0.18573806, 8 : 0.054636665",5
2.09300748483867E+018,"11 : 0.5266539, 7 : 0.054663755, 2 : 0.054527808",5
2.0869220094655E+018,"12 : 0.8655635, 9 : 0.036586814, 7 : 0.034205407",5
2.07392180929774E+018,"12 : 0.92317754, 9 : 0.035641715, 7 : 0.0085032815",5
2.07337696083433E+018,"9 : 0.64345425, 12 : 0.21795122, 8 : 0.031313773",5
2.05670327208714E+018,"13 : 0.17284997, 3 : 0.0423348, 12 : 0.030863702",5
2.04873061758453E+018,"12 : 0.7406351, 12 : 0.22953129, 7 : 0.008204407",5
2.04717224221291E+018,"10 : 0.49453002, 10 : 0.2866007, 13 : 0.01129773",5
2.04553924322635E+018,"12 : 0.20438214, 2 : 0.12722561, 2 : 0.09270078",5
2.04275563383487E+018,"9 : 0.2712515, 12 : 0.09391722, 9 : 0.059852585",5
2.03656361839892E+018,"12 : 0.49588922, 2 : 0.10856185, 9 : 0.10747424",5
2.0349055691312E+018,"2 : 0.51452714, 11 : 0.1216125, 7 : 0.06929466",5
2.03475072264965E+018,"7 : 0.48476264, 2 : 0.04048123, 7 : 0.014579268",5
2.02540647907447E+018,"7 : 0.0818217, 2 : 0.042693373, 2 : 0.039582014",5
2.02311087490805E+018,"12 : 0.34049278, 9 : 0.2810594, 8 : 0.107324116",5
2.01534207312493E+018,"2 : 0.36559278, 9 : 0.18664862, 12 : 0.0791479",5
2.00687880254772E+018,"8 : 0.11366945, 2 : 0.07890592, 5 : 0.053740084",5
1.98566395363351E+018,"2 : 0.51975685, 11 : 0.09971748, 3 : 0.066766456",5
1.9843367004162E+018,"13 : 0.21095593, 3 : 0.12246317, 12 : 0.09600783",5
1.98072761245394E+018,"12 : 0.4032909, 12 : 0.28483346, 12 : 0.06967717",5
1.97695097429147E+018,"2 : 0.46867827, 12 : 0.3291396, 2 : 0.057832386",5
1.9664022066097E+018,"12 : 0.4936227, 8 : 0.11296027, 12 : 0.04155814",5
1.96241272298314E+018,"6 : 0.06867227, 7 : 0.04751706, 6 : 0.025418462",5
1.95592016756997E+018,"12 : 0.8123459, 9 : 0.039093994, 3 : 0.02683911",5
1.95284665306271E+018,"12 : 0.43083575, 9 : 0.41826147, 7 : 0.013749984",5
1.94456994157577E+018,"12 : 0.47300392, 9 : 0.17802587, 2 : 0.06835186",5
1.93219601712438E+018,"7 : 0.2240864, 7 : 0.09092154, 11 : 0.06659842",5
1.92321950439588E+018,"2 : 0.90248674, 4 : 0.019311829, 2 : 0.0037127612",5
1.91950957220976E+018,"12 : 0.593836, 9 : 0.041146528, 8 : 0.029651519",5
1.91950857476224E+018,"9 : 0.55386496, 12 : 0.13620567, 2 : 0.054551605",5
1.91622846908182E+018,"2 : 0.34603593, 12 : 0.20458463, 2 : 0.1543398",5
1.91407770891022E+018,"12 : 0.8714116, 9 : 0.06321413, 2 : 0.013173943",5
1.90791894363482E+018,"12 : 0.570391, 9 : 0.35607967, 2 : 0.0076045385",5
1.90607046581138E+018,"12 : 0.98330355, 7 : 0.0063896696, 12 : 0.0027440444",5
1.90232714985372E+018,"12 : 0.29603097, 9 : 0.15367655, 2 : 0.0318205",5
1.89733444893898E+018,"3 : 0.19708697, 10 : 0.1117003, 7 : 0.053051513",5
1.89047256132859E+018,"9 : 0.43421823, 9 : 0.19446582, 12 : 0.058997016",5
1.88132026007487E+018,"2 : 0.456177, 2 : 0.27377734, 12 : 0.06272254",5
1.87199283964512E+018,"12 : 0.9404536, 7 : 0.034577675, 12 : 0.012249776",5
1.86738711935852E+018,"1 : 0.9767111, 11 : 0.0019830794, 1 : 0.0007486568",5
1.86193974140301E+018,"3 : 0.9925891, 6 : 0.00028292468, 3 : 0.00010715633",5
1.85571135653625E+018,"9 : 0.398235, 2 : 0.19171728, 1 : 0.17264184",5
1.84418060150902E+018,"1 : 0.518156, 2 : 0.18384527, 11 : 0.06272968",5
1.8348312197417E+018,"12 : 0.5506132, 9 : 0.056607403, 13 : 0.054217808",5
1.82476085650661E+018,"12 : 0.8963934, 3 : 0.03623548, 7 : 0.023049625",5
1.81321153365446E+018,"12 : 0.71284604, 9 : 0.19566135, 7 : 0.0197648",5
1.80358471620135E+018,"12 : 0.8941215, 12 : 0.09537223, 7 : 0.00085873896",5
1.80017534639955E+018,"2 : 0.20216791, 13 : 0.17088732, 2 : 0.051657323",5
1.78933206216602E+018,"12 : 0.48140216, 2 : 0.08765847, 9 : 0.07094465",5
1.78148739008041E+018,"3 : 0.08169648, 7 : 0.058728643, 6 : 0.05679944",5
1.77112734413441E+018,"12 : 0.65536636, 9 : 0.21471377, 2 : 0.022342151",5
1.7638936768318E+018,"9 : 0.57338077, 12 : 0.089752845, 8 : 0.041170556",5
1.75816801876648E+018,"2 : 0.2273546, 11 : 0.16344619, 7 : 0.104171604",5
1.75456140280985E+018,"7 : 0.74817896, 11 : 0.015024859, 7 : 0.013153748",5
1.74648084269874E+018,"12 : 0.22595076, 2 : 0.1384264, 9 : 0.13123946",5
1.72126394122701E+018,"9 : 0.725157, 12 : 0.09587294, 7 : 0.012390012",5
1.71407014084245E+018,"2 : 0.14929196, 12 : 0.046826445, 2 : 0.028680447",5
1.70755398831858E+018,"13 : 0.18244043, 12 : 0.10542854, 3 : 0.044034507",5
1.69513293136564E+018,"7 : 0.9596833, 2 : 0.007865268, 12 : 0.003100208",5
1.6894152337702E+018,"12 : 0.8355208, 9 : 0.07495376, 7 : 0.024104431",5
1.68482186744922E+018,"12 : 0.4060067, 9 : 0.15243651, 8 : 0.06947738",5
1.68198735243504E+018,"7 : 0.19060849, 8 : 0.13484989, 10 : 0.084357254",5
1.679060069222E+018,"12 : 0.79509777, 7 : 0.117736824, 12 : 0.022374924",5
1.66960402103765E+018,"2 : 0.24587068, 2 : 0.11880451, 3 : 0.118480004",5
1.66040803573236E+018,"12 : 0.93447506, 7 : 0.013056106, 7 : 0.011206276",5
1.65615807580228E+018,"13 : 0.86076653, 7 : 0.031144438, 1 : 0.028470114",5
1.65313992394112E+018,"12 : 0.4331307, 2 : 0.10340942, 2 : 0.07052128",5
1.65068160247143E+018,"9 : 0.5005054, 12 : 0.471474, 7 : 0.0065310397",5
1.64580769385871E+018,"12 : 0.91678923, 9 : 0.022483122, 3 : 0.02176304",5
1.64002718224352E+018,"9 : 0.4973616, 12 : 0.23995027, 8 : 0.06508618",5
1.63544170592559E+018,"13 : 0.35686505, 2 : 0.27525133, 3 : 0.029317163",5
1.62029959014026E+018,"12 : 0.11315518, 2 : 0.07879867, 2 : 0.06880828",5
1.61903790146272E+018,"12 : 0.79820585, 7 : 0.031893447, 12 : 0.011801084",5
1.61658357337954E+018,"1 : 0.4636563, 8 : 0.08311497, 1 : 0.052304324",5
1.61336085567584E+018,"10 : 0.7207485, 10 : 0.14416537, 10 : 0.0070140716",5
1.61270568468678E+018,"1 : 0.9353912, 1 : 0.00663452, 11 : 0.0031243209",5
1.60687652771924E+018,"12 : 0.7070629, 13 : 0.14163676, 9 : 0.032717463",5
1.6060246789045E+018,"3 : 0.25377613, 2 : 0.07361441, 2 : 0.059211142",5
1.60450081722508E+018,"12 : 0.821389, 9 : 0.028416915, 2 : 0.02436742",5
1.6043624201666E+018,"9 : 0.32702845, 12 : 0.24736494, 8 : 0.18766388",5
1.60375856388745E+018,"2 : 0.6255506, 9 : 0.033381283, 11 : 0.031628557",5
1.60284747492586E+018,"9 : 0.5039892, 2 : 0.07499369, 12 : 0.0333522",5
1.60284622543423E+018,"7 : 0.8306148, 7 : 0.076412074, 10 : 0.011326889",5
1.60284462256429E+018,"13 : 0.3841939, 8 : 0.07569874, 9 : 0.04254671",5
1.60181944335547E+018,"12 : 0.16215248, 3 : 0.112100795, 11 : 0.07067149",5
1.60141992657252E+018,"13 : 0.5779958, 12 : 0.21817504, 3 : 0.05439867",5
1.60088931288196E+018,"12 : 0.89463836, 7 : 0.045769278, 9 : 0.0061726747",5
1.59991529149137E+018,"9 : 0.41684696, 12 : 0.23416738, 8 : 0.103734896",5
1.59937397364316E+018,"4 : 0.3632902, 7 : 0.15450673, 12 : 0.13404538",5
1.5966821198865E+018,"3 : 0.33166438, 3 : 0.0721692, 3 : 0.04129693",5
1.59572219411769E+018,"2 : 0.36942738, 2 : 0.17984332, 6 : 0.11697283",5
1.59494069571792E+018,"2 : 0.33086485, 2 : 0.23743023, 3 : 0.113489546",5
1.59448941914085E+018,"7 : 0.20848319, 4 : 0.12352303, 2 : 0.07193394",5
1.59295018791404E+018,"12 : 0.71158355, 9 : 0.105319284, 7 : 0.04513795",5
1.59118964850782E+018,"4 : 0.39577568, 7 : 0.10174354, 12 : 0.036694854",5
1.58998656749335E+018,"2 : 0.56643486, 13 : 0.067912824, 7 : 0.05021971",5
1.58789483166419E+018,"12 : 0.921378, 12 : 0.031664565, 7 : 0.012655206",5
1.586079075495E+018,"4 : 0.11576545, 8 : 0.084216096, 1 : 0.055719424",5
1.58556627753124E+018,"12 : 0.51333636, 7 : 0.38880107, 12 : 0.016068794",5
1.58425204082541E+018,"12 : 0.7749993, 14 : 0.060274523, 12 : 0.030461742",5
1.5837120351731E+018,"7 : 0.39372873, 4 : 0.34115058, 12 : 0.06443242",5
1.58288198024026E+018,"12 : 0.29153112, 2 : 0.20099482, 4 : 0.060554363",5
1.58141211747433E+018,"7 : 0.44889823, 2 : 0.09977238, 6 : 0.03174599",5
1.58071431394594E+018,"12 : 0.5807857, 9 : 0.22456443, 7 : 0.048412032",5
1.57969649550515E+018,"12 : 0.46881637, 2 : 0.20474723, 9 : 0.09762216",5
1.57853619510918E+018,"7 : 0.8982334, 3 : 0.0318512, 12 : 0.0078684725",5
1.57831070946892E+018,"12 : 0.4630454, 7 : 0.24353467, 12 : 0.07398259",5
1.57610973526513E+018,"4 : 0.51217484, 7 : 0.08682097, 2 : 0.037769906",5
1.57346196003573E+018,"4 : 0.28829008, 7 : 0.05865655, 12 : 0.053878248",5
1.57247602058046E+018,"2 : 0.14722018, 7 : 0.105485186, 13 : 0.05532038",5
1.5712532841616E+018,"10 : 0.3497547, 3 : 0.094284296, 2 : 0.0761668",5
1.57059133654533E+018,"4 : 0.28406185, 7 : 0.17462897, 2 : 0.120646454",5
1.57044360714365E+018,"4 : 0.2684877, 7 : 0.17829932, 12 : 0.13743448",5
1.57024152577708E+018,"3 : 0.4584018, 2 : 0.20467336, 12 : 0.088968694",5
1.56949784831546E+018,"12 : 0.48465678, 9 : 0.1584148, 7 : 0.061592903",5
1.56872707041314E+018,"12 : 0.9579887, 12 : 0.028050208, 7 : 0.0032648924",5
1.5681559879068E+018,"12 : 0.3940978, 12 : 0.27780068, 11 : 0.052657384",5
1.56757428448935E+018,"12 : 0.4819065, 3 : 0.306936, 2 : 0.047722917",5
1.56524838879855E+018,"12 : 0.527756, 7 : 0.370442, 12 : 0.05271083",5
1.56388174237636E+018,"12 : 0.6802645, 3 : 0.11999128, 2 : 0.06120789",5
1.55940309781813E+018,"3 : 0.11404133, 3 : 0.068553016, 6 : 0.06624815",5
1.55754647664511E+018,"7 : 0.76719826, 2 : 0.029742185, 3 : 0.020795396",5
1.55660527393761E+018,"12 : 0.8483909, 9 : 0.03980452, 7 : 0.035471816",5
1.5564675356456E+018,"6 : 0.045245573, 2 : 0.044424597, 7 : 0.04177904",5
1.55588462598799E+018,"12 : 0.8822686, 7 : 0.046331, 12 : 0.004689488",5
1.54550581336816E+018,"12 : 0.30591553, 9 : 0.1534775, 9 : 0.13138379",5
1.54356322131123E+018,"3 : 0.1503604, 3 : 0.08994027, 9 : 0.031491444",5
1.53558858504091E+018,"2 : 0.52852696, 12 : 0.099613704, 2 : 0.06440425",5
1.52181748801361E+018,"12 : 0.7231349, 9 : 0.039142027, 2 : 0.024190115",5
1.51452486503754E+018,"12 : 0.7281476, 7 : 0.10778363, 9 : 0.04213094",5
1.500222131044E+018,"12 : 0.6552283, 2 : 0.10742029, 2 : 0.02042025",5
1.4906077403835E+018,"1 : 0.98100233, 1 : 0.0015924621, 9 : 0.00026404465",5
1.48217801001783E+018,"6 : 0.19914374, 6 : 0.09881923, 7 : 0.0637874",5
1.47699711708373E+018,"2 : 0.18575941, 12 : 0.12396302, 2 : 0.080876574",5
1.46827808148812E+018,"9 : 0.13168402, 14 : 0.09401762, 3 : 0.054467242",5
1.4681501933082E+018,"14 : 0.35990375, 12 : 0.08003423, 11 : 0.047571175",5
1.46388372051963E+018,"9 : 0.49042112, 2 : 0.075552866, 12 : 0.061343346",5
1.45313750156381E+018,"6 : 0.27370563, 13 : 0.06501956, 2 : 0.04287454",5
1.44924088963247E+018,"9 : 0.7869671, 1 : 0.128105, 1 : 0.010398919",5
1.44861790677479E+018,"6 : 0.9927874, 8 : 0.0006070755, 6 : 0.000565307",5
1.44718839037857E+018,"9 : 0.9234112, 12 : 0.020349532, 7 : 0.0075240047",5
1.43759864026379E+018,"7 : 0.17613748, 7 : 0.06566206, 11 : 0.051377587",5
1.432876320979E+018,"9 : 0.17847088, 9 : 0.08234831, 13 : 0.03766696",5
1.42310638618257E+018,"7 : 0.40821177, 7 : 0.15052572, 7 : 0.14785367",5
1.42129462606066E+018,"3 : 0.5961722, 11 : 0.05634423, 12 : 0.027748335",5
1.4182779689258E+018,"7 : 0.1325889, 2 : 0.10487574, 12 : 0.08923126",5
1.87908526622492E+018,"7 : 0.3607489, 2 : 0.10994762, 13 : 0.030881274",5
2.06965894837387E+018,"2 : 0.94120276, 7 : 0.027167806, 7 : 0.0041565015",5
2.15227797815945E+018,"6 : 0.09535954, 7 : 0.06876325, 5 : 0.059015032",5
1.82553744393828E+018,"12 : 0.97812575, 12 : 0.0045941602, 2 : 0.0017545318",5
2.18929250802274E+018,"2 : 0.38898522, 7 : 0.21409301, 7 : 0.11776891",5
2.07685703585715E+018,"7 : 0.29466558, 12 : 0.13272046, 7 : 0.019938687",5
2.14589235205782E+018,"2 : 0.4417838, 7 : 0.07442038, 12 : 0.036173705",5
1.95688306841903E+018,"13 : 0.1280579, 8 : 0.12037437, 3 : 0.0938636",5
2.16921356732805E+018,"7 : 0.49808505, 7 : 0.20432034, 7 : 0.036990367",5
2.14656400224797E+018,"4 : 0.1312862, 6 : 0.03671705, 3 : 0.026414074",5
1.92351819636083E+018,"7 : 0.7259504, 2 : 0.1195175, 7 : 0.019822745",5
2.07710698736091E+018,"12 : 0.28752887, 12 : 0.13360263, 13 : 0.072798036",5
1.9057952868463E+018,"8 : 0.3458767, 9 : 0.07321528, 5 : 0.03502172",5
2.02112228857455E+018,"13 : 0.05686839, 2 : 0.041349497, 9 : 0.030121114",5
1.96410703133536E+018,"7 : 0.21772803, 7 : 0.06319223, 7 : 0.021867469",5
2.03268949710511E+018,"2 : 0.60624105, 2 : 0.36520362, 7 : 0.003765588",5
2.1656611298156E+018,"9 : 0.13740492, 9 : 0.07818132, 13 : 0.03625506",5
1.86108636775104E+018,"2 : 0.78681844, 2 : 0.20916584, 7 : 0.0015704712",5
1.82348128135295E+018,"3 : 0.36857012, 6 : 0.17672479, 7 : 0.046136007",5
1.82286617964168E+018,"7 : 0.5284012, 3 : 0.050691478, 4 : 0.02163549",5
1.82285752112982E+018,"2 : 0.30894667, 8 : 0.044472706, 13 : 0.040728044",5
2.18943696136272E+018,"3 : 0.4461764, 7 : 0.062272567, 14 : 0.035736874",5
2.12491878646913E+018,"7 : 0.5313476, 7 : 0.42194024, 4 : 0.005915384",5
2.15250183460541E+018,"7 : 0.03946502, 7 : 0.038484126, 3 : 0.035547066",5
2.16335116355523E+018,"7 : 0.8421427, 4 : 0.10791235, 7 : 0.007345786",5
2.21054982596665E+018,"11 : 0.56557053, 2 : 0.061942652, 12 : 0.0152215",5
2.21046725510448E+018,"10 : 0.06596972, 1 : 0.049824253, 13 : 0.04301087",5
2.21029484180439E+018,"11 : 0.2866565, 7 : 0.20955703, 7 : 0.10739142",5
2.20987633192848E+018,"2 : 0.25664195, 1 : 0.09421654, 4 : 0.012739798",5
2.20981355426196E+018,"7 : 0.92820346, 13 : 0.004478685, 10 : 0.0020640583",5
2.20971977550522E+018,"13 : 0.8760615, 1 : 0.0058255624, 13 : 0.0055327904",5
2.20953897017501E+018,"11 : 0.35309258, 12 : 0.056506287, 7 : 0.05501903",5
2.20920781885111E+018,"1 : 0.88025117, 1 : 0.05432421, 11 : 0.036867484",5
2.20908431620864E+018,"1 : 0.95024705, 1 : 0.0052832393, 11 : 0.0012620192",5
2.2089232815018E+018,"1 : 0.53591126, 3 : 0.1544911, 1 : 0.029573541",5
2.20878136041643E+018,"6 : 0.9971539, 6 : 0.0010971999, 6 : 0.00038098943",5
2.20826409691139E+018,"2 : 0.48806652, 7 : 0.08320192, 7 : 0.035869814",5
2.2081381321479E+018,"11 : 0.39909992, 11 : 0.17696005, 13 : 0.0642294",5
2.20768938484539E+018,"11 : 0.51772887, 2 : 0.20370646, 2 : 0.032330137",5
2.20768556677066E+018,"11 : 0.49574307, 2 : 0.10141843, 7 : 0.07464047",5
2.20767522802929E+018,"11 : 0.5212381, 11 : 0.10488809, 2 : 0.061738018",5
2.20766099355128E+018,"1 : 0.38320103, 11 : 0.18273732, 11 : 0.032199748",5
2.20765753411475E+018,"7 : 0.24111076, 11 : 0.2358328, 11 : 0.03801434",5
2.20764689068226E+018,"1 : 0.894997, 1 : 0.024157373, 1 : 0.0016708183",5
2.20757453324945E+018,"1 : 0.491058, 11 : 0.16769503, 1 : 0.10810862",5
2.20747743144556E+018,"3 : 0.40873682, 11 : 0.28811854, 2 : 0.035490274",5
2.20687489058626E+018,"1 : 0.8990302, 11 : 0.022532532, 1 : 0.019571347",5
2.20599840566311E+018,"4 : 0.31837583, 6 : 0.21999128, 1 : 0.03012178",5
2.20546957014054E+018,"7 : 0.22965212, 7 : 0.054196067, 4 : 0.04022253",5
2.20527392645263E+018,"2 : 0.14812504, 11 : 0.120536655, 11 : 0.11143573",5
2.20473497934391E+018,"1 : 0.90616226, 3 : 0.007992637, 13 : 0.003723819",5
2.20447823475462E+018,"9 : 0.9995047, 13 : 0.000106239146, 6 : 8.849531e-05",5
2.20385961362851E+018,"2 : 0.712235, 2 : 0.18247677, 4 : 0.012970564",5
2.20362449394669E+018,"3 : 0.11096517, 12 : 0.074674256, 14 : 0.060951974",5
2.20290837377556E+018,"11 : 0.48488486, 2 : 0.21615727, 1 : 0.07801152",5
2.20255845981214E+018,"11 : 0.2500725, 8 : 0.21414725, 2 : 0.098698154",5
2.20220799312326E+018,"9 : 0.79357654, 5 : 0.033976294, 12 : 0.0072966227",5
2.20163929394539E+018,"2 : 0.114728674, 10 : 0.07048546, 7 : 0.0667322",5
2.20110435490282E+018,"1 : 0.7556658, 11 : 0.08793507, 1 : 0.08087137",5
2.20084092273974E+018,"7 : 0.09060335, 9 : 0.08480013, 2 : 0.057581384",5
2.2003360661721E+018,"11 : 0.2936024, 11 : 0.1927838, 1 : 0.0892727",5
2.19975638870298E+018,"11 : 0.32533705, 11 : 0.2237628, 11 : 0.18941836",5
2.19957031896055E+018,"11 : 0.20819916, 1 : 0.16996017, 10 : 0.14653237",5
2.19940130757648E+018,"1 : 0.48177442, 1 : 0.20270677, 5 : 0.03718349",5
2.19931535904824E+018,"1 : 0.19765575, 2 : 0.16184586, 11 : 0.06521408",5
2.19893707621351E+018,"1 : 0.8827799, 1 : 0.049163442, 1 : 0.009619632",5
2.19878711343634E+018,"12 : 0.20297344, 3 : 0.12428449, 1 : 0.05049906",5
2.19866416261444E+018,"4 : 0.41012344, 11 : 0.042288013, 1 : 0.040785454",5
2.1983412833753E+018,"1 : 0.455903, 1 : 0.4132783, 11 : 0.08790388",5
2.19807440152269E+018,"6 : 0.06424861, 7 : 0.057843048, 9 : 0.040495377",5
2.19780413372671E+018,"7 : 0.23509565, 11 : 0.087645434, 9 : 0.04563559",5
2.19723684535234E+018,"7 : 0.6052144, 7 : 0.1588055, 12 : 0.05129043",5
2.19665239482477E+018,"11 : 0.3546355, 11 : 0.10179541, 2 : 0.04760887",5
2.19663321974194E+018,"7 : 0.5412457, 12 : 0.15500385, 12 : 0.03961288",5
2.19640071981752E+018,"11 : 0.3670472, 2 : 0.21107961, 1 : 0.087755166",5
2.19602799997182E+018,"1 : 0.84420437, 9 : 0.11303562, 11 : 0.012748491",5
2.19596667100986E+018,"13 : 0.3281862, 13 : 0.21428357, 13 : 0.05710761",5
2.19579003559778E+018,"1 : 0.3228195, 11 : 0.10610302, 1 : 0.040031083",5
2.19524122752897E+018,"3 : 0.9652321, 12 : 0.0021700466, 13 : 0.0017814771",5
2.19496049163033E+018,"3 : 0.15034823, 10 : 0.14521587, 11 : 0.054227713",5
2.19449979977297E+018,"13 : 0.53785163, 10 : 0.09468929, 5 : 0.052038446",5
2.19442851610002E+018,"7 : 0.24742699, 2 : 0.20620647, 2 : 0.06177513",5
2.19432904651823E+018,"10 : 0.64151156, 13 : 0.08709347, 7 : 0.052044116",5
2.1939386012347E+018,"1 : 0.33039021, 11 : 0.14365669, 11 : 0.08719133",5
2.19377997792571E+018,"1 : 0.3421769, 1 : 0.114288986, 1 : 0.035590407",5
2.19358078390252E+018,"13 : 0.17003614, 7 : 0.14018553, 13 : 0.10852789",5
2.19296062608403E+018,"10 : 0.14075905, 12 : 0.07263785, 12 : 0.04850843",5
2.19238750727488E+018,"8 : 0.08129938, 8 : 0.06258875, 7 : 0.04719867",5
2.19171773795331E+018,"1 : 0.89131826, 1 : 0.017450582, 13 : 0.0061859274",5
2.19152832845332E+018,"1 : 0.4418007, 1 : 0.08570384, 11 : 0.051003624",5
2.19104584259791E+018,"11 : 0.87950355, 2 : 0.023758894, 3 : 0.0070183417",5
2.19089997026683E+018,"7 : 0.15847246, 7 : 0.07953391, 7 : 0.039876994",5
2.19076461386846E+018,"2 : 0.28804374, 11 : 0.20551258, 9 : 0.076648004",5
2.19032732392094E+018,"10 : 0.60611725, 10 : 0.35373896, 7 : 0.012298222",5
2.19023839472703E+018,"11 : 0.6754427, 2 : 0.17296913, 8 : 0.029071532",5
2.19002774015401E+018,"1 : 0.4091342, 1 : 0.20634504, 9 : 0.089587584",5
2.18996720635657E+018,"2 : 0.23406163, 11 : 0.19891775, 1 : 0.09856524",5
2.18960472221465E+018,"1 : 0.5525527, 11 : 0.15428603, 9 : 0.14393793",5
2.18949079460871E+018,"3 : 0.16629916, 7 : 0.1104639, 3 : 0.055062946",5
2.18942665301329E+018,"11 : 0.35206127, 11 : 0.21773034, 11 : 0.1576604",5
2.18934859084816E+018,"2 : 0.99998164, 2 : 2.237652e-06, 11 : 5.1321456e-07",5
2.18892582389828E+018,"13 : 0.236265, 12 : 0.15806285, 5 : 0.14311965",5
2.18877750759667E+018,"7 : 0.511171, 7 : 0.07777768, 13 : 0.051936857",5
2.18858869999544E+018,"11 : 0.42328295, 2 : 0.17786689, 11 : 0.110752225",5
2.18845628070826E+018,"11 : 0.1742286, 6 : 0.1157143, 2 : 0.11460212",5
2.18798928542488E+018,"1 : 0.5896572, 7 : 0.037939813, 7 : 0.031036176",5
2.18765802483023E+018,"5 : 0.18639696, 8 : 0.049757287, 1 : 0.044040937",5
2.18715165910942E+018,"1 : 0.21781346, 11 : 0.18397802, 1 : 0.119853",5
2.18680193775667E+018,"1 : 0.8883198, 11 : 0.054418724, 11 : 0.0030589171",5
2.18608198281642E+018,"9 : 0.9425936, 10 : 0.00545466, 9 : 0.0039890194",5
2.18559671243659E+018,"7 : 0.31248757, 7 : 0.04269376, 2 : 0.02390099",5
2.18516800212375E+018,"7 : 0.22020076, 7 : 0.11411436, 2 : 0.11159039",5
2.1850879990695E+018,"1 : 0.38572618, 7 : 0.044030268, 7 : 0.03616621",5
2.18484441798803E+018,"8 : 0.2842945, 7 : 0.043324977, 2 : 0.037514832",5
2.21057790849266E+018,"1 : 0.555583, 7 : 0.043735843, 8 : 0.042071883",5
2.21049600232688E+018,"9 : 0.4694085, 4 : 0.37627676, 12 : 0.0075420775",5
2.21038255131975E+018,"7 : 0.19312237, 13 : 0.1256893, 7 : 0.063326344",5
2.20985269061635E+018,"4 : 0.26560462, 8 : 0.23223484, 9 : 0.10240312",5
2.20974885390839E+018,"7 : 0.14453387, 1 : 0.03990832, 11 : 0.035903137",5
2.20964565125641E+018,"2 : 0.075487085, 13 : 0.042080715, 9 : 0.03414832",5
2.20950922153661E+018,"13 : 0.0638544, 7 : 0.05527052, 4 : 0.031594653",5
2.20911741834397E+018,"7 : 0.7110055, 7 : 0.14397903, 7 : 0.022090662",5
2.20902263999445E+018,"7 : 0.44419056, 2 : 0.06596567, 3 : 0.065857895",5
2.20888896832037E+018,"9 : 0.13886417, 1 : 0.11699704, 9 : 0.048756976",5
2.20846359373794E+018,"6 : 0.852497, 1 : 0.028227227, 6 : 0.011372122",5
2.20829791497227E+018,"2 : 0.2352661, 2 : 0.13690533, 7 : 0.07320879",5
2.20817375523516E+018,"2 : 0.6517589, 2 : 0.03985705, 2 : 0.036287073",5
2.20799562008962E+018,"8 : 0.04704939, 7 : 0.045063052, 14 : 0.026220294",5
2.20755051699363E+018,"4 : 0.47702637, 7 : 0.1936023, 7 : 0.18329738",5
2.20746525084506E+018,"12 : 0.97393984, 12 : 0.0023569153, 4 : 0.0010435912",5
2.20734538192161E+018,"8 : 0.66705054, 8 : 0.085077174, 8 : 0.038966678",5
2.20696211432568E+018,"12 : 0.3297767, 2 : 0.110134535, 2 : 0.06402226",5
2.2068478266051E+018,"4 : 0.2770717, 7 : 0.09883602, 7 : 0.069982186",5
2.20675340907219E+018,"7 : 0.1436074, 8 : 0.107100666, 2 : 0.06458387",5
2.20661767119434E+018,"1 : 0.31697616, 13 : 0.12235248, 1 : 0.11356241",5
2.20614438240768E+018,"8 : 0.728585, 8 : 0.013524585, 8 : 0.010749827",5
2.2060435065779E+018,"14 : 0.14653128, 7 : 0.12294705, 7 : 0.10043421",5
2.20588276342397E+018,"7 : 0.08660186, 7 : 0.070919245, 12 : 0.05287251",5
2.20549083292088E+018,"11 : 0.40112484, 1 : 0.11044812, 1 : 0.08784589",5
2.20536714648618E+018,"3 : 0.46476266, 3 : 0.3839369, 3 : 0.021720465",5
2.20517357647933E+018,"7 : 0.09382668, 9 : 0.061635144, 1 : 0.057682134",5
2.20476257523812E+018,"9 : 0.5221185, 1 : 0.17682955, 5 : 0.051936697",5
2.20468366851826E+018,"7 : 0.9891516, 7 : 0.0027620902, 7 : 0.00039289542",5
2.20460084580341E+018,"7 : 0.7102748, 7 : 0.13520238, 7 : 0.039734226",5
2.20451095453494E+018,"7 : 0.48551017, 3 : 0.082227096, 7 : 0.01992203",5
2.20429796533711E+018,"2 : 0.4141231, 9 : 0.3321856, 1 : 0.026848972",5
2.20400970907049E+018,"2 : 0.1499325, 13 : 0.117086925, 2 : 0.044946134",5
2.20387778373898E+018,"7 : 0.11152418, 7 : 0.06287727, 7 : 0.057900816",5
2.20375489380125E+018,"7 : 0.06468348, 7 : 0.098253034",5
2.20332395543886E+018,"5 : 0.40019456, 2 : 0.10976526, 6 : 0.075042166",5
2.20319934152773E+018,"7 : 0.17177114, 7 : 0.16179529, 7 : 0.06006484",5
2.20304741759577E+018,"9 : 0.35311913, 9 : 0.25168833, 9 : 0.06348408",5
2.20253390447582E+018,"6 : 0.1635558, 7 : 0.15611508, 7 : 0.08117629",5
2.20239915622024E+018,"13 : 0.8557628, 7 : 0.016604692, 13 : 0.0054983697",5
2.20196963291564E+018,"6 : 0.9695637, 6 : 0.005888962, 6 : 0.0017309315",5
2.20174544796066E+018,"2 : 0.47699848, 2 : 0.12768738, 2 : 0.064170085",5
2.2016009703965E+018,"7 : 0.71278626, 3 : 0.046630166, 7 : 0.010449354",5
2.20117868873369E+018,"2 : 0.9709264, 2 : 0.013204724, 2 : 0.0027050944",5
2.20101153390662E+018,"1 : 0.50396943, 11 : 0.07093329, 1 : 0.039538756",5
2.20085100620028E+018,"3 : 0.86789817, 2 : 0.014648694, 2 : 0.012459668",5
2.20029614568361E+018,"4 : 0.14147668, 13 : 0.1308436, 11 : 0.10920122",5
2.20018903827579E+018,"8 : 0.1595354, 8 : 0.0924954, 8 : 0.054143135",5
2.20001994413667E+018,"6 : 0.40915707, 6 : 0.2853194, 6 : 0.057126578",5
2.19969572237416E+018,"7 : 0.1383479, 7 : 0.10558959, 7 : 0.06041284",5
2.19963212322102E+018,"10 : 0.26339546, 13 : 0.065279625, 7 : 0.03377241",5
2.19947412513824E+018,"4 : 0.19371334, 10 : 0.10152791, 10 : 0.0989598",5
2.19930457483869E+018,"2 : 0.54519504, 1 : 0.13677801, 11 : 0.0791053",5
2.19898537255064E+018,"11 : 0.30627337, 9 : 0.12942237, 9 : 0.113553636",5
2.19887864116848E+018,"13 : 0.11918822, 6 : 0.09224849, 7 : 0.062257316",5
2.19873973165227E+018,"13 : 0.17210098, 12 : 0.088077135, 12 : 0.07099721",5
2.19863717369464E+018,"7 : 0.97584563, 6 : 0.0029138187, 6 : 0.00040808046",5
2.19828837338752E+018,"2 : 0.35767725, 3 : 0.27096942, 6 : 0.035386063",5
2.19809375360345E+018,"6 : 0.17227499, 3 : 0.05687621, 6 : 0.04637338",5
2.19791684563842E+018,"3 : 0.115755774, 13 : 0.052968435, 6 : 0.044763632",5
2.1975255371807E+018,"7 : 0.53767663, 7 : 0.13797936, 7 : 0.08612352",5
2.19741358440441E+018,"8 : 0.15705502, 13 : 0.06814226, 8 : 0.050669752",5
2.19730621883701E+018,"13 : 0.057224024, 7 : 0.051740658, 13 : 0.03647903",5
2.19719194916008E+018,"4 : 0.13021599, 5 : 0.096938126, 9 : 0.03255257",5
2.19678663326586E+018,"13 : 0.16351119, 9 : 0.07100868, 13 : 0.06100837",5
2.19671535224165E+018,"7 : 0.5847082, 7 : 0.2347155, 4 : 0.020979773",5
2.19656111666137E+018,"11 : 0.57408965, 1 : 0.13150634, 1 : 0.097601146",5
2.1964573130161E+018,"1 : 0.18973932, 11 : 0.16107336, 1 : 0.13023664",5
2.19621674120238E+018,"11 : 0.45993403, 1 : 0.37162647, 11 : 0.01177098",5
2.19607013309792E+018,"2 : 0.22575498, 13 : 0.13877563, 2 : 0.105103575",5
2.19602732812882E+018,"13 : 0.8039209, 8 : 0.0557979, 4 : 0.012978387",5
2.19598043696643E+018,"7 : 0.25881302, 10 : 0.14788945, 7 : 0.03239899",5
2.19575192578232E+018,"13 : 0.16166621, 2 : 0.054603316, 10 : 0.052644372",5
2.19538207637577E+018,"7 : 0.51661676, 7 : 0.13274378, 2 : 0.105589665",5
2.19531213752301E+018,"7 : 0.24050589, 7 : 0.1930432, 7 : 0.13029604",5
2.19521973106616E+018,"2 : 0.48703885, 2 : 0.26346552, 2 : 0.020935655",5
2.19512064451653E+018,"7 : 0.38472924, 7 : 0.12651092, 7 : 0.092315026",5
2.19503295678813E+018,"4 : 0.5832673, 10 : 0.10010171, 7 : 0.033952978",5
2.19485555281852E+018,"9 : 0.1514091, 7 : 0.049223173, 8 : 0.03863621",5
2.1946120368144E+018,"12 : 0.15785956, 3 : 0.124399, 3 : 0.11478867",5
2.19456648658944E+018,"1 : 0.44717273, 1 : 0.14312188, 11 : 0.0298741",5
2.19451602959043E+018,"4 : 0.8815871, 12 : 0.0053480547, 2 : 0.0026028939",5
2.19448514391843E+018,"14 : 0.8582862, 2 : 0.026013296, 6 : 0.020599801",5
2.19441931018014E+018,"1 : 0.8677038, 4 : 0.04105115, 9 : 0.013352164",5
2.19431482531313E+018,"7 : 0.8068495, 7 : 0.03049499, 9 : 0.01342081",5
2.19418809204321E+018,"1 : 0.71190274, 11 : 0.10246296, 9 : 0.02511679",5
2.19386271808904E+018,"5 : 0.22159916, 2 : 0.13632338, 12 : 0.041216142",5
2.1937971473009E+018,"1 : 0.22916013, 1 : 0.15913534, 11 : 0.0934696",5
2.19375950353148E+018,"12 : 0.30417025, 13 : 0.2486297, 13 : 0.16489692",5
2.19370357071815E+018,"11 : 0.33361894, 1 : 0.08482828, 1 : 0.06195466",5
2.19361304152911E+018,"9 : 0.4578427, 9 : 0.22671387, 8 : 0.06504273",5
2.19324150416947E+018,"3 : 0.44623882, 3 : 0.1080699, 3 : 0.03848228",5
2.19313794688573E+018,"2 : 0.35197023, 7 : 0.2357805, 3 : 0.04430529",5
2.19290360970325E+018,"1 : 0.8085208, 1 : 0.009351175, 11 : 0.004973842",5
2.19253747977415E+018,"9 : 0.61025137, 2 : 0.12070729, 9 : 0.016011184",5
2.19235647298848E+018,"4 : 0.17514354, 10 : 0.15032026, 9 : 0.1460938",5
2.19229693336101E+018,"13 : 0.06999275, 4 : 0.044815034, 7 : 0.039190214",5
2.19217474327585E+018,"4 : 0.35189512, 7 : 0.13316533, 7 : 0.09359305",5
2.19182411361498E+018,"1 : 0.15404221, 3 : 0.14128181, 11 : 0.05830438",5
2.19169932150322E+018,"7 : 0.6526731, 7 : 0.09951995, 7 : 0.03626392",5
2.19160028184694E+018,"7 : 0.33617464, 7 : 0.14297248, 2 : 0.06351321",5
2.19147979925701E+018,"13 : 0.14107129, 4 : 0.14100754, 7 : 0.067498066",5
2.19134784655394E+018,"3 : 0.5305731, 7 : 0.07639914, 5 : 0.037560027",5
2.19098002886698E+018,"2 : 0.2679453, 2 : 0.20009744, 3 : 0.0695932",5
2.19088332939031E+018,"13 : 0.9735352, 7 : 0.009746773, 7 : 0.00155822",5
2.19080006935209E+018,"7 : 0.918818, 6 : 0.012239526, 7 : 0.0057377047",5
2.19076718923838E+018,"2 : 0.4616431, 2 : 0.056462556, 2 : 0.016781338",5
2.19073285669579E+018,"8 : 0.48975107, 13 : 0.18306753, 13 : 0.042464107",5
2.19070340956178E+018,"7 : 0.07727342, 7 : 0.047299586, 7 : 0.040379617",5
2.19066788517379E+018,"4 : 0.054146398, 2 : 0.04898722, 10 : 0.0332753",5
2.19063255275158E+018,"13 : 0.5240311, 11 : 0.09976331, 1 : 0.09372571",5
2.19043224046811E+018,"7 : 0.22859779, 13 : 0.09546543, 3 : 0.06611363",5
2.19032082206228E+018,"13 : 0.65030336, 13 : 0.10377556, 13 : 0.056453742",5
2.1902800724527E+018,"2 : 0.093184456, 2 : 0.090490036, 10 : 0.074152194",5
2.19025171572748E+018,"2 : 0.27948424, 2 : 0.18289788, 3 : 0.07419008",5
2.19023217095659E+018,"9 : 0.9031151, 10 : 0.0136980675, 7 : 0.0133898975",5
2.19020509769117E+018,"7 : 0.27469587, 7 : 0.042736553, 2 : 0.0270925",5
2.1901762759274E+018,"8 : 0.76793253, 8 : 0.08686348, 8 : 0.020122001",5
2.19015079676362E+018,"10 : 0.22407094, 7 : 0.122318275, 7 : 0.09532901",5
2.19012185637643E+018,"12 : 0.24976431, 2 : 0.15624568, 12 : 0.04647306",5
2.19009739944018E+018,"3 : 0.21563916, 11 : 0.12235061, 14 : 0.055791125",5
2.19002667074967E+018,"7 : 0.8092155, 12 : 0.010584317, 7 : 0.009578613",5
2.18991515946514E+018,"7 : 0.8557566, 12 : 0.06725368, 12 : 0.03948278",5
2.18958416409381E+018,"9 : 0.23328166, 7 : 0.07693961, 13 : 0.07266615",5
2.18950831352863E+018,"4 : 0.45036033, 1 : 0.19855542, 1 : 0.17863283",5
2.18945050596985E+018,"2 : 0.2721966, 3 : 0.15823539, 2 : 0.084669515",5
2.18940472102298E+018,"1 : 0.5939008, 1 : 0.08288519, 11 : 0.028219368",5
2.18936578363594E+018,"1 : 0.929621, 1 : 0.0032914153, 1 : 0.001862382",5
2.18933620322504E+018,"1 : 0.79854405, 11 : 0.028385527, 1 : 0.022611737",5
2.18931793402796E+018,"1 : 0.39866486, 1 : 0.16047412, 11 : 0.051697817",5
2.18930271304833E+018,"7 : 0.41832078, 12 : 0.31976646, 7 : 0.08318072",5
2.18927420071492E+018,"2 : 0.38770747, 4 : 0.22594802, 12 : 0.02045979",5
2.18924539901826E+018,"11 : 0.5065522, 9 : 0.08525835, 1 : 0.07548117",5
2.18919718384104E+018,"1 : 0.6881971, 9 : 0.042483874, 1 : 0.021407394",5
2.18915775034566E+018,"7 : 0.2744961, 7 : 0.101010896, 8 : 0.085081205",5
2.18910272467617E+018,"2 : 0.798055, 3 : 0.07157936, 3 : 0.01755351",5
2.18886210684844E+018,"9 : 0.33248717, 9 : 0.053265464, 13 : 0.04320479",5
2.18883056504744E+018,"4 : 0.15700568, 9 : 0.10271273, 3 : 0.027613109",5
2.18877393110456E+018,"7 : 0.5849972, 7 : 0.05213834, 7 : 0.028407717",5
2.18875800189321E+018,"12 : 0.4183335, 7 : 0.05401235, 2 : 0.040815845",5
2.18874052399347E+018,"3 : 0.33596426, 3 : 0.18958037, 3 : 0.062924646",5
2.1887177754124E+018,"3 : 0.036983375, 7 : 0.034724213, 3 : 0.02438836",5
2.18869567939264E+018,"9 : 0.20784362, 4 : 0.11615044, 9 : 0.051812652",5
2.18867771119573E+018,"2 : 0.76685643, 2 : 0.11645238, 7 : 0.021688614",5
2.18863051124991E+018,"7 : 0.55836, 7 : 0.25926286, 7 : 0.08237043",5
2.18860713466579E+018,"2 : 0.07484976, 7 : 0.07314373, 7 : 0.058356043",5
2.18859172054799E+018,"2 : 0.34611225, 13 : 0.14967443, 4 : 0.13605228",5
2.18856246453803E+018,"7 : 0.1190893, 2 : 0.069022, 7 : 0.065092765",5
2.18853722171705E+018,"7 : 0.35705554, 7 : 0.14124987, 8 : 0.108588405",5
2.18851356287171E+018,"3 : 0.29278407, 6 : 0.12971811, 6 : 0.06187112",5
2.18847988896996E+018,"11 : 0.3827672, 1 : 0.11946216, 11 : 0.08402123",5
2.1884440996616E+018,"7 : 0.21433423, 4 : 0.14897622, 7 : 0.07261324",5
2.18824282922351E+018,"11 : 0.07537785, 12 : 0.049353827, 2 : 0.042537846",5
2.18814905082715E+018,"7 : 0.38963068, 7 : 0.1226018, 14 : 0.040270682",5
2.18809561083026E+018,"8 : 0.9968657, 4 : 0.0002545794, 13 : 0.0001649011",5
2.1880649025104E+018,"7 : 0.43473616, 7 : 0.17248979, 7 : 0.13057753",5
2.18803991269467E+018,"2 : 0.12429101, 7 : 0.09334512, 2 : 0.07918445",5
2.18795655146603E+018,"12 : 0.16027518, 12 : 0.08900284, 2 : 0.051326685",5
2.187845858986E+018,"3 : 0.49528468, 2 : 0.081008136, 2 : 0.020812517",5
2.18776354344614E+018,"4 : 0.403011, 10 : 0.06699823, 3 : 0.06526935",5
2.18737175628603E+018,"2 : 0.16167714, 10 : 0.08304306, 13 : 0.07483643",5
2.18730321941215E+018,"13 : 0.12053098, 13 : 0.026826086, 13 : 0.025916403",5
2.18718883763824E+018,"7 : 0.18798979, 7 : 0.052503847, 2 : 0.047024254",5
2.18708207123616E+018,"12 : 0.50745726, 12 : 0.09667417, 2 : 0.051755477",5
2.1867662525267E+018,"1 : 0.8489596, 11 : 0.045410383, 11 : 0.0452865",5
2.18654123824078E+018,"2 : 0.8845385, 7 : 0.03822613, 2 : 0.004594057",5
2.18637571967969E+018,"1 : 0.18784784, 9 : 0.065188006, 9 : 0.047381345",5
2.18619999742562E+018,"2 : 0.9302921, 11 : 0.020736868, 1 : 0.004719045",5
2.18588597516332E+018,"9 : 0.6493017, 8 : 0.015603792, 8 : 0.013833926",5
2.1858117001722E+018,"9 : 0.19083773, 1 : 0.13401966, 5 : 0.054253146",5
2.18569580604912E+018,"7 : 0.13740192, 10 : 0.06079157, 7 : 0.058682267",5
2.18557925413461E+018,"13 : 0.46777707, 2 : 0.065812625, 10 : 0.054944575",5
2.1852510705493E+018,"7 : 0.67857236, 7 : 0.063106194, 7 : 0.036102757",5
2.18513784815706E+018,"11 : 0.21096352, 1 : 0.15250342, 11 : 0.09380834",5
2.18504398882493E+018,"8 : 0.8221801, 8 : 0.016721971, 8 : 0.007966012",5
2.1849318310413E+018,"12 : 0.94943535, 12 : 0.011791171, 12 : 0.004341452",5
2.18476375217655E+018,"11 : 0.49628076, 1 : 0.10726659, 1 : 0.0277648",5
2.18446767634104E+018,"9 : 0.19635944, 11 : 0.10164795, 1 : 0.049537763",5
2.18440874117784E+018,"3 : 0.26610056, 3 : 0.1352103, 13 : 0.06720307",5
2.18429587120673E+018,"7 : 0.31413326, 13 : 0.13650565, 1 : 0.05813658",5
2.18425320295465E+018,"1 : 0.59193623, 11 : 0.07593558, 11 : 0.055168103",5
2.18422207574776E+018,"2 : 0.19922294, 2 : 0.15018272, 7 : 0.048558075",5
2.18419292077381E+018,"7 : 0.39909196, 7 : 0.2884743, 7 : 0.04249282",5
2.18416439527866E+018,"1 : 0.8156449, 1 : 0.020874754, 11 : 0.01898955",5
2.18413944273483E+018,"7 : 0.7111391, 7 : 0.0404016, 7 : 0.00922673",5
2.18407622230101E+018,"9 : 0.5556065, 9 : 0.04479788, 8 : 0.03611095",5
2.18382646159836E+018,"4 : 0.53207797, 9 : 0.19362797, 12 : 0.026554303",5
2.18375630618261E+018,"7 : 0.38406584, 7 : 0.10082942, 7 : 0.07252695",5
2.18371736358207E+018,"7 : 0.36729732, 12 : 0.05706749, 7 : 0.054933503",5
2.18367389848804E+018,"2 : 0.556141, 2 : 0.4006215, 8 : 0.006373932",5
2.18364653957127E+018,"1 : 0.19631611, 1 : 0.12238962, 1 : 0.089155614",5
2.18360982947682E+018,"8 : 0.63150513, 3 : 0.19613004, 7 : 0.027190007",5
2.18356692925665E+018,"2 : 0.3408769, 12 : 0.15249145, 12 : 0.1496849",5
2.18352811057674E+018,"2 : 0.05972088, 9 : 0.05446453, 4 : 0.046676345",5
2.18350012713058E+018,"4 : 0.1257349, 7 : 0.08273201, 7 : 0.032131836",5
2.18342182772962E+018,"7 : 0.23682006, 7 : 0.23468037, 7 : 0.2004637",5
2.18337611874097E+018,"2 : 0.1972116, 2 : 0.026819238, 6 : 0.014348501",5
2.18312599116069E+018,"7 : 0.49199343, 2 : 0.22287095, 12 : 0.062771976",5
2.18304811038638E+018,"9 : 0.24170169, 9 : 0.0824029, 1 : 0.052805163",5
2.18299968726196E+018,"10 : 0.33800286, 7 : 0.081549905, 7 : 0.057719383",5
2.18296622405764E+018,"12 : 0.11991691, 7 : 0.11564058, 7 : 0.077110924",5
2.18293301084076E+018,"2 : 0.34365395, 2 : 0.08244954, 2 : 0.08018216",5
2.1829051374173E+018,"2 : 0.16020657, 12 : 0.09802589, 13 : 0.06830485",5
2.18287510401987E+018,"2 : 0.313031, 2 : 0.12854996, 2 : 0.045768693",5
2.18284830772713E+018,"3 : 0.65780747, 3 : 0.17065816, 9 : 0.018559407",5
2.18278279071897E+018,"3 : 0.37608898, 3 : 0.33499274, 3 : 0.07977114",5
2.1826379262702E+018,"8 : 0.7668353, 8 : 0.07026056, 13 : 0.029928233",5
2.18229732527047E+018,"4 : 0.24906285, 2 : 0.10019578, 7 : 0.06444757",5
2.18218592002807E+018,"1 : 0.34213755, 9 : 0.27602914, 11 : 0.08470905",5
2.18209157247314E+018,"2 : 0.45680216, 2 : 0.32716742, 12 : 0.026268039",5
2.18199266976139E+018,"3 : 0.8748548, 3 : 0.00881821, 3 : 0.0054352344",5
2.18160684886521E+018,"7 : 0.23435798, 2 : 0.08234847, 9 : 0.051572282",5
2.18153209214909E+018,"9 : 0.73488104, 1 : 0.05296199, 2 : 0.020970048",5
2.18149498774838E+018,"1 : 0.4427033, 9 : 0.12893762, 5 : 0.11710396",5
2.18141355531268E+018,"4 : 0.28409365, 7 : 0.15988477, 7 : 0.09300314",5
2.18122031557143E+018,"2 : 0.30971056, 4 : 0.11405649, 2 : 0.052185267",5
2.18085794497142E+018,"1 : 0.19524461, 11 : 0.06263234, 8 : 0.060619634",5
2.18076362031781E+018,"7 : 0.16469347, 7 : 0.06782501, 9 : 0.047189407",5
2.18065766895148E+018,"2 : 0.54975545, 3 : 0.06415874, 3 : 0.06262214",5
2.18056268131972E+018,"6 : 0.2296031, 6 : 0.054721113, 6 : 0.051645502",5
2.18043256952348E+018,"7 : 0.864873, 7 : 0.063739605, 2 : 0.018984094",5
2.18002061646853E+018,"13 : 0.085601486, 13 : 0.08104049, 9 : 0.046492964",5
2.18376844534749E+018,"1 : 0.9909787, 6 : 0.00013628101, 2 : 0.0001276864",5
2.18364336594292E+018,"11 : 0.657046, 1 : 0.16083972, 11 : 0.05155008",5
2.18347480967395E+018,"2 : 0.4271101, 2 : 0.30213624, 12 : 0.026133103",5
2.18302407716638E+018,"2 : 0.12335013, 12 : 0.06193255, 11 : 0.056768797",5
2.18294555437653E+018,"11 : 0.6666279, 1 : 0.10082166, 11 : 0.05343253",5
2.18232704436511E+018,"3 : 0.36489776, 7 : 0.34110212, 7 : 0.0339508",5
2.18205015752165E+018,"11 : 0.65608025, 2 : 0.16595364, 3 : 0.039920345",5
2.18090685706526E+018,"1 : 0.40892357, 3 : 0.18370596, 11 : 0.056964237",5
2.18062970098862E+018,"1 : 0.98629516, 1 : 0.0024827553, 1 : 0.0011526819",5
2.18003910915476E+018,"3 : 0.29444885, 2 : 0.12673245, 11 : 0.083825774",5
2.17982093323034E+018,"11 : 0.39262334, 2 : 0.26017338, 13 : 0.10675428",5
2.17936090958251E+018,"2 : 0.69415915, 9 : 0.044383604, 3 : 0.020084264",5
2.17916575818246E+018,"2 : 0.24166773, 2 : 0.062224656, 4 : 0.03214747",5
2.17900844506413E+018,"13 : 0.34103853, 13 : 0.29392475, 11 : 0.06355544",5
2.1785603166994E+018,"1 : 0.8984968, 1 : 0.0052638366, 1 : 0.003681538",5
2.17842024201846E+018,"5 : 0.24937044, 9 : 0.24181928, 4 : 0.10315875",5
2.17775002419358E+018,"4 : 0.795595, 6 : 0.08659681, 9 : 0.02593812",5
2.1771503946385E+018,"11 : 0.485128, 1 : 0.33930758, 9 : 0.07221929",5
2.17696909927943E+018,"3 : 0.69664, 7 : 0.084471814, 7 : 0.0640928",5
2.1764536398377E+018,"11 : 0.5194265, 2 : 0.12417451, 8 : 0.0290665",5
2.17625662543359E+018,"11 : 0.33384833, 11 : 0.17364858, 1 : 0.055407286",5
2.17569831138748E+018,"1 : 0.6948365, 1 : 0.15629104, 11 : 0.02412659",5
2.17498060091887E+018,"5 : 0.2339278, 8 : 0.107842766, 6 : 0.06026352",5
2.17481400366721E+018,"1 : 0.26284462, 11 : 0.14403741, 11 : 0.1132855",5
2.17425639433802E+018,"1 : 0.23558375, 3 : 0.12221772, 1 : 0.066671364",5
2.17418498757069E+018,"1 : 0.6937121, 7 : 0.12209147, 1 : 0.03001431",5
2.17408899330662E+018,"5 : 0.2627561, 2 : 0.124501064, 7 : 0.08033089",5
2.17367074547201E+018,"1 : 0.8406622, 11 : 0.02431575, 1 : 0.0110606905",5
2.17350813189733E+018,"11 : 0.45416364, 2 : 0.17564091, 11 : 0.07503508",5
2.17344044686776E+018,"3 : 0.16720866, 8 : 0.110429406, 12 : 0.08086985",5
2.17337743161288E+018,"1 : 0.77549565, 1 : 0.03842243, 1 : 0.00950545",5
2.17290870017923E+018,"1 : 0.9878748, 1 : 0.0011532009, 11 : 0.0008138107",5
2.17260234220198E+018,"9 : 0.4586634, 1 : 0.20418662, 1 : 0.09347078",5
2.17215433743339E+018,"2 : 0.61046034, 2 : 0.24280398, 4 : 0.09185036",5
2.17181088038467E+018,"9 : 0.90746254, 1 : 0.0075896205, 7 : 0.0028631499",5
2.17119322349464E+018,"2 : 0.42137614, 2 : 0.33194965, 11 : 0.0204727",5
2.17070123459582E+018,"11 : 0.5592144, 2 : 0.31834677, 11 : 0.017960863",5
2.17049383363781E+018,"1 : 0.86148894, 1 : 0.014042681, 2 : 0.0135904765",5
2.16998555039681E+018,"11 : 0.1875738, 13 : 0.11188399, 13 : 0.091525696",5
2.1697893569787E+018,"13 : 0.31206593, 1 : 0.16495508, 2 : 0.020028338",5
2.16972787944372E+018,"11 : 0.5895054, 11 : 0.072727196, 2 : 0.06488224",5
2.16932166351111E+018,"1 : 0.97095317, 7 : 0.02266352, 7 : 0.0009755698",5
2.16925858757868E+018,"7 : 0.29762152, 7 : 0.07233479, 3 : 0.041146807",5
2.16921244130208E+018,"1 : 0.73634493, 2 : 0.03430385, 13 : 0.012312244",5
2.16917064239247E+018,"3 : 0.40414858, 12 : 0.30365378, 1 : 0.09777249",5
2.1691294224686E+018,"1 : 0.9001969, 8 : 0.015315589, 11 : 0.0076429173",5
2.16910928206744E+018,"11 : 0.23865192, 1 : 0.15024146, 13 : 0.10807857",5
2.16904963965018E+018,"2 : 0.14146334, 11 : 0.13470125, 1 : 0.108221054",5
2.16897625282076E+018,"3 : 0.8732871, 12 : 0.024136523, 1 : 0.014216409",5
2.16890333002071E+018,"1 : 0.9435105, 1 : 0.0034825294, 9 : 0.002603046",5
2.16859522092142E+018,"1 : 0.3471635, 3 : 0.21047758, 12 : 0.044414558",5
2.16839266704265E+018,"2 : 0.16386884, 4 : 0.11163625, 11 : 0.088144355",5
2.1683271559718E+018,"1 : 0.16108724, 10 : 0.064956985, 1 : 0.06341984",5
2.16825220681278E+018,"1 : 0.101317875, 1 : 0.0716994, 1 : 0.062490534",5
2.1681465900202E+018,"2 : 0.34444246, 4 : 0.078163505, 10 : 0.06370439",5
2.16769845036409E+018,"11 : 0.31029862, 1 : 0.24791217, 1 : 0.23251677",5
2.16757910636829E+018,"7 : 0.66200656, 3 : 0.02485373, 7 : 0.022483548",5
2.1673987494321E+018,"11 : 0.19872762, 2 : 0.17737697, 11 : 0.10374971",5
2.16701327398632E+018,"2 : 0.43317372, 11 : 0.2035145, 9 : 0.041856702",5
2.16683995759386E+018,"1 : 0.92820346, 11 : 0.0056100376, 1 : 0.00232182",5
2.16677837623593E+018,"10 : 0.5566157, 10 : 0.3141893, 10 : 0.09163298",5
2.16639482830957E+018,"11 : 0.3077808, 1 : 0.14430784, 13 : 0.12672104",5
2.16604173488739E+018,"10 : 0.9932539, 2 : 0.00017175428, 11 : 0.000113899914",5
2.16558813388699E+018,"10 : 0.33447316, 10 : 0.26315928, 4 : 0.11009651",5
2.16539188095828E+018,"1 : 0.91751635, 11 : 0.010783645, 11 : 0.010491179",5
2.16454472753442E+018,"10 : 0.73749155, 10 : 0.10861447, 13 : 0.007735068",5
2.16411567740424E+018,"11 : 0.38053036, 11 : 0.17622691, 1 : 0.040419128",5
2.16396620298101E+018,"3 : 0.28035143, 1 : 0.10824928, 11 : 0.06032834",5
2.16384125289484E+018,"13 : 0.36018032, 7 : 0.09163538, 7 : 0.087146975",5
2.16340273747882E+018,"1 : 0.37500206, 8 : 0.30085802, 11 : 0.02058911",5
2.16328107179298E+018,"7 : 0.20379159, 7 : 0.12827222, 2 : 0.07534075",5
2.16312883010186E+018,"1 : 0.916448, 1 : 0.0063823345, 11 : 0.002243564",5
2.16266976413301E+018,"3 : 0.7799045, 12 : 0.056513794, 11 : 0.01653213",5
2.16244563056043E+018,"11 : 0.20810552, 2 : 0.18161787, 11 : 0.046439514",5
2.16192798253759E+018,"3 : 0.461797, 1 : 0.053097006, 1 : 0.03462452",5
2.16177662693348E+018,"9 : 0.97880656, 14 : 0.0037317025, 13 : 0.0012245885",5
2.16126115681212E+018,"11 : 0.18180926, 1 : 0.17511517, 1 : 0.1698305",5
2.16114623774793E+018,"2 : 0.30461162, 4 : 0.23719591, 2 : 0.21116821",5
2.16086379409659E+018,"9 : 0.26650333, 12 : 0.23566997, 11 : 0.09223901",5
2.16051869191257E+018,"9 : 0.43332735, 1 : 0.2044835, 11 : 0.060222164",5
2.16031761479775E+018,"1 : 0.29863957, 10 : 0.057963807, 13 : 0.038677227",5
2.15977760731961E+018,"1 : 0.10229619, 1 : 0.05994052, 2 : 0.054534946",5
2.15924171219498E+018,"1 : 0.4841428, 11 : 0.1354547, 1 : 0.023755338",5
2.15897238131257E+018,"11 : 0.86532557, 13 : 0.021402812, 13 : 0.011367224",5
2.15883656871926E+018,"9 : 0.8500892, 2 : 0.10208413, 2 : 0.026355363",5
2.15863685825095E+018,"11 : 0.5121226, 11 : 0.123710364, 11 : 0.05777925",5
2.1580825703558E+018,"11 : 0.5261897, 1 : 0.40695703, 9 : 0.0076498473",5
2.15798598368873E+018,"1 : 0.91827756, 11 : 0.0067966473, 1 : 0.0012706313",5
2.15748757166031E+018,"1 : 0.2544642, 1 : 0.12004201, 11 : 0.082432054",5
2.15694521194589E+018,"1 : 0.7473744, 1 : 0.031244671, 11 : 0.027214909",5
2.15661074805546E+018,"2 : 0.5370408, 2 : 0.41824862, 1 : 0.0020695252",5
2.15614586595437E+018,"11 : 0.30345777, 2 : 0.1985111, 11 : 0.19806832",5
2.15590292008756E+018,"9 : 0.7372392, 5 : 0.17960091, 5 : 0.0034121238",5
2.15532227394771E+018,"11 : 0.1565366, 1 : 0.15457146, 1 : 0.0848284",5
2.15471765768593E+018,"1 : 0.94589657, 7 : 0.0038203627, 7 : 0.0018685167",5
2.15406932747371E+018,"2 : 0.48967314, 2 : 0.3759205, 7 : 0.017755466",5
2.15386079885075E+018,"9 : 0.9809157, 2 : 0.00067779777, 13 : 0.0005785143",5
2.15369213150874E+018,"7 : 0.59873164, 7 : 0.22205317, 11 : 0.026869742",5
2.15327781408288E+018,"1 : 0.922646, 1 : 0.008272024, 8 : 0.0013010442",5
2.15314118619019E+018,"1 : 0.36128685, 11 : 0.1779754, 11 : 0.13599318",5
2.15305126289606E+018,"11 : 0.6638105, 1 : 0.14326134, 13 : 0.016735192",5
2.15292895119538E+018,"11 : 0.115783766, 13 : 0.10006408, 13 : 0.09332714",5
2.15240035504079E+018,"4 : 0.7351558, 1 : 0.20311733, 9 : 0.007834126",5
2.15182026261446E+018,"1 : 0.9602385, 1 : 0.010015337, 11 : 0.0033005949",5
2.15156546599468E+018,"11 : 0.4598957, 1 : 0.1048552, 11 : 0.08442493",5
2.15104857358516E+018,"1 : 0.48093086, 5 : 0.100637026, 5 : 0.09711184",5
2.15080302699939E+018,"2 : 0.28441072, 9 : 0.13658948, 11 : 0.0948796",5
2.15029851144166E+018,"1 : 0.799069, 11 : 0.15293726, 1 : 0.00343404",5
2.14965806696554E+018,"4 : 0.3160985, 12 : 0.13686256, 9 : 0.047307167",5
2.14943806021153E+018,"2 : 0.64019734, 4 : 0.08119407, 3 : 0.027128259",5
2.14897570743539E+018,"14 : 0.88601995, 7 : 0.047704905, 2 : 0.021994056",5
2.14889073175881E+018,"9 : 0.92444706, 2 : 0.02331295, 11 : 0.010304167",5
2.14879010715992E+018,"11 : 0.56908333, 2 : 0.19137551, 2 : 0.03172648",5
2.14870523850541E+018,"11 : 0.48075926, 2 : 0.13849999, 8 : 0.02505611",5
2.14817410186112E+018,"11 : 0.56316864, 1 : 0.28860724, 1 : 0.045900267",5
2.14798309645325E+018,"3 : 0.33825207, 1 : 0.07710525, 9 : 0.06646181",5
2.14739045089275E+018,"11 : 0.84549284, 1 : 0.08305929, 1 : 0.013043367",5
2.14714664413992E+018,"2 : 0.2014041, 2 : 0.076628454, 12 : 0.07052407",5
2.14667329432625E+018,"1 : 0.581569, 1 : 0.2937077, 1 : 0.02813966",5
2.14644423013709E+018,"9 : 0.29146525, 13 : 0.036653463, 9 : 0.030940566",5
2.1459673711863E+018,"1 : 0.7755189, 11 : 0.053049862, 1 : 0.030725531",5
2.14536995556319E+018,"3 : 0.5045907, 10 : 0.14995822, 9 : 0.02517225",5
2.1451091741078E+018,"2 : 0.72032565, 11 : 0.109380215, 1 : 0.018340122",5
2.1445587267104E+018,"12 : 0.26136273, 5 : 0.1489447, 2 : 0.03686287",5
2.14417110216346E+018,"10 : 0.13715044, 13 : 0.13493851, 13 : 0.08093431",5
2.14378128536046E+018,"7 : 0.3670056, 7 : 0.05929409, 2 : 0.056521464",5
2.14360494193218E+018,"11 : 0.39639232, 1 : 0.3097821, 2 : 0.033705495",5
2.14351892137079E+018,"1 : 0.9738705, 11 : 0.0142682595, 1 : 0.0025218406",5
2.14315277756344E+018,"11 : 0.20134911, 4 : 0.1115035, 9 : 0.10162283",5
2.14310467007928E+018,"12 : 0.27824402, 7 : 0.07187343, 8 : 0.046426903",5
2.14308405769374E+018,"9 : 0.089689314, 8 : 0.036555897, 9 : 0.030961158",5
2.14291292544152E+018,"2 : 0.33363238, 11 : 0.21948768, 1 : 0.07114253",5
2.14231517287334E+018,"7 : 0.14869078, 7 : 0.09599127, 7 : 0.08204404",5
2.14223625606991E+018,"2 : 0.103562355, 12 : 0.050427034, 2 : 0.043537743",5
2.14207319928256E+018,"1 : 0.86247563, 1 : 0.0048695356, 1 : 0.004252525",5
2.14154468589884E+018,"1 : 0.71620184, 1 : 0.19117658, 11 : 0.047206976",5
2.14087165496072E+018,"11 : 0.5734438, 1 : 0.20892599, 1 : 0.112871364",5
2.14030308352425E+018,"1 : 0.87600994, 1 : 0.011674063, 1 : 0.0012649393",5
2.13982679746932E+018,"1 : 0.39215416, 2 : 0.22667201, 8 : 0.028502204",5
2.13930967360255E+018,"3 : 0.8224419, 11 : 0.03161746, 12 : 0.02081533",5
2.13875259112813E+018,"1 : 0.8736246, 11 : 0.007349651, 1 : 0.006543333",5
2.13853970101644E+018,"7 : 0.11437982, 12 : 0.112872735, 3 : 0.08891724",5
2.13842904447195E+018,"9 : 0.39306414, 1 : 0.29051554, 5 : 0.113956794",5
2.13792090805561E+018,"2 : 0.6424081, 2 : 0.20293973, 2 : 0.009266228",5
2.13769979838453E+018,"9 : 0.2420678, 9 : 0.14241742, 9 : 0.06723298",5
2.13699496639949E+018,"11 : 0.5350088, 11 : 0.13158102, 11 : 0.12707433",5
2.1364109785403E+018,"3 : 0.167052, 11 : 0.12814583, 1 : 0.07363798",5
2.13580380792915E+018,"7 : 0.40525284, 10 : 0.21547133, 11 : 0.10122996",5
2.13512751048306E+018,"1 : 0.8505897, 1 : 0.055791624, 11 : 0.012758066",5
2.13375430201616E+018,"4 : 0.21715578, 11 : 0.19746387, 2 : 0.13269778",5
2.133477578597E+018,"13 : 0.10655317, 13 : 0.035284314, 1 : 0.03469879",5
2.1329706281234E+018,"3 : 0.5483066, 1 : 0.17482065, 12 : 0.0503984",5
2.13274028155306E+018,"3 : 0.16431786, 11 : 0.11395221, 11 : 0.09650518",5
2.13217907166534E+018,"11 : 0.7482461, 10 : 0.10370763, 7 : 0.011173869",5
2.13142419179341E+018,"11 : 0.3497055, 1 : 0.17355955, 1 : 0.10140921",5
2.13113788219365E+018,"12 : 0.4135708, 3 : 0.16943356, 1 : 0.030780083",5
2.13049960102383E+018,"1 : 0.34470984, 11 : 0.10799395, 2 : 0.10429627",5
2.12981787562661E+018,"3 : 0.43343803, 12 : 0.16111343, 1 : 0.08590798",5
2.12909318255897E+018,"3 : 0.5655389, 12 : 0.2716644, 1 : 0.008113186",5
2.12855349427409E+018,"13 : 0.2483281, 1 : 0.13240199, 13 : 0.071160495",5
2.12837169855099E+018,"3 : 0.4506064, 12 : 0.29586104, 1 : 0.020184224",5
2.1276511097737E+018,"7 : 0.8451943, 7 : 0.008500556, 7 : 0.006959257",5
2.12692439827877E+018,"11 : 0.47419, 2 : 0.10165757, 11 : 0.08649126",5
2.12622538244622E+018,"13 : 0.14975588, 5 : 0.09928191, 11 : 0.072663285",5
2.12548278949624E+018,"13 : 0.8657065, 1 : 0.05029318, 11 : 0.006072724",5
2.1248851468935E+018,"13 : 0.813004, 1 : 0.05063483, 11 : 0.008845584",5
2.12403512671223E+018,"7 : 0.23420732, 2 : 0.15317978, 2 : 0.0826603",5
2.12331144003193E+018,"1 : 0.9241533, 9 : 0.0038187602, 11 : 0.002487708",5
2.12268735611808E+018,"7 : 0.9805619, 7 : 0.012726935, 13 : 0.00075788173",5
2.12141576223827E+018,"1 : 0.41014704, 13 : 0.3442408, 11 : 0.020348413",5
2.12123658821365E+018,"7 : 0.24747545, 11 : 0.22425023, 7 : 0.07994008",5
2.1209913631482E+018,"1 : 0.84013814, 11 : 0.003407557, 9 : 0.0030246873",5
2.11977708482562E+018,"1 : 0.34052342, 11 : 0.17539403, 2 : 0.038633656",5
2.11891148647775E+018,"1 : 0.23661374, 7 : 0.070256494, 11 : 0.046232425",5
2.11837466915427E+018,"1 : 0.7657851, 11 : 0.06177012, 1 : 0.011213603",5
2.1179038148089E+018,"1 : 0.92784435, 11 : 0.022430804, 1 : 0.010131136",5
2.11751320229731E+018,"2 : 0.5242186, 9 : 0.1015216, 11 : 0.08332148",5
2.11673248513721E+018,"11 : 0.47373667, 2 : 0.15081444, 2 : 0.09847232",5
2.11540204412366E+018,"2 : 0.46694162, 4 : 0.17471927, 2 : 0.064333804",5
2.11478880660229E+018,"1 : 0.1448479, 13 : 0.047744453, 2 : 0.04460321",5
2.11400321859703E+018,"3 : 0.25735897, 1 : 0.20491275, 11 : 0.041494396",5
2.11337138600205E+018,"1 : 0.47576022, 11 : 0.3227094, 1 : 0.07436834",5
2.11270500577046E+018,"11 : 0.2603082, 11 : 0.18723163, 1 : 0.18172225",5
2.11231007850951E+018,"11 : 0.17734289, 4 : 0.11545691, 1 : 0.05541112",5
2.21051162123636E+018,"8 : 0.87002647, 8 : 0.02847525, 8 : 0.010068277",5
2.21033160056565E+018,"11 : 0.734682, 1 : 0.08075874, 11 : 0.019698976",5
2.20990918387114E+018,"1 : 0.10168919, 9 : 0.05289828, 8 : 0.034888003",5
2.20974980746818E+018,"11 : 0.2560373, 13 : 0.07973419, 7 : 0.03955576",5
2.20919859167417E+018,"2 : 0.34056726, 4 : 0.14545046, 1 : 0.10425667",5
2.20907250382621E+018,"1 : 0.41464546, 6 : 0.21742617, 1 : 0.036888722",5
2.20839700105632E+018,"11 : 0.37526518, 1 : 0.14190264, 2 : 0.057972685",5
2.20822830825785E+018,"13 : 0.5214522, 3 : 0.105363205, 7 : 0.034083728",5
2.20821098185591E+018,"2 : 0.12213284, 7 : 0.088755585, 7 : 0.05513956",5
2.20769091153056E+018,"1 : 0.91523755, 1 : 0.030438358, 1 : 0.0096201515",5
2.20759426300546E+018,"7 : 0.24835184, 13 : 0.19190447, 1 : 0.16827998",5
2.20753873995687E+018,"10 : 0.12497896, 10 : 0.08383672, 9 : 0.04792404",5
2.20743079877332E+018,"10 : 0.744802, 7 : 0.15201604, 7 : 0.050193723",5
2.20628806269528E+018,"10 : 0.1760612, 7 : 0.16028644, 7 : 0.11981681",5
2.20543380430336E+018,"7 : 0.3544527, 6 : 0.105428025, 7 : 0.10392764",5
2.20539896085122E+018,"11 : 0.056385227, 12 : 0.054650772, 12 : 0.037715092",5
2.2053217804166E+018,"8 : 0.270026, 11 : 0.20599681, 2 : 0.082807615",5
2.20519509773054E+018,"2 : 0.1285543, 12 : 0.1225006, 7 : 0.042407386",5
2.20454411545911E+018,"7 : 0.43750906, 7 : 0.11244052, 7 : 0.11173229",5
2.20450521320419E+018,"1 : 0.90928227, 1 : 0.004431788, 1 : 0.0011471959",5
2.2039510191471E+018,"1 : 0.8713881, 1 : 0.0045850812, 6 : 0.0015531661",5
2.20318289135839E+018,"3 : 0.98503333, 10 : 0.001976853, 13 : 0.00092603464",5
2.20251161542422E+018,"10 : 0.3848539, 8 : 0.16622834, 2 : 0.0640377",5
2.20218727379822E+018,"6 : 0.249444, 10 : 0.051264994, 13 : 0.037671242",5
2.20153858608709E+018,"1 : 0.6967097, 11 : 0.09577539, 11 : 0.048656475",5
2.20114568250404E+018,"7 : 0.7398006, 2 : 0.025665995, 2 : 0.015194314",5
2.20026527286349E+018,"13 : 0.5063886, 13 : 0.21339853, 12 : 0.012986995",5
2.19967683214462E+018,"1 : 0.6972339, 1 : 0.12171206, 11 : 0.017390516",5
2.19964027141976E+018,"2 : 0.74487865, 9 : 0.040503293, 11 : 0.03041997",5
2.19947016026306E+018,"4 : 0.23119402, 7 : 0.119169414, 1 : 0.044528827",5
2.19731861385413E+018,"2 : 0.06818058, 2 : 0.060638003, 7 : 0.05638871",6
2.19652837541432E+018,"3 : 0.6888951, 3 : 0.102354154, 3 : 0.03315092",6
2.18857222268833E+018,"2 : 0.05422949, 7 : 0.029902665, 2 : 0.028571762",6
2.18737743945919E+018,"3 : 0.63810724, 3 : 0.01781321, 3 : 0.015709072",6
2.17508772660542E+018,"3 : 0.3141992, 2 : 0.09280584, 7 : 0.06242477",6
2.16272533808009E+018,"3 : 0.34780884, 5 : 0.1441629, 3 : 0.0623757",6
2.16025180721813E+018,"3 : 0.11616994, 3 : 0.09991842, 3 : 0.09216537",6
2.15881201232551E+018,"3 : 0.7701928, 3 : 0.014258165, 3 : 0.012836327",6
2.1581797037863E+018,"3 : 0.8486786, 3 : 0.05774438, 3 : 0.0100242775",6
2.15661815642105E+018,"7 : 0.3260852, 7 : 0.08990763, 7 : 0.07440253",6
2.1530463774632E+018,"3 : 0.69960505, 3 : 0.0907403, 6 : 0.03157422",6
2.15301794833651E+018,"3 : 0.50990355, 3 : 0.079058446, 3 : 0.03889614",6
2.14229063759526E+018,"6 : 0.6269535, 3 : 0.095785335, 3 : 0.050091337",6
2.13779194928181E+018,"3 : 0.8119476, 3 : 0.04248499, 3 : 0.033366922",6
2.13590118085397E+018,"3 : 0.25286353, 3 : 0.07635282, 3 : 0.07619414",6
2.13203340644635E+018,"3 : 0.5979774, 3 : 0.057204247, 3 : 0.020388626",6
2.12793443299576E+018,"2 : 0.107288375, 13 : 0.07473596, 13 : 0.0719909",6
2.12401681671297E+018,"3 : 0.06429096, 3 : 0.057821047, 3 : 0.036141448",6
2.11663987201756E+018,"11 : 0.44425583, 1 : 0.10501925, 9 : 0.072219506",6
2.10319607115392E+018,"3 : 0.3243353, 3 : 0.062135816, 3 : 0.044308472",6
2.10253887365448E+018,"3 : 0.28490886, 3 : 0.08102466, 10 : 0.062630266",6
2.09872820984055E+018,"13 : 0.08331213, 13 : 0.066900164, 4 : 0.04132417",6
2.086622756082E+018,"2 : 0.6486042, 3 : 0.08366952, 12 : 0.061801687",6
2.08516804456034E+018,"3 : 0.40067065, 3 : 0.1607936, 3 : 0.06400092",6
2.08368229328473E+018,"3 : 0.25200588, 3 : 0.10591862, 3 : 0.09150994",6
2.0827562734908E+018,"3 : 0.27870625, 3 : 0.19867802, 3 : 0.085996784",6
2.07427678968699E+018,"3 : 0.3701354, 3 : 0.085028335, 3 : 0.029627481",6
2.07425429929203E+018,"3 : 0.4208753, 3 : 0.17074834, 3 : 0.033721566",6
2.0742375748068E+018,"3 : 0.67183423, 3 : 0.042056408, 3 : 0.03156471",6
2.06245363872864E+018,"3 : 0.48786175, 3 : 0.21518603, 3 : 0.13586201",6
2.06197033779296E+018,"3 : 0.47265285, 7 : 0.11394378, 7 : 0.07870391",6
2.05733877494327E+018,"3 : 0.20000963, 3 : 0.077109076, 3 : 0.06360088",6
2.05179619420607E+018,"3 : 0.10252494, 3 : 0.09449667, 3 : 0.090140164",6
2.05110766007131E+018,"3 : 0.80104876, 3 : 0.049809095, 3 : 0.02062641",6
2.04384333360429E+018,"13 : 0.19904616, 13 : 0.08536627, 9 : 0.056026813",6
2.03657123397943E+018,"9 : 0.5261782, 11 : 0.048262842, 11 : 0.042092808",6
2.0350906128823E+018,"3 : 0.3751182, 3 : 0.10132322, 3 : 0.0982284",6
2.02054984873166E+018,"5 : 0.3816198, 6 : 0.1937432, 5 : 0.08376434",6
2.01705862013221E+018,"3 : 0.16912535, 3 : 0.15977816, 3 : 0.13418598",6
2.01625741383047E+018,"3 : 0.14722951, 3 : 0.12860785, 3 : 0.08426289",6
2.01606344153777E+018,"2 : 0.32061484, 7 : 0.040444028, 3 : 0.03841708",6
2.01334866690911E+018,"6 : 0.18097474, 3 : 0.16172753, 3 : 0.14104351",6
2.01120271111078E+018,"3 : 0.6526427, 3 : 0.060300123, 3 : 0.03983894",6
2.00957073225404E+018,"3 : 0.41208738, 3 : 0.0987547, 6 : 0.040537655",6
2.0069481651939E+018,"7 : 0.050827526, 4 : 0.036908034, 13 : 0.031627443",6
2.0030608167959E+018,"3 : 0.12964189, 3 : 0.11401313, 7 : 0.08576331",6
2.00225661816024E+018,"12 : 0.7478124, 12 : 0.1575186, 2 : 0.03086258",6
2.00167819347326E+018,"6 : 0.2160677, 3 : 0.15698504, 3 : 0.136827",6
1.99578982599251E+018,"3 : 0.8894527, 3 : 0.014405712, 3 : 0.009801354",6
1.99577400153616E+018,"3 : 0.48889256, 3 : 0.24193583, 3 : 0.049350858",6
1.99099927144449E+018,"7 : 0.48994467, 7 : 0.14777653, 7 : 0.08546347",6
1.98720773407779E+018,"3 : 0.8693961, 3 : 0.022935702, 3 : 0.01879734",6
1.98420746535413E+018,"3 : 0.20506905, 3 : 0.19199033, 3 : 0.07811932",6
1.97832896494004E+018,"3 : 0.5031686, 3 : 0.19787599, 3 : 0.05669769",6
1.9656756252644E+018,"3 : 0.24790068, 6 : 0.06460609, 3 : 0.04801779",6
1.96102247386214E+018,"3 : 0.2273968, 3 : 0.10727603, 3 : 0.105956584",6
1.95320270955885E+018,"3 : 0.8988207, 6 : 0.022759255, 6 : 0.006200783",6
1.95249228861552E+018,"3 : 0.7139329, 6 : 0.04144852, 3 : 0.024927141",6
1.94575904898093E+018,"3 : 0.42199105, 3 : 0.14816938, 3 : 0.07024674",6
1.94358730724007E+018,"3 : 0.9098226, 2 : 0.020908413, 3 : 0.009675761",6
1.94155524353319E+018,"3 : 0.5315552, 3 : 0.15801038, 3 : 0.049645647",6
1.9400960015674E+018,"3 : 0.29757997, 3 : 0.09286405, 3 : 0.057453137",6
1.93940831767765E+018,"3 : 0.57851154, 3 : 0.15061864, 3 : 0.016773017",6
1.93345010238532E+018,"5 : 0.27785307, 2 : 0.047591686, 2 : 0.04082429",6
1.93066676844115E+018,"3 : 0.33132252, 3 : 0.09882138, 3 : 0.08516783",6
1.93054411332586E+018,"3 : 0.31913972, 3 : 0.14851569, 3 : 0.0551087",6
1.92500706742714E+018,"6 : 0.54099023, 6 : 0.037251383, 3 : 0.026890546",6
1.92478873134643E+018,"4 : 0.5786244, 7 : 0.11176687, 7 : 0.050133802",6
1.92212359823372E+018,"3 : 0.8639463, 3 : 0.029992988, 3 : 0.026337944",6
1.92132277852778E+018,"3 : 0.29792985, 3 : 0.20241027, 3 : 0.11656463",6
1.91608257446198E+018,"3 : 0.9702444, 3 : 0.011759993, 3 : 0.002484562",6
1.91538184975847E+018,"2 : 0.051239, 2 : 0.050122887, 13 : 0.038402706",6
1.90956843562976E+018,"2 : 0.2916612, 3 : 0.041015662, 2 : 0.023644853",6
1.89968406849393E+018,"3 : 0.4271143, 6 : 0.11124074, 3 : 0.08296323",6
1.89735725606206E+018,"11 : 0.7832323, 1 : 0.12293116, 1 : 0.03621731",6
1.89139079517938E+018,"3 : 0.33091113, 3 : 0.09555194, 3 : 0.046047293",6
1.89092124280338E+018,"2 : 0.3672586, 11 : 0.24976906, 11 : 0.09924554",6
1.88953744165441E+018,"3 : 0.8233637, 6 : 0.01305727, 3 : 0.011810049",6
1.88861950763708E+018,"13 : 0.12873366, 13 : 0.08901809, 7 : 0.04476576",6
1.88285601059187E+018,"3 : 0.27684924, 7 : 0.17644931, 7 : 0.09208316",6
1.88267478846487E+018,"3 : 0.8430343, 3 : 0.019928062, 3 : 0.01584165",6
1.87309308871526E+018,"13 : 0.59331906, 3 : 0.05658062, 7 : 0.038205545",6
1.87270809989133E+018,"2 : 0.7556407, 10 : 0.119610704, 3 : 0.08071059",6
1.87205250489456E+018,"3 : 0.22416721, 7 : 0.12851472, 3 : 0.109683454",6
1.86381622974454E+018,"3 : 0.31676304, 3 : 0.16008426, 3 : 0.083789445",6
1.8616584020366E+018,"6 : 0.35591352, 12 : 0.30978975, 13 : 0.032854646",6
1.85661614140214E+018,"3 : 0.27879286, 2 : 0.2399067, 3 : 0.22819713",6
1.85103635711395E+018,"2 : 0.4233133, 3 : 0.06114374, 2 : 0.04133653",6
1.84671860341383E+018,"3 : 0.1578591, 2 : 0.10147119, 7 : 0.03781574",6
1.84270476677452E+018,"3 : 0.08025882, 7 : 0.061576046, 7 : 0.030438462",6
1.84197744511755E+018,"5 : 0.1649514, 3 : 0.10207561, 6 : 0.088180915",6
1.83800270828523E+018,"3 : 0.60076165, 7 : 0.040708456, 3 : 0.023221008",6
1.83069502077746E+018,"5 : 0.21167216, 3 : 0.11044828, 6 : 0.067363225",6
1.82941749402288E+018,"3 : 0.38188896, 3 : 0.17043854, 3 : 0.06323846",6
1.82688528733556E+018,"8 : 0.12275265, 2 : 0.0655552, 8 : 0.030120859",6
1.82494347381001E+018,"3 : 0.47533956, 3 : 0.08434716, 5 : 0.049028024",6
1.82427264820235E+018,"3 : 0.20652066, 3 : 0.08962143, 3 : 0.086142115",6
1.82268725131246E+018,"3 : 0.5319559, 3 : 0.0843291, 3 : 0.0680246",6
1.81974241962718E+018,"3 : 0.3788805, 3 : 0.1902726, 3 : 0.066616006",6
1.81974209213582E+018,"3 : 0.69417316, 3 : 0.0914904, 3 : 0.029071167",6
1.81974075911056E+018,"3 : 0.9014242, 12 : 0.026299333, 2 : 0.008971104",6
1.81974045911711E+018,"2 : 0.2620713, 13 : 0.08867001, 4 : 0.04980036",6
1.81973984579245E+018,"12 : 0.42804945, 10 : 0.14205384, 3 : 0.06807451",6
1.81973957395129E+018,"3 : 0.11163907, 12 : 0.081024155, 2 : 0.069972396",6
1.8197392240875E+018,"3 : 0.24576467, 2 : 0.14058036, 3 : 0.1223997",6
1.81891687164915E+018,"3 : 0.7912153, 6 : 0.029323407, 3 : 0.02566845",6
1.81840335536838E+018,"13 : 0.1329089, 3 : 0.08499722, 13 : 0.06447501",6
1.81610200080882E+018,"3 : 0.46199375, 3 : 0.07112704, 3 : 0.033700693",6
1.80975605205112E+018,"3 : 0.39204848, 3 : 0.1388, 6 : 0.08463246",6
1.80873792955035E+018,"3 : 0.34568676, 5 : 0.16193609, 3 : 0.041030478",6
1.80512927941237E+018,"3 : 0.5395783, 3 : 0.09173024, 3 : 0.03771294",6
1.80452169941495E+018,"3 : 0.2733597, 3 : 0.15245673, 3 : 0.06695419",6
1.8025507526299E+018,"3 : 0.1098893, 6 : 0.08662195, 3 : 0.07182078",6
1.79804651715453E+018,"13 : 0.3516747, 7 : 0.08364637, 7 : 0.053116057",6
1.7972844223667E+018,"6 : 0.22540176, 6 : 0.1690705, 6 : 0.1153668",6
1.79516433970589E+018,"9 : 0.36382347, 13 : 0.09716163, 3 : 0.035907555",6
1.79048150979244E+018,"13 : 0.93325365, 13 : 0.00517426, 13 : 0.0033266726",6
1.78847737181938E+018,"3 : 0.44401684, 12 : 0.06362914, 3 : 0.035999335",6
1.78335253976732E+018,"7 : 0.170699, 3 : 0.050281946, 3 : 0.04331715",6
1.7812658628471E+018,"7 : 0.34951994, 7 : 0.30341, 7 : 0.11865059",6
1.78109581361617E+018,"3 : 0.1631091, 3 : 0.11821405, 3 : 0.08725461",6
1.7807222554721E+018,"2 : 0.09135903, 3 : 0.08497645, 3 : 0.059859283",6
1.7804743973131E+018,"2 : 0.64450204, 10 : 0.016640665, 13 : 0.011461638",6
1.77485779256225E+018,"3 : 0.61323917, 3 : 0.29363605, 3 : 0.008303683",6
1.76962915463363E+018,"3 : 0.5571284, 3 : 0.043335613, 3 : 0.026631428",6
1.76886421853214E+018,"3 : 0.33687234, 6 : 0.097339384, 3 : 0.06519887",6
1.76404554174001E+018,"13 : 0.15639324, 13 : 0.13330972, 13 : 0.082867794",6
1.76238631203949E+018,"3 : 0.586138, 3 : 0.1133147, 3 : 0.10931707",6
1.76181224106493E+018,"5 : 0.17353432, 6 : 0.13220094, 6 : 0.13121006",6
1.75462885639531E+018,"3 : 0.09780786, 3 : 0.08017078, 3 : 0.03366776",6
1.75007413292477E+018,"3 : 0.42132992, 3 : 0.029668486, 3 : 0.02563742",6
1.74424203195622E+018,"2 : 0.9701512, 6 : 0.004199855, 6 : 0.003537439",6
1.73799083364018E+018,"5 : 0.34169447, 5 : 0.11500372, 3 : 0.0871109",6
1.73796000485179E+018,"3 : 0.89225674, 3 : 0.016983492, 12 : 0.015778102",6
1.73221483892881E+018,"6 : 0.3629242, 2 : 0.29552302, 14 : 0.023311684",6
1.72793192502396E+018,"3 : 0.9714801, 3 : 0.0056915847, 3 : 0.0021701907",6
1.72687383724029E+018,"3 : 0.27370414, 3 : 0.20788811, 3 : 0.12597656",6
1.72567374836583E+018,"3 : 0.40559733, 3 : 0.032155614, 7 : 0.030017696",6
1.72567193565399E+018,"13 : 0.8506052, 13 : 0.053354103, 3 : 0.047092535",6
1.72361650940546E+018,"1 : 0.1705352, 6 : 0.16044374, 13 : 0.09518704",6
1.71772958486557E+018,"12 : 0.34006935, 3 : 0.08415898, 2 : 0.06666783",6
1.71528763387099E+018,"3 : 0.5904061, 3 : 0.2647497, 3 : 0.016841134",6
1.71246242702551E+018,"3 : 0.397648, 3 : 0.13535887, 3 : 0.06871809",6
1.71185074154063E+018,"3 : 0.20953716, 3 : 0.11867568, 3 : 0.08106489",6
1.7073946734187E+018,"3 : 0.44693792, 12 : 0.14291091, 3 : 0.07910858",6
1.68122798132982E+018,"3 : 0.16870978, 3 : 0.1621995, 3 : 0.118356146",6
1.66603236900766E+018,"3 : 0.33415827, 3 : 0.09645055, 3 : 0.07443667",6
1.65511603567585E+018,"3 : 0.6819783, 3 : 0.07863679, 7 : 0.052793715",6
1.64284591560023E+018,"2 : 0.1538537, 3 : 0.15116732, 3 : 0.11714483",6
1.63933697863306E+018,"3 : 0.7534207, 7 : 0.049463596, 3 : 0.043111887",6
1.63919462746911E+018,"3 : 0.59710604, 3 : 0.10569458, 3 : 0.07519119",6
1.63866839994004E+018,"3 : 0.16254309, 3 : 0.14643387, 3 : 0.036378544",6
1.63484306961855E+018,"3 : 0.48243412, 3 : 0.07589251, 7 : 0.040842626",6
1.6277252428751E+018,"3 : 0.20266062, 3 : 0.16139309, 3 : 0.15222532",6
1.62605579867543E+018,"3 : 0.25504616, 3 : 0.15966402, 3 : 0.15230605",6
1.62467832865073E+018,"7 : 0.23422758, 7 : 0.13711105, 10 : 0.04379341",6
1.62255053492929E+018,"3 : 0.8866488, 7 : 0.038825072, 3 : 0.017557329",6
1.62126892937972E+018,"3 : 0.5142073, 3 : 0.08628739, 3 : 0.05084272",6
1.62105734289849E+018,"13 : 0.2556148, 6 : 0.11129341, 7 : 0.068233564",6
1.61876158774382E+018,"3 : 0.4021403, 3 : 0.19460268, 12 : 0.14013612",6
1.61693019186975E+018,"11 : 0.91538656, 1 : 0.027755326, 11 : 0.013124999",6
1.61526579772206E+018,"3 : 0.1329398, 3 : 0.13100563, 3 : 0.103440404",6
1.61050427130709E+018,"3 : 0.64699996, 3 : 0.044535898, 12 : 0.041954573",6
1.6093383650298E+018,"2 : 0.98501587, 14 : 0.0018010208, 11 : 0.0010280489",6
1.6021821759011E+018,"9 : 0.7166659, 1 : 0.051430818, 11 : 0.041329034",6
1.59851923112789E+018,"3 : 0.12025201, 3 : 0.096138276, 7 : 0.060345735",6
1.59725920728634E+018,"3 : 0.3865813, 3 : 0.11752771, 3 : 0.058801133",6
1.59713164602766E+018,"3 : 0.43838227, 3 : 0.3079342, 3 : 0.027361825",6
1.59434055123742E+018,"2 : 0.79992247, 13 : 0.059722006, 3 : 0.014005551",6
1.59143989820684E+018,"3 : 0.4463193, 3 : 0.14354643, 3 : 0.049930148",6
1.58926513819652E+018,"13 : 0.15642026, 7 : 0.14741288, 3 : 0.11391435",6
1.58841469495833E+018,"3 : 0.32031795, 3 : 0.2622996, 3 : 0.11071302",6
1.58792226154818E+018,"3 : 0.4625825, 6 : 0.06073505, 3 : 0.05082224",6
1.58706559642263E+018,"3 : 0.41968304, 3 : 0.22557873, 3 : 0.13529852",6
1.57980691492951E+018,"3 : 0.19325349, 3 : 0.16827865, 12 : 0.1680466",6
1.57902652858276E+018,"3 : 0.4293464, 3 : 0.12577514, 3 : 0.05050378",6
1.57697235607709E+018,"3 : 0.17227635, 3 : 0.09147032, 3 : 0.088052146",6
1.57349714987733E+018,"7 : 0.101221465, 4 : 0.09713651, 3 : 0.04698978",6
1.57275027622904E+018,"3 : 0.8930609, 3 : 0.03830028, 3 : 0.0057644974",6
1.57034838858283E+018,"3 : 0.45131096, 3 : 0.33467874, 3 : 0.06508404",6
1.56968111126437E+018,"7 : 0.28873402, 13 : 0.047196966, 13 : 0.038127817",6
1.56839987359872E+018,"12 : 0.547492, 6 : 0.34918028, 12 : 0.031503238",6
1.56764468746012E+018,"3 : 0.7255571, 3 : 0.049951386, 3 : 0.020588655",6
1.56449558216402E+018,"3 : 0.9603847, 3 : 0.0037236204, 3 : 0.0030224645",6
1.56327519655804E+018,"3 : 0.52031213, 3 : 0.10495418, 3 : 0.07259475",6
1.56039662203318E+018,"3 : 0.30617687, 3 : 0.20210025, 3 : 0.10906365",6
1.56036357876109E+018,"12 : 0.32542828, 2 : 0.24906816, 2 : 0.030217024",6
1.55317328448839E+018,"7 : 0.07291977, 3 : 0.061312325, 8 : 0.05434093",6
1.54964742406537E+018,"2 : 0.29824686, 2 : 0.115327656, 13 : 0.08396469",6
1.54964513969659E+018,"13 : 0.70052797, 13 : 0.07982196, 3 : 0.047117304",6
1.54888912755842E+018,"3 : 0.3336413, 3 : 0.19729549, 3 : 0.1418969",6
1.54573098170078E+018,"3 : 0.2801434, 3 : 0.07896185, 7 : 0.045725025",6
1.54290171709998E+018,"3 : 0.56960666, 3 : 0.1795625, 3 : 0.05125245",6
1.54229232050527E+018,"3 : 0.64286536, 3 : 0.131293, 3 : 0.03113683",6
1.54226353364685E+018,"3 : 0.6047343, 3 : 0.321787, 12 : 0.021565951",6
1.53903235414411E+018,"7 : 0.1988497, 6 : 0.031060845, 7 : 0.030462397",6
1.53869166321999E+018,"3 : 0.070468865, 13 : 0.06286697, 2 : 0.06196658",6
1.53770662691462E+018,"3 : 0.6468088, 3 : 0.20266454, 12 : 0.04252443",6
1.53488963943591E+018,"3 : 0.21844798, 3 : 0.19143932, 3 : 0.18685995",6
1.53359834878766E+018,"3 : 0.6779733, 3 : 0.047636617, 3 : 0.022328408",6
1.53337003669642E+018,"12 : 0.5917997, 2 : 0.04353166, 2 : 0.027248304",6
1.53336937138776E+018,"3 : 0.38391402, 3 : 0.2956022, 3 : 0.09785868",6
1.53336903289059E+018,"3 : 0.32379648, 12 : 0.12233698, 3 : 0.10921317",6
1.5333660556897E+018,"3 : 0.2434906, 3 : 0.113377854, 3 : 0.044288203",6
1.53336536685073E+018,"3 : 0.5404773, 3 : 0.051781707, 3 : 0.050119963",6
1.53335948749341E+018,"3 : 0.9603006, 3 : 0.006910469, 3 : 0.0042145955",6
1.52485594724203E+018,"13 : 0.40541914, 10 : 0.03182816, 10 : 0.0260585",6
1.52342458633389E+018,"3 : 0.18657291, 13 : 0.12945257, 7 : 0.061182484",6
1.52055822310633E+018,"3 : 0.05487813, 13 : 0.04029702, 2 : 0.03248403",6
1.51962577724174E+018,"3 : 0.17110734, 3 : 0.13905622, 3 : 0.06707501",6
1.50962037436232E+018,"12 : 0.15896085, 13 : 0.13394369, 13 : 0.10057256",6
1.50825737729493E+018,"3 : 0.18337353, 13 : 0.1476063, 13 : 0.05993405",6
1.49200698012997E+018,"3 : 0.7572507, 3 : 0.06985105, 3 : 0.01574896",6
1.4891723250182E+018,"13 : 0.1830122, 8 : 0.1029698, 2 : 0.09800002",6
1.48912971195502E+018,"2 : 0.3557543, 7 : 0.28450927, 2 : 0.049385257",6
1.48782348911282E+018,"12 : 0.35823157, 3 : 0.25742543, 2 : 0.04749716",6
1.48404507111637E+018,"6 : 0.3517999, 3 : 0.10846052, 3 : 0.059515182",6
1.48340514509861E+018,"3 : 0.5988004, 7 : 0.091725826, 3 : 0.03619053",6
1.48146347382428E+018,"3 : 0.3241877, 1 : 0.23809262, 11 : 0.09855464",6
1.48115456428251E+018,"3 : 0.45012578, 3 : 0.1278216, 3 : 0.061109744",6
1.47772231934132E+018,"3 : 0.8567956, 3 : 0.04566285, 7 : 0.023157805",6
1.47028231461353E+018,"3 : 0.14013475, 3 : 0.13814537, 3 : 0.07190246",6
1.46883737832734E+018,"3 : 0.7025897, 13 : 0.07059768, 13 : 0.014443988",6
1.46760987152348E+018,"3 : 0.8301543, 3 : 0.08334133, 3 : 0.008937707",6
1.46381003235262E+018,"2 : 0.9049056, 12 : 0.077270314, 2 : 0.0036855766",6
1.46223388113443E+018,"3 : 0.22234747, 3 : 0.14042671, 3 : 0.105648436",6
1.45810183009244E+018,"3 : 0.4059877, 3 : 0.1665236, 3 : 0.075881556",6
1.45799809352923E+018,"3 : 0.495686, 3 : 0.16694292, 3 : 0.114592694",6
1.45611542499021E+018,"3 : 0.08522934, 3 : 0.046526253, 3 : 0.032262065",6
1.45393982965727E+018,"5 : 0.106166825, 3 : 0.0951922, 2 : 0.06714507",6
1.45391668883495E+018,"3 : 0.6564756, 7 : 0.13073206, 13 : 0.034566116",6
1.45390057461252E+018,"5 : 0.60805297, 3 : 0.08023912, 6 : 0.040614992",6
1.45389371973569E+018,"3 : 0.72902656, 7 : 0.047566142, 3 : 0.045557033",6
1.45367912750926E+018,"12 : 0.32175907, 2 : 0.070954815, 6 : 0.039181422",6
1.45324277075936E+018,"3 : 0.26013783, 3 : 0.078498915, 3 : 0.07827174",6
1.45223445325756E+018,"6 : 0.6728358, 6 : 0.14459139, 6 : 0.00982361",6
1.45097280746257E+018,"3 : 0.48892504, 3 : 0.23981924, 3 : 0.05244742",6
1.44860681235431E+018,"3 : 0.2644585, 12 : 0.13610886, 12 : 0.13522977",6
1.43916318242211E+018,"3 : 0.12966123, 7 : 0.05388738, 3 : 0.053772334",6
1.43805604958443E+018,"3 : 0.6641414, 7 : 0.056092, 1 : 0.05205506",6
1.43774552873257E+018,"3 : 0.2968045, 6 : 0.15063432, 3 : 0.14804849",6
1.43765255045832E+018,"3 : 0.46231386, 6 : 0.27876347, 6 : 0.055340588",6
1.43404501297014E+018,"12 : 0.3283, 6 : 0.1308884, 2 : 0.11723063",6
1.42844900090999E+018,"3 : 0.18861641, 3 : 0.16293038, 3 : 0.13372311",6
1.42828350090515E+018,"3 : 0.64383477, 3 : 0.075074255, 12 : 0.0326516",6
1.42540372174296E+018,"13 : 0.12891681, 3 : 0.12406171, 3 : 0.09477221",6
2.00587751049689E+018,"3 : 0.44666365, 3 : 0.09644425, 3 : 0.09398085",6
1.4616226320844E+018,"9 : 0.16595158, 5 : 0.11358483, 4 : 0.1021179",6
2.21031920161754E+018,"10 : 0.59847444, 4 : 0.118817054, 7 : 0.049781304",6
2.20893393137018E+018,"7 : 0.5057471, 7 : 0.19595829, 2 : 0.041811567",6
2.20806715616865E+018,"7 : 0.37204292, 10 : 0.32488927, 7 : 0.1209439",6
2.20609057810237E+018,"7 : 0.39975968, 7 : 0.20645574, 13 : 0.091684096",6
2.20589318710144E+018,"7 : 0.8349588, 7 : 0.024863409, 10 : 0.016317287",6
2.20516600397379E+018,"7 : 0.12871353, 2 : 0.04424361, 7 : 0.03412583",6
2.20374447827191E+018,"13 : 0.118322246, 2 : 0.034012392, 13 : 0.023638181",6
2.2030408905876E+018,"7 : 0.5233484, 7 : 0.088400565, 7 : 0.042188052",6
2.2023107126013E+018,"7 : 0.9465364, 12 : 0.005493427, 7 : 0.0045513907",6
2.20164736108463E+018,"2 : 0.73007333, 11 : 0.047673047, 4 : 0.01965915",6
2.20084195949775E+018,"7 : 0.08347647, 13 : 0.031733356, 13 : 0.022010284",6
2.20009945211983E+018,"7 : 0.26141518, 13 : 0.06512676, 2 : 0.034524843",6
2.19935242521995E+018,"7 : 0.37540105, 7 : 0.34030402, 7 : 0.034951385",6
2.19865359007614E+018,"7 : 0.11185018, 7 : 0.09933821, 10 : 0.06445114",6
2.1980094020579E+018,"7 : 0.077651724, 7 : 0.057817277, 10 : 0.05649259",6
2.19719722244194E+018,"13 : 0.10479399, 7 : 0.079303116, 2 : 0.06950668",6
2.19579450697713E+018,"7 : 0.3071062, 7 : 0.08760029, 10 : 0.034393262",6
2.19504508181638E+018,"7 : 0.5767673, 8 : 0.08020128, 7 : 0.024527095",6
2.19431078889913E+018,"7 : 0.6639956, 7 : 0.0766706, 7 : 0.06135933",6
2.19358232480602E+018,"7 : 0.34159276, 7 : 0.1364958, 7 : 0.08310843",6
2.19285104490891E+018,"13 : 0.084057614, 7 : 0.048720293, 13 : 0.043827817",6
2.19215579862966E+018,"7 : 0.15728368, 7 : 0.12161216, 2 : 0.028317839",6
2.19143250768218E+018,"7 : 0.28632027, 13 : 0.08943252, 3 : 0.06790489",6
2.19068712618244E+018,"7 : 0.16868672, 7 : 0.15847829, 10 : 0.022421105",6
2.19002041878674E+018,"7 : 0.38483354, 4 : 0.066776246, 7 : 0.04990257",6
2.18930185949211E+018,"2 : 0.20278873, 7 : 0.08181478, 8 : 0.07236625",6
2.18783225179917E+018,"7 : 0.45236522, 7 : 0.12769175, 2 : 0.12192081",6
2.18723448725188E+018,"7 : 0.9668227, 2 : 0.0017416521, 7 : 0.0015717733",6
2.18633007121684E+018,"7 : 0.4857214, 7 : 0.061811168, 2 : 0.03593187",6
2.18584210161956E+018,"7 : 0.28740576, 3 : 0.28447175, 7 : 0.08559975",6
2.18424693397183E+018,"7 : 0.18621367, 13 : 0.10283279, 7 : 0.05849457",6
2.18351722166224E+018,"2 : 0.20951392, 13 : 0.13946217, 13 : 0.11328127",6
2.18269140591106E+018,"2 : 0.20278873, 7 : 0.08181478, 8 : 0.07236625",6
2.18199911589499E+018,"7 : 0.22149834, 13 : 0.07943587, 13 : 0.07523269",6
2.18053201687379E+018,"7 : 0.42798588, 7 : 0.025531124, 2 : 0.023751881",6
2.17841471238387E+018,"7 : 0.2171234, 7 : 0.17813943, 7 : 0.080907084",6
2.17768350657492E+018,"7 : 0.7029013, 7 : 0.016823608, 10 : 0.0104116285",6
2.17622796557945E+018,"10 : 0.44185707, 7 : 0.16340724, 7 : 0.03399717",6
2.17480005841183E+018,"7 : 0.90078723, 7 : 0.0039198836, 7 : 0.0038615207",6
2.17422092606171E+018,"10 : 0.104311384, 10 : 0.09527642, 7 : 0.06616892",6
2.17399160946144E+018,"10 : 0.4724053, 7 : 0.1165222, 7 : 0.014432294",6
2.1733651394583E+018,"7 : 0.079533905, 7 : 0.0784206, 7 : 0.06515619",6
2.17258656439626E+018,"7 : 0.26099485, 7 : 0.10417705, 2 : 0.08113135",6
2.17186142062345E+018,"7 : 0.7535121, 2 : 0.020624653, 7 : 0.017891524",6
2.17055086022503E+018,"7 : 0.35305804, 7 : 0.25721797, 7 : 0.0627023",6
2.16964162798816E+018,"7 : 0.9918305, 7 : 0.00409606, 7 : 0.00043302847",6
2.16820407246155E+018,"13 : 0.123378634, 12 : 0.056976948, 7 : 0.04426066",6
2.16743598537425E+018,"2 : 0.20278873, 7 : 0.08181478, 8 : 0.07236625",6
2.16676857020644E+018,"7 : 0.27743137, 7 : 0.16699156, 13 : 0.04222943",6
2.1655467732596E+018,"7 : 0.50769794, 7 : 0.11470894, 7 : 0.037826594",6
2.16531303959595E+018,"10 : 0.08242674, 7 : 0.07460262, 2 : 0.05513541",6
2.16460830699232E+018,"7 : 0.7472089, 7 : 0.009445376, 3 : 0.009231991",6
2.1631225324468E+018,"7 : 0.20332375, 7 : 0.09689392, 10 : 0.05634244",6
2.16238000908032E+018,"7 : 0.7111495, 13 : 0.024848225, 10 : 0.020545809",6
2.16167657542751E+018,"2 : 0.60122734, 7 : 0.14878106, 13 : 0.037261464",6
2.1610384378267E+018,"7 : 0.50219536, 7 : 0.03772427, 10 : 0.036260244",6
2.16023303753148E+018,"7 : 0.1398038, 2 : 0.1220495, 2 : 0.05986512",6
2.15956464577881E+018,"7 : 0.06473643, 10 : 0.055216916, 7 : 0.016687037",6
2.15800628473408E+018,"7 : 0.50684637, 7 : 0.35787493, 8 : 0.012394269",6
2.15729412082203E+018,"7 : 0.98695, 10 : 0.0022938803, 13 : 0.00085862336",6
2.15664702964059E+018,"7 : 0.14324783, 10 : 0.122575805, 7 : 0.06768252",6
2.15585247358418E+018,"10 : 0.37425917, 13 : 0.042782355, 7 : 0.025871517",6
2.15513557043576E+018,"13 : 0.7149839, 2 : 0.009181428, 7 : 0.009034773",6
2.15446996391677E+018,"2 : 0.22378744, 10 : 0.16794465, 2 : 0.08365872",6
2.15301992207522E+018,"13 : 0.121561356, 7 : 0.08236301, 2 : 0.061082147",6
2.15228200668014E+018,"7 : 0.45009995, 7 : 0.068518214, 7 : 0.040025596",6
2.15152284693386E+018,"13 : 0.48335212, 2 : 0.10243412, 7 : 0.072587535",6
2.15096025661702E+018,"7 : 0.50905025, 7 : 0.3140551, 7 : 0.011593865",6
2.15007476167433E+018,"7 : 0.7136619, 7 : 0.07200578, 7 : 0.04933791",6
2.1493313092275E+018,"7 : 0.8390333, 10 : 0.08175701, 7 : 0.003979447",6
2.14788307641242E+018,"7 : 0.74300075, 7 : 0.032925904, 13 : 0.016950531",6
2.14714857969372E+018,"7 : 0.17346892, 7 : 0.12786813, 2 : 0.118151374",6
2.14642694146964E+018,"7 : 0.39343646, 7 : 0.10344137, 2 : 0.0636195",6
2.1457314688409E+018,"13 : 0.12131702, 13 : 0.05121004, 13 : 0.023826636",6
2.14503759929993E+018,"7 : 0.9522264, 7 : 0.010410516, 7 : 0.0036754755",6
2.14283359504848E+018,"7 : 0.4871807, 7 : 0.3205881, 7 : 0.012113842",6
2.14142866974731E+018,"7 : 0.31791264, 2 : 0.28568974, 3 : 0.098076224",6
2.14080513729233E+018,"7 : 0.24827592, 2 : 0.2151333, 2 : 0.1512749",6
2.13989522491528E+018,"7 : 0.8641488, 8 : 0.004622064, 13 : 0.0038991712",6
2.13917095591478E+018,"7 : 0.55623716, 2 : 0.18421319, 7 : 0.045377545",6
2.1376977851017E+018,"7 : 0.31887087, 7 : 0.30625853, 2 : 0.03460058",6
2.13638279795962E+018,"7 : 0.28383097, 13 : 0.07385706, 10 : 0.057183787",6
2.13567903431562E+018,"2 : 0.24384694, 7 : 0.16316992, 2 : 0.10709285",6
2.13554451606585E+018,"7 : 0.44749933, 2 : 0.14493352, 2 : 0.05372471",6
2.13496815592428E+018,"7 : 0.28760955, 8 : 0.169436, 7 : 0.05281916",6
2.13409137492505E+018,"13 : 0.41376403, 2 : 0.075986125, 7 : 0.07110759",6
2.13127448404118E+018,"8 : 0.52705353, 7 : 0.12743098, 7 : 0.06399091",6
2.1305715575554E+018,"7 : 0.7575248, 13 : 0.016012484, 2 : 0.014756633",6
2.12917995781813E+018,"7 : 0.8904669, 7 : 0.014812065, 14 : 0.010967814",6
2.12836800078563E+018,"7 : 0.50086224, 14 : 0.04730866, 7 : 0.020464227",6
2.12757978630693E+018,"2 : 0.3832824, 7 : 0.2821814, 7 : 0.05012311",6
2.12694263034136E+018,"7 : 0.6806834, 7 : 0.019770429, 3 : 0.019469412",6
2.12614725705826E+018,"7 : 0.31166816, 2 : 0.11900332, 10 : 0.05046928",6
2.12552890290772E+018,"7 : 0.6237736, 14 : 0.062178183, 14 : 0.017752647",6
2.12470191541038E+018,"7 : 0.34811673, 7 : 0.031876314, 2 : 0.026534112",6
2.12249734052371E+018,"7 : 0.26949173, 13 : 0.04249788, 2 : 0.027537312",6
2.12182201448761E+018,"14 : 0.29480296, 7 : 0.07573975, 7 : 0.048448943",6
2.12105636220213E+018,"14 : 0.48496813, 13 : 0.09279744, 7 : 0.054032285",6
2.12036439251309E+018,"13 : 0.15611215, 10 : 0.11876997, 7 : 0.09434316",6
2.11962893300887E+018,"7 : 0.95442146, 7 : 0.0013031056, 2 : 0.0012838888",6
2.11892330136457E+018,"7 : 0.43025076, 8 : 0.02857401, 13 : 0.022798443",6
2.11808524531721E+018,"7 : 0.19554986, 7 : 0.10296492, 7 : 0.043755896",6
2.11676027664593E+018,"2 : 0.3587257, 10 : 0.14905694, 4 : 0.13403808",6
2.11605047602277E+018,"7 : 0.7440119, 7 : 0.14694008, 12 : 0.0106584225",6
2.11541680337633E+018,"14 : 0.2811716, 7 : 0.06068669, 14 : 0.051267084",6
2.11463107676596E+018,"13 : 0.78197783, 7 : 0.010379286, 6 : 0.0100150015",6
2.10673158365142E+018,"7 : 0.81636757, 2 : 0.0542515, 12 : 0.023522262",6
2.10595569317874E+018,"13 : 0.124002375, 13 : 0.081587836, 10 : 0.06854184",6
2.10452841089532E+018,"13 : 0.9041477, 7 : 0.012314398, 7 : 0.0016986527",6
2.10219233933545E+018,"7 : 0.12065734, 6 : 0.07906731, 13 : 0.045446295",6
2.10156343779342E+018,"7 : 0.31572133, 7 : 0.19078694, 2 : 0.11735124",6
2.10084423801199E+018,"7 : 0.2636074, 7 : 0.1593291, 13 : 0.050910316",6
2.09933500598053E+018,"7 : 0.11872741, 7 : 0.0991267, 14 : 0.046287622",6
2.09649490687383E+018,"4 : 0.307879, 8 : 0.18222822, 7 : 0.115476206",6
2.09431847622849E+018,"7 : 0.70877665, 13 : 0.047910865, 2 : 0.034402866",6
2.09362776353902E+018,"6 : 0.54525447, 6 : 0.031870723, 7 : 0.025219055",6
2.0928405666488E+018,"7 : 0.96389073, 7 : 0.017028412, 7 : 0.0011505831",6
2.0921306559506E+018,"2 : 0.5326663, 2 : 0.36270583, 7 : 0.024512619",6
2.09070326130996E+018,"7 : 0.52427393, 7 : 0.09359854, 10 : 0.015986081",6
2.08921299444689E+018,"2 : 0.42203146, 2 : 0.14410436, 7 : 0.13668716",6
2.08851340079666E+018,"10 : 0.14000906, 7 : 0.10850934, 14 : 0.036401648",6
2.08771096006123E+018,"3 : 0.22967061, 3 : 0.12909341, 3 : 0.052628886",6
2.08698615685727E+018,"2 : 0.5977693, 2 : 0.25980145, 7 : 0.09843973",6
2.0848507011142E+018,"13 : 0.54958546, 13 : 0.18767701, 13 : 0.10675325",6
2.08339377770945E+018,"7 : 0.732874, 5 : 0.048153523, 2 : 0.039935235",6
2.08264279226744E+018,"7 : 0.92970014, 2 : 0.010270454, 2 : 0.005393309",6
2.08188868071847E+018,"2 : 0.28404093, 3 : 0.033609733, 7 : 0.021976251",6
2.08127241802399E+018,"2 : 0.39969796, 7 : 0.19002153, 7 : 0.083641656",6
2.08049976507579E+018,"7 : 0.07469982, 7 : 0.05200954, 2 : 0.033187762",6
2.07691250911957E+018,"7 : 0.5731921, 12 : 0.23005286, 13 : 0.027384585",6
2.07560707848087E+018,"7 : 0.7123163, 7 : 0.085721955, 13 : 0.0060909567",6
2.07479999414727E+018,"7 : 0.46867308, 7 : 0.20648596, 7 : 0.022743389",6
2.0721648598118E+018,"10 : 0.91441756, 7 : 0.04369087, 3 : 0.009754921",6
2.07202145430995E+018,"2 : 0.67270064, 2 : 0.27130565, 2 : 0.007883338",6
2.07108333037321E+018,"7 : 0.09608866, 3 : 0.041932855, 7 : 0.0382812",6
2.07035831799955E+018,"7 : 0.5686525, 7 : 0.3952382, 7 : 0.004023584",6
2.06963833366496E+018,"7 : 0.46343032, 10 : 0.19118306, 12 : 0.11544701",6
2.06896223887144E+018,"7 : 0.9313491, 7 : 0.023237275, 2 : 0.0014940959",6
2.06820683685258E+018,"7 : 0.30846027, 7 : 0.07283579, 7 : 0.061288774",6
2.06681463563551E+018,"7 : 0.09571508, 10 : 0.08896346, 7 : 0.020155858",6
2.06598531648275E+018,"10 : 0.09975382, 7 : 0.0814229, 7 : 0.04877907",6
2.06531421853158E+018,"3 : 0.5938145, 2 : 0.11599145, 12 : 0.026718097",6
2.06458927228495E+018,"7 : 0.24394321, 2 : 0.2152077, 2 : 0.05462964",6
2.06385696486734E+018,"7 : 0.892192, 7 : 0.021658475, 7 : 0.017129242",6
2.0631513422911E+018,"7 : 0.60002244, 7 : 0.032098927, 13 : 0.016843209",6
2.06091056625765E+018,"3 : 0.19064951, 7 : 0.092533626, 7 : 0.08689991",6
2.06030873421694E+018,"10 : 0.20425314, 7 : 0.15900137, 7 : 0.050660957",6
2.05946393096058E+018,"7 : 0.21072042, 7 : 0.12076083, 2 : 0.047378354",6
2.05884384733062E+018,"12 : 0.60083693, 7 : 0.21388122, 7 : 0.0200268",6
2.057998791317E+018,"7 : 0.36026603, 2 : 0.26192385, 2 : 0.04073212",6
2.05665781304591E+018,"7 : 0.06322917, 2 : 0.054250844, 7 : 0.045210075",6
2.05589965544484E+018,"2 : 0.83529395, 2 : 0.01748962, 2 : 0.006596549",6
2.05510681373459E+018,"2 : 0.28954333, 2 : 0.09248934, 7 : 0.07787114",6
2.05436530914777E+018,"10 : 0.20575334, 10 : 0.11494033, 13 : 0.06837516",6
2.05365759362228E+018,"7 : 0.97346693, 13 : 0.0011749639, 7 : 0.00091654673",6
2.05146804935099E+018,"7 : 0.29646638, 13 : 0.071017906, 13 : 0.026614452",6
2.05076010319741E+018,"2 : 0.3066609, 2 : 0.0751636, 7 : 0.04996498",6
2.05004240235112E+018,"7 : 0.055186503, 2 : 0.050813675, 2 : 0.028812928",6
2.04857625660314E+018,"7 : 0.65560246, 13 : 0.026882825, 7 : 0.010187584",6
2.04784549361214E+018,"7 : 0.16335902, 7 : 0.1077208, 7 : 0.028086346",6
2.04663483034454E+018,"7 : 0.042084094, 7 : 0.03534905, 10 : 0.027160762",6
2.04661199613414E+018,"7 : 0.10701641, 2 : 0.07653689, 14 : 0.07458203",6
2.04567867995206E+018,"7 : 0.92298865, 13 : 0.012681143, 7 : 0.0061346246",6
2.0435794706711E+018,"2 : 0.18293618, 2 : 0.16000953, 7 : 0.12870339",6
2.04279017814712E+018,"2 : 0.70674384, 2 : 0.28818488, 7 : 0.0014921589",6
2.04138966761108E+018,"2 : 0.28473285, 7 : 0.19568777, 2 : 0.05157501",6
2.04061856507088E+018,"13 : 0.29378358, 7 : 0.28887013, 7 : 0.08444465",6
2.03923455480931E+018,"7 : 0.21986307, 7 : 0.072766714, 13 : 0.06476053",6
2.03782560724634E+018,"7 : 0.3347238, 10 : 0.13659075, 2 : 0.05947888",6
2.03487717743586E+018,"5 : 0.23815717, 5 : 0.16816057, 5 : 0.15040912",6
2.03408145366843E+018,"2 : 0.29220498, 2 : 0.07734322, 7 : 0.054108858",6
2.0333635386693E+018,"7 : 0.6812168, 7 : 0.054326486, 10 : 0.043301743",6
2.03263662049612E+018,"7 : 0.47379223, 7 : 0.02271362, 7 : 0.02077857",6
2.03116639903389E+018,"10 : 0.95181656, 7 : 0.0036895692, 10 : 0.0013433624",6
2.03048624702299E+018,"7 : 0.96246976, 7 : 0.0046884487, 7 : 0.0013958284",6
2.02914788082175E+018,"7 : 0.47757497, 7 : 0.054463897, 4 : 0.03845523",6
2.02834741367395E+018,"7 : 0.47320327, 7 : 0.12945488, 7 : 0.04712393",6
2.0268400263329E+018,"10 : 0.2302843, 7 : 0.09885027, 7 : 0.07078869",6
2.02612002267101E+018,"6 : 0.49280706, 7 : 0.1853887, 6 : 0.028704979",6
2.02545139290814E+018,"7 : 0.6376616, 7 : 0.16325, 7 : 0.023289192",6
2.02469952505177E+018,"7 : 0.23140687, 7 : 0.065107144, 13 : 0.033127215",6
2.02398159546498E+018,"7 : 0.5329327, 7 : 0.19703886, 2 : 0.049050897",6
2.02324822518548E+018,"7 : 0.4677305, 7 : 0.06133379, 7 : 0.008192673",6
2.02105098806597E+018,"13 : 0.13551402, 7 : 0.07106049, 7 : 0.059656117",6
2.0203174336731E+018,"13 : 0.15214388, 7 : 0.100711934, 7 : 0.08670228",6
2.01960661736577E+018,"7 : 0.25416264, 7 : 0.05080924, 7 : 0.03450137",6
2.01888366463001E+018,"7 : 0.36385116, 7 : 0.19836521, 7 : 0.090804696",6
2.01815358076398E+018,"7 : 0.88715965, 14 : 0.011742558, 2 : 0.0068215383",6
2.01744908127967E+018,"7 : 0.63498944, 7 : 0.04054525, 13 : 0.02801149",6
2.01597526211134E+018,"7 : 0.2195701, 3 : 0.031161582, 2 : 0.027937884",6
2.01543630191567E+018,"7 : 0.11771242, 8 : 0.081268325, 7 : 0.0481394",6
2.01455292356166E+018,"7 : 0.29798296, 7 : 0.08836567, 7 : 0.07143121",6
2.01398122007069E+018,"7 : 0.27651992, 3 : 0.045001782, 4 : 0.042320985",6
2.01314291259161E+018,"10 : 0.096531145, 10 : 0.07460206, 7 : 0.0504496",6
2.01235208821585E+018,"6 : 0.6436031, 6 : 0.03538732, 10 : 0.021206973",6
2.01024782744091E+018,"10 : 0.14134645, 10 : 0.104478896, 7 : 0.052017946",6
2.00950727343438E+018,"7 : 0.41793993, 2 : 0.06756914, 10 : 0.043303628",6
2.0090707012579E+018,"7 : 0.77921605, 7 : 0.039920006, 3 : 0.023423132",6
2.00879609187019E+018,"13 : 0.08734373, 10 : 0.07614562, 13 : 0.062471714",6
2.00816013715332E+018,"7 : 0.063683875, 13 : 0.04691596, 10 : 0.044815622",6
2.00617419893579E+018,"10 : 0.057905342, 2 : 0.0328422, 7 : 0.029467199",6
2.00592632221301E+018,"7 : 0.72174007, 7 : 0.03283646, 7 : 0.03063041",6
2.00520007366894E+018,"7 : 0.42032948, 7 : 0.037524845, 10 : 0.028563015",6
2.00448269580057E+018,"7 : 0.15548891, 10 : 0.09850617, 7 : 0.06694766",6
2.00365526090541E+018,"7 : 0.2036641, 7 : 0.19121198, 7 : 0.08239952",6
2.00304772322717E+018,"7 : 0.26234138, 13 : 0.17913868, 7 : 0.1107795",6
2.00223129054515E+018,"7 : 0.9099041, 7 : 0.019147392, 10 : 0.011804728",6
2.00084615178952E+018,"7 : 0.5226827, 7 : 0.115552776, 7 : 0.040202755",6
2.00011124163825E+018,"7 : 0.054535117, 6 : 0.044451024, 10 : 0.041032024",6
1.99950961724918E+018,"7 : 0.4511978, 7 : 0.101286836, 7 : 0.067205325",6
1.99807395271642E+018,"12 : 0.09698371, 7 : 0.058185786, 7 : 0.046335347",6
1.99722009940195E+018,"7 : 0.69696033, 7 : 0.046182677, 7 : 0.038565256",6
1.99572136286327E+018,"13 : 0.24785647, 13 : 0.13262075, 13 : 0.03181267",6
1.99426191755781E+018,"10 : 0.8496103, 2 : 0.065593995, 2 : 0.015174705",6
1.99291555635036E+018,"10 : 0.22088514, 3 : 0.1011216, 7 : 0.047110636",6
1.99209543658997E+018,"7 : 0.35731438, 7 : 0.031487506, 2 : 0.025314776",6
1.99074940121293E+018,"2 : 0.66428393, 7 : 0.09432734, 2 : 0.036466118",6
1.98936809593353E+018,"7 : 0.20046186, 7 : 0.104795724, 8 : 0.06482944",6
1.98856076174555E+018,"7 : 0.037228033, 2 : 0.031935398, 12 : 0.019837296",6
1.98778092048172E+018,"7 : 0.12967284, 7 : 0.11425269, 10 : 0.046067484",6
1.98562736704665E+018,"7 : 0.52291155, 7 : 0.027082669, 7 : 0.01441803",6
1.9849037204138E+018,"7 : 0.08410634, 7 : 0.058012098, 13 : 0.05297135",6
1.98426656548823E+018,"14 : 0.16677997, 11 : 0.11974684, 7 : 0.05556745",6
1.98338898712674E+018,"7 : 0.8887291, 10 : 0.059111934, 13 : 0.014342047",6
1.98267558894025E+018,"7 : 0.2896264, 7 : 0.14820875, 7 : 0.09233532",6
1.98205722505019E+018,"2 : 0.39592633, 3 : 0.056752972, 7 : 0.026583113",6
1.98053183058907E+018,"13 : 0.23645681, 3 : 0.20297055, 4 : 0.027634876",6
1.97991759699812E+018,"13 : 0.5286814, 10 : 0.064751804, 2 : 0.05974154",6
1.97830979094766E+018,"12 : 0.38515455, 7 : 0.088348806, 12 : 0.060227998",6
1.97781396348999E+018,"7 : 0.87272495, 7 : 0.04393225, 13 : 0.03177909",6
1.9769020440297E+018,"12 : 0.06175515, 7 : 0.05307453, 14 : 0.047095682",6
1.97540388057564E+018,"7 : 0.7991706, 7 : 0.05681156, 7 : 0.016095174",6
1.97327175638475E+018,"7 : 0.2623177, 7 : 0.16714142, 7 : 0.11236722",6
1.97265093308063E+018,"12 : 0.15728529, 2 : 0.08833471, 7 : 0.04596633",6
1.97180367889113E+018,"7 : 0.23755719, 13 : 0.15434718, 4 : 0.038195085",6
1.97110299454587E+018,"2 : 0.08238677, 7 : 0.06599901, 13 : 0.060179096",6
1.969651359521E+018,"9 : 0.11365325, 13 : 0.079856336, 7 : 0.03941838",6
1.96901327891256E+018,"7 : 0.847948, 7 : 0.0062824767, 2 : 0.005914648",6
1.96746820280574E+018,"7 : 0.27456442, 2 : 0.14427605, 7 : 0.075954944",6
1.9666997999041E+018,"7 : 0.1124167, 10 : 0.050156515, 4 : 0.03823456",6
1.96599634032203E+018,"7 : 0.6049235, 7 : 0.043756846, 7 : 0.027991924",6
1.96531936072337E+018,"2 : 0.16442172, 2 : 0.14218472, 10 : 0.09339124",6
1.96388477882414E+018,"7 : 0.77430975, 7 : 0.071801744, 10 : 0.023641612",6
1.96324030675102E+018,"7 : 0.9613832, 7 : 0.0068867346, 2 : 0.0016065721",6
1.96241584743751E+018,"7 : 0.715574, 12 : 0.06379238, 7 : 0.024011213",6
1.96167351412338E+018,"7 : 0.5201627, 2 : 0.12940781, 10 : 0.018686574",6
1.96091775104213E+018,"7 : 0.15404318, 7 : 0.08409237, 7 : 0.05126846",6
1.95948838443273E+018,"7 : 0.33859816, 7 : 0.12273713, 7 : 0.063538305",6
1.95895364993131E+018,"7 : 0.086479284, 7 : 0.08319134, 7 : 0.08102822",6
1.95804879507137E+018,"2 : 0.13725784, 2 : 0.09801736, 7 : 0.093470946",6
1.95725798880673E+018,"7 : 0.19034345, 7 : 0.12528995, 7 : 0.10613327",6
1.95674026074855E+018,"7 : 0.35656026, 4 : 0.19169405, 7 : 0.0998758",6
1.95659264028132E+018,"13 : 0.8612424, 2 : 0.020834712, 13 : 0.018854072",6
1.95583675293967E+018,"2 : 0.18345621, 13 : 0.08691859, 2 : 0.056590892",6
1.95518843896759E+018,"7 : 0.12040029, 7 : 0.06360483, 2 : 0.02944321",6
1.95445413038865E+018,"7 : 0.21666189, 7 : 0.05564603, 7 : 0.053293176",6
1.95376011849323E+018,"13 : 0.58807105, 7 : 0.06553784, 7 : 0.061590098",6
1.95308720275577E+018,"7 : 0.12894873, 7 : 0.067123435, 7 : 0.057899125",6
1.95077605896784E+018,"10 : 0.258679, 10 : 0.09741732, 7 : 0.04816458",6
1.95009435175942E+018,"7 : 0.41002667, 2 : 0.06100134, 3 : 0.047473427",6
1.9494367391246E+018,"2 : 0.2625672, 10 : 0.17758791, 7 : 0.09487573",6
1.94640146866557E+018,"7 : 0.2724197, 7 : 0.14506128, 2 : 0.0449109",6
1.94497094406789E+018,"7 : 0.78599125, 7 : 0.016359482, 5 : 0.016228272",6
1.94422351506854E+018,"4 : 0.8476631, 7 : 0.048183396, 7 : 0.011769893",6
1.94352175761894E+018,"13 : 0.53224134, 10 : 0.05020038, 12 : 0.012666787",6
1.94200326971675E+018,"2 : 0.41600725, 2 : 0.20615448, 7 : 0.101919495",6
1.94133869079608E+018,"7 : 0.64801925, 7 : 0.200871, 7 : 0.0072285184",6
1.94060919725281E+018,"7 : 0.8169517, 7 : 0.030175168, 7 : 0.022260576",6
1.94000437906081E+018,"13 : 0.09672397, 7 : 0.063944906, 2 : 0.062594995",6
1.9398918711929E+018,"2 : 0.13007127, 10 : 0.12251935, 7 : 0.07877478",6
1.93918980480759E+018,"7 : 0.38338354, 2 : 0.16742773, 7 : 0.14676628",6
1.93856104785179E+018,"7 : 0.19989313, 7 : 0.11190528, 7 : 0.11080403",6
1.93776565968737E+018,"7 : 0.29134715, 7 : 0.15297924, 10 : 0.070516735",6
1.9362764664571E+018,"2 : 0.27156627, 12 : 0.096365504, 10 : 0.0386325",6
1.93558900173573E+018,"10 : 0.49174598, 7 : 0.064062715, 7 : 0.055707797",6
1.93492649707446E+018,"7 : 0.6799521, 2 : 0.044849712, 10 : 0.013537932",6
1.93411121741486E+018,"7 : 0.9595923, 10 : 0.01404497, 2 : 0.0031644295",6
1.93353505256026E+018,"7 : 0.454632, 7 : 0.25178042, 7 : 0.110668555",6
1.9333758664173E+018,"7 : 0.35123792, 7 : 0.13657875, 7 : 0.06835092",6
1.9327571854129E+018,"7 : 0.40767434, 7 : 0.21816772, 10 : 0.03999019",6
1.93197953442304E+018,"7 : 0.3217128, 7 : 0.069169454, 11 : 0.066296056",6
1.93125685432572E+018,"7 : 0.5786846, 2 : 0.075109944, 7 : 0.045430273",6
1.93045638408239E+018,"7 : 0.6023941, 7 : 0.18820275, 7 : 0.03081607",6
1.92966472670955E+018,"8 : 0.84531444, 2 : 0.052967303, 8 : 0.016599488",6
1.92911282165874E+018,"7 : 0.8652378, 7 : 0.036186032, 7 : 0.0032192012",6
1.92900900433831E+018,"7 : 0.08107111, 7 : 0.059604265, 7 : 0.059378996",6
1.92849652218848E+018,"7 : 0.18722862, 7 : 0.17666478, 2 : 0.12805845",6
1.9283278909258E+018,"7 : 0.1167526, 10 : 0.080196455, 7 : 0.050154343",6
1.92774633537552E+018,"7 : 0.30332613, 7 : 0.20321575, 7 : 0.18674447",6
1.92758363953127E+018,"13 : 0.220573, 8 : 0.17911759, 13 : 0.10042691",6
1.92713093612034E+018,"2 : 0.59557045, 7 : 0.052893993, 2 : 0.04919976",6
1.92704253172625E+018,"2 : 0.14294288, 7 : 0.07307896, 12 : 0.06976273",6
1.92685304705535E+018,"7 : 0.33544955, 7 : 0.118615806, 7 : 0.10407264",6
1.92617582439688E+018,"7 : 0.596088, 7 : 0.033839803, 7 : 0.018221645",6
1.92542613705003E+018,"10 : 0.26341325, 7 : 0.10293154, 13 : 0.018714309",6
1.92395298423907E+018,"2 : 0.24786799, 2 : 0.04367803, 7 : 0.03373714",6
1.92326750013524E+018,"7 : 0.22000492, 7 : 0.11387432, 7 : 0.099900335",6
1.92254726695276E+018,"7 : 0.9080767, 7 : 0.01813475, 7 : 0.0064265225",6
1.92183587186502E+018,"7 : 0.67777026, 10 : 0.089405365, 2 : 0.014833377",6
1.92113119242011E+018,"7 : 0.3357551, 7 : 0.10523368, 7 : 0.06953468",6
1.92031617206081E+018,"7 : 0.9669427, 3 : 0.00036670006, 7 : 0.00035548958",6
1.91973801024742E+018,"2 : 0.7330958, 7 : 0.050616108, 12 : 0.042332843",6
1.91817258711067E+018,"7 : 0.96108747, 7 : 0.006066077, 7 : 0.0033866884",6
1.91741040426947E+018,"7 : 0.31069332, 10 : 0.18754894, 7 : 0.1307779",6
1.91671040225363E+018,"7 : 0.6715428, 7 : 0.04307827, 7 : 0.02918933",6
1.91462467854062E+018,"7 : 0.48748547, 7 : 0.3267214, 10 : 0.0100780325",6
1.91451741431616E+018,"2 : 0.13712479, 7 : 0.06755836, 10 : 0.063136466",6
1.91321118681846E+018,"13 : 0.99784625, 7 : 0.0013214026, 7 : 0.00017608001",6
1.91240866428557E+018,"6 : 0.587805, 6 : 0.029124651, 6 : 0.024958955",6
1.91168717283706E+018,"7 : 0.20999108, 2 : 0.18615253, 12 : 0.12703201",6
1.91090450226359E+018,"7 : 0.8932768, 7 : 0.009207666, 14 : 0.0032007366",6
1.90944810299588E+018,"7 : 0.33028886, 7 : 0.095805086, 2 : 0.05397811",6
1.90878610185235E+018,"7 : 0.5498565, 7 : 0.12142394, 2 : 0.07836478",6
1.90800538413876E+018,"7 : 0.20411196, 2 : 0.113662206, 7 : 0.09903375",6
1.90673470351827E+018,"10 : 0.5000915, 7 : 0.062288873, 13 : 0.044763487",6
1.90586186455263E+018,"7 : 0.48362345, 7 : 0.15260193, 4 : 0.06091789",6
1.90437329578698E+018,"6 : 0.7170031, 6 : 0.024166256, 6 : 0.021405574",6
1.90296681460872E+018,"2 : 0.27483845, 2 : 0.046515528, 7 : 0.032752898",6
1.90221818305233E+018,"7 : 0.28834176, 7 : 0.02923793, 10 : 0.02591712",6
1.90214007126881E+018,"5 : 0.21972154, 2 : 0.17496715, 10 : 0.06954296",6
1.90146609603512E+018,"7 : 0.3651514, 7 : 0.069715165, 7 : 0.06415994",6
1.9007704082214E+018,"7 : 0.95950526, 7 : 0.010191166, 7 : 0.0023701405",6
1.89932256675994E+018,"7 : 0.7507938, 2 : 0.007984612, 2 : 0.005511815",6
1.89859145929924E+018,"10 : 0.7789091, 10 : 0.046434555, 7 : 0.023337597",6
1.89638812418166E+018,"10 : 0.7687897, 10 : 0.19484632, 2 : 0.002625746",6
1.89565209051899E+018,"7 : 0.1813626, 7 : 0.113788925, 7 : 0.08169681",6
1.89505465461226E+018,"7 : 0.93705255, 7 : 0.005530213, 7 : 0.0032963587",6
1.89420302044546E+018,"7 : 0.40244985, 7 : 0.37150347, 7 : 0.12267508",6
1.89377222979678E+018,"7 : 0.11622537, 10 : 0.09008359, 3 : 0.06687986",6
1.89352544204145E+018,"7 : 0.84731334, 7 : 0.13064125, 7 : 0.0017503635",6
1.89201681088786E+018,"7 : 0.15593554, 7 : 0.10059073, 7 : 0.032293852",6
1.89135330670711E+018,"7 : 0.18455715, 13 : 0.17998658, 13 : 0.13698523",6
1.8891507716363E+018,"7 : 0.93025905, 7 : 0.008973273, 12 : 0.0038970658",6
1.88719724726027E+018,"12 : 0.8543477, 2 : 0.022643887, 4 : 0.01125275",6
1.88625979071284E+018,"10 : 0.23254761, 10 : 0.11662485, 10 : 0.048257872",6
1.88547395958047E+018,"10 : 0.23091187, 7 : 0.14314355, 13 : 0.09220817",6
1.88416349353715E+018,"7 : 0.12566403, 7 : 0.11779969, 7 : 0.073048025",6
1.88403204418406E+018,"7 : 0.16350931, 7 : 0.08988442, 7 : 0.0710564",6
1.88344578310269E+018,"7 : 0.14759652, 10 : 0.12934187, 10 : 0.1032199",6
1.88271857547213E+018,"10 : 0.12459252, 10 : 0.07649917, 13 : 0.07609857",6
1.88258162523051E+018,"7 : 0.18113603, 7 : 0.11509903, 7 : 0.06784709",6
1.88204582202041E+018,"7 : 0.6457376, 7 : 0.11406085, 7 : 0.042014737",6
1.88122638498358E+018,"7 : 0.45361245, 7 : 0.06535359, 7 : 0.05181758",6
1.88041847030364E+018,"2 : 0.11109011, 13 : 0.065466546, 7 : 0.03405217",6
1.879736950136E+018,"7 : 0.05785372, 2 : 0.02879763, 2 : 0.024217471",6
1.87896410152382E+018,"2 : 0.14143108, 13 : 0.10182683, 13 : 0.062478833",6
1.87754190794607E+018,"7 : 0.68564826, 12 : 0.07072488, 7 : 0.03777523",6
1.8768492932656E+018,"7 : 0.25745967, 7 : 0.12096238, 10 : 0.017476466",6
1.87614462047273E+018,"7 : 0.4325499, 7 : 0.09938259, 13 : 0.023619935",6
1.87534587007879E+018,"7 : 0.49757293, 2 : 0.044211876, 7 : 0.03055833",6
1.87390952070814E+018,"7 : 0.21548644, 7 : 0.16417462, 7 : 0.104461774",6
1.87320430508013E+018,"7 : 0.13526879, 2 : 0.121491455, 7 : 0.093766786",6
1.87255489376931E+018,"7 : 0.98828655, 7 : 0.0014680192, 7 : 0.00029832713",6
1.87178626424944E+018,"7 : 0.6896532, 7 : 0.04080435, 7 : 0.01111174",6
1.87106972253259E+018,"2 : 0.74002814, 7 : 0.05363456, 2 : 0.027308324",6
1.87100110449924E+018,"10 : 0.18638015, 6 : 0.060226362, 7 : 0.06021671",6
1.87027398141042E+018,"7 : 0.14945556, 12 : 0.10689326, 7 : 0.04329167",6
1.86880799898843E+018,"7 : 0.91811705, 7 : 0.008856347, 2 : 0.008400885",6
1.86815201074055E+018,"10 : 0.6025633, 7 : 0.02010314, 7 : 0.007745194",6
1.86737788434182E+018,"7 : 0.14047071, 8 : 0.12574326, 8 : 0.052391548",6
1.86666556286654E+018,"13 : 0.13432649, 7 : 0.06563682, 2 : 0.036999032",6
1.86525161986229E+018,"7 : 0.078668036, 7 : 0.05744709, 10 : 0.03199898",6
1.86379091608105E+018,"14 : 0.6704972, 14 : 0.018859064, 7 : 0.01372015",6
1.86317663194876E+018,"7 : 0.16641366, 7 : 0.07588777, 2 : 0.06918486",6
1.86260272312628E+018,"2 : 0.81885606, 7 : 0.0660852, 12 : 0.033881135",6
1.86022680785929E+018,"7 : 0.7364937, 13 : 0.027968548, 10 : 0.009188107",6
1.85881235667317E+018,"4 : 0.25601217, 10 : 0.10709761, 4 : 0.05907567",6
1.85810119998986E+018,"12 : 0.31364372, 12 : 0.04244864, 2 : 0.032325037",6
1.85743639206837E+018,"7 : 0.24679777, 7 : 0.22870462, 7 : 0.09691996",6
1.85669365434782E+018,"3 : 0.06581396, 2 : 0.046987593, 7 : 0.04687688",6
1.85586518853458E+018,"7 : 0.41585714, 6 : 0.040834688, 7 : 0.019716494",6
1.85512560645739E+018,"13 : 0.03976235, 7 : 0.022616329, 7 : 0.017779196",6
1.85361990191289E+018,"7 : 0.11421284, 10 : 0.09134061, 7 : 0.07678428",6
1.85289716995709E+018,"7 : 0.99932766, 12 : 9.878207e-05, 4 : 8.118728e-05",6
1.84999068477194E+018,"7 : 0.8229956, 9 : 0.021525737, 7 : 0.020856846",6
1.84503125717022E+018,"7 : 0.31291786, 7 : 0.21802604, 7 : 0.07256737",6
1.84355078860382E+018,"7 : 0.91125363, 7 : 0.022698347, 7 : 0.021427557",6
1.84292246496144E+018,"7 : 0.97695583, 7 : 0.005465989, 7 : 0.0035687773",6
1.8420827187356E+018,"7 : 0.60787976, 7 : 0.22364609, 7 : 0.07355058",6
1.84133045679909E+018,"7 : 0.62629944, 7 : 0.05237231, 12 : 0.017543113",6
1.84070284330292E+018,"7 : 0.4795556, 7 : 0.30209607, 7 : 0.038741175",6
1.84057585974249E+018,"7 : 0.83858347, 12 : 0.01120147, 7 : 0.0084166685",6
1.83988910642562E+018,"7 : 0.7001641, 10 : 0.01603235, 2 : 0.009772393",6
1.83851593208998E+018,"7 : 0.20251727, 13 : 0.12094266, 7 : 0.11302198",6
1.83840633978355E+018,"7 : 0.6938656, 7 : 0.029716479, 7 : 0.023199268",6
1.83552407489215E+018,"7 : 0.6973623, 7 : 0.1773393, 7 : 0.018188799",6
1.83477562161837E+018,"8 : 0.25358558, 2 : 0.09047738, 7 : 0.060550172",6
1.83332726692519E+018,"7 : 0.120892376, 10 : 0.119103834, 7 : 0.10800024",6
1.83265954090071E+018,"7 : 0.9070312, 10 : 0.021312652, 7 : 0.005767231",6
1.83192924163176E+018,"7 : 0.5345521, 7 : 0.12174085, 7 : 0.1217203",6
1.82973781048586E+018,"10 : 0.201153, 7 : 0.11133154, 7 : 0.07099075",6
1.82822615827595E+018,"7 : 0.14793539, 7 : 0.10237617, 7 : 0.05101878",6
1.82782782155079E+018,"7 : 0.3691286, 7 : 0.14092554, 7 : 0.04446543",6
1.82678485234562E+018,"7 : 0.9018231, 7 : 0.058450233, 7 : 0.005828755",6
1.82623931098515E+018,"7 : 0.98575276, 12 : 0.0013201651, 7 : 0.00091910694",6
1.82534290794952E+018,"7 : 0.7049236, 2 : 0.03161658, 12 : 0.013248021",6
1.82321626382699E+018,"7 : 0.15520364, 7 : 0.11246121, 12 : 0.108868316",6
1.8218846421086E+018,"2 : 0.2914713, 7 : 0.13332947, 2 : 0.0793421",6
1.82117250998925E+018,"7 : 0.85220367, 7 : 0.055215478, 2 : 0.0060716434",6
1.8173778561941E+018,"7 : 0.24481232, 7 : 0.15144037, 7 : 0.066276",6
1.81596571622074E+018,"12 : 0.9626372, 7 : 0.0017097383, 2 : 0.0013680919",6
1.81521518586912E+018,"7 : 0.11987515, 7 : 0.09841115, 7 : 0.08224461",6
1.81230794451796E+018,"7 : 0.8033833, 2 : 0.07966977, 12 : 0.016003717",6
1.80796224149494E+018,"3 : 0.4745863, 12 : 0.09841293, 14 : 0.04417309",6
1.80659591127329E+018,"7 : 0.9536841, 7 : 0.0022117281, 3 : 0.0018668987",6
1.80508877486913E+018,"7 : 0.41002837, 7 : 0.37675548, 7 : 0.03271581",6
1.80223897526626E+018,"13 : 0.20972936, 12 : 0.1883054, 7 : 0.12030635",6
1.80143303081047E+018,"7 : 0.52684635, 7 : 0.28951094, 7 : 0.11777559",6
1.79782299307264E+018,"2 : 0.4661433, 7 : 0.23503622, 12 : 0.07487551",6
1.79728007248103E+018,"2 : 0.25983855, 7 : 0.13918883, 2 : 0.092871875",6
1.7964324941389E+018,"7 : 0.3209565, 7 : 0.116255656, 12 : 0.04831854",6
1.79146286817902E+018,"7 : 0.23824869, 10 : 0.12909177, 7 : 0.123069964",6
1.79073046508085E+018,"7 : 0.29844338, 7 : 0.27312654, 7 : 0.1967933",6
1.79000878257353E+018,"7 : 0.76613307, 4 : 0.024079368, 2 : 0.009981948",6
1.78765444200937E+018,"13 : 0.9975292, 7 : 0.0007847809, 7 : 6.3586536e-05",6
1.78187125327815E+018,"2 : 0.09390312, 7 : 0.035061687, 12 : 0.032715727",6
1.77984212722669E+018,"7 : 0.5293037, 7 : 0.19350928, 7 : 0.06338553",6
1.77766044419697E+018,"7 : 0.085238196, 7 : 0.07753155, 7 : 0.033516236",6
1.77625892427661E+018,"7 : 0.34622753, 7 : 0.11121063, 7 : 0.056512058",6
1.77550953780397E+018,"7 : 0.67918056, 7 : 0.2328855, 7 : 0.005202521",6
1.77481675530932E+018,"7 : 0.934945, 7 : 0.013732286, 7 : 0.011337848",6
1.77273406594878E+018,"7 : 0.3496136, 7 : 0.12238936, 12 : 0.037233233",6
1.77273348200937E+018,"7 : 0.3496136, 7 : 0.12238936, 12 : 0.037233233",6
1.77248986523184E+018,"7 : 0.27144885, 7 : 0.13443269, 7 : 0.10984361",6
1.77174182950111E+018,"7 : 0.6797533, 4 : 0.08407805, 7 : 0.041011907",6
1.77098057057283E+018,"7 : 0.6073922, 7 : 0.037289765, 12 : 0.013800623",6
1.76596472768631E+018,"7 : 0.71361095, 10 : 0.020528194, 10 : 0.01620579",6
1.76234310491153E+018,"7 : 0.35803133, 7 : 0.21145576, 7 : 0.1028406",6
1.76085153364511E+018,"2 : 0.53498894, 2 : 0.2634216, 2 : 0.027016047",6
1.76019214501621E+018,"2 : 0.61491525, 2 : 0.02921024, 12 : 0.013709443",6
1.75945808886723E+018,"7 : 0.86249596, 7 : 0.07550035, 7 : 0.003550146",6
1.75726512014829E+018,"2 : 0.4427116, 7 : 0.08911056, 12 : 0.046501577",6
1.75649255670672E+018,"7 : 0.5584708, 14 : 0.013251409, 10 : 0.01304981",6
1.75591265864454E+018,"14 : 0.48461506, 12 : 0.03461005, 12 : 0.030484611",6
1.75503952042205E+018,"7 : 0.46078295, 7 : 0.19467425, 13 : 0.109556444",6
1.75434144516018E+018,"7 : 0.11465088, 13 : 0.065566525, 7 : 0.049761716",6
1.74149869101948E+018,"7 : 0.9403561, 13 : 0.016742425, 7 : 0.0068026106",6
1.74076654141762E+018,"7 : 0.9925896, 7 : 0.0033816842, 7 : 0.0005495851",6
1.73714093341654E+018,"7 : 0.37151238, 2 : 0.12329686, 7 : 0.097533144",6
1.73635923613151E+018,"12 : 0.58797485, 7 : 0.09069394, 7 : 0.059904374",6
1.7349310743697E+018,"7 : 0.41876075, 7 : 0.32497498, 7 : 0.03272957",6
1.73191422523509E+018,"7 : 0.5159595, 7 : 0.14253864, 7 : 0.014179667",6
1.73131264881937E+018,"7 : 0.67688096, 7 : 0.046548128, 7 : 0.009873801",6
1.73054712779991E+018,"7 : 0.23754577, 7 : 0.09977938, 13 : 0.069995284",6
1.72986215108161E+018,"13 : 0.9894219, 13 : 0.0005252778, 7 : 0.00028218926",6
1.72916338995012E+018,"7 : 0.36231717, 7 : 0.33133337, 7 : 0.023938078",6
1.7268300176428E+018,"7 : 0.29720473, 12 : 0.21063057, 2 : 0.12575364",6
1.6964327668863E+018,"7 : 0.16848825, 11 : 0.15949425, 7 : 0.08245381",6
1.66890982696809E+018,"7 : 0.74407405, 7 : 0.06328717, 7 : 0.043949883",6
1.6660389434798E+018,"4 : 0.33537915, 7 : 0.12928317, 8 : 0.07752967",6
1.66463017307584E+018,"3 : 0.078888856, 7 : 0.061960064, 2 : 0.04097199",6
1.66382290164296E+018,"12 : 0.23310259, 7 : 0.11202041, 7 : 0.06842522",6
2.20913162879105E+018,"3 : 0.15736884, 3 : 0.14879964, 3 : 0.06996722",6
2.20708549957605E+018,"13 : 0.33994704, 5 : 0.24899775, 7 : 0.08809477",6
2.20387509131447E+018,"3 : 0.5809958, 14 : 0.16401897, 12 : 0.03477544",6
2.20297461089556E+018,"3 : 0.6691732, 3 : 0.06508821, 3 : 0.035781983",6
2.20239932150755E+018,"3 : 0.6977756, 3 : 0.27588704, 3 : 0.004427139",6
2.19866749216394E+018,"3 : 0.2540347, 9 : 0.13987787, 3 : 0.052073706",6
2.1931384973558E+018,"3 : 0.8864078, 3 : 0.024829498, 3 : 0.006346402",6
2.19094310385092E+018,"2 : 0.24971464, 2 : 0.17817374, 2 : 0.082675755",6
2.18947629548695E+018,"2 : 0.21394175, 3 : 0.09828545, 3 : 0.08625451",6
2.18524595366669E+018,"6 : 0.6953771, 4 : 0.018382115, 7 : 0.009449659",6
2.18439109260991E+018,"3 : 0.26938462, 9 : 0.12152757, 3 : 0.032231662",6
2.18311093836703E+018,"2 : 0.38654104, 3 : 0.1446466, 7 : 0.11331268",6
2.18200011221826E+018,"3 : 0.29528108, 7 : 0.23162228, 3 : 0.03370563",6
2.18152972242562E+018,"7 : 0.465254, 7 : 0.32659745, 7 : 0.03214871",6
2.18054972617318E+018,"7 : 0.4523667, 3 : 0.09718645, 7 : 0.02816992",6
2.17861728024679E+018,"3 : 0.4821446, 3 : 0.15828803, 3 : 0.022908332",6
2.17856962703098E+018,"3 : 0.646673, 3 : 0.053603154, 3 : 0.0516181",6
2.17766794473424E+018,"3 : 0.74984366, 10 : 0.14196141, 3 : 0.027816981",6
2.17494560641452E+018,"3 : 0.1915022, 7 : 0.045054574, 3 : 0.037729774",6
2.1733676608977E+018,"3 : 0.91605014, 3 : 0.0065479325, 3 : 0.0059973653",6
2.17295214027516E+018,"5 : 0.3413319, 2 : 0.30501962, 2 : 0.014989499",6
2.17148078577304E+018,"5 : 0.044127528, 9 : 0.03440574, 2 : 0.031028856",6
2.16761547046387E+018,"3 : 0.6218507, 7 : 0.030156258, 6 : 0.01907639",6
2.16472706500232E+018,"3 : 0.51557606, 3 : 0.19932097, 3 : 0.10778576",6
2.16018110489259E+018,"7 : 0.7726998, 3 : 0.033366162, 9 : 0.013707171",6
2.15689184452143E+018,"2 : 0.13854186, 12 : 0.05036238, 12 : 0.042914398",6
2.15683663477205E+018,"7 : 0.54497606, 2 : 0.12545224, 7 : 0.10214418",6
2.15465296190576E+018,"3 : 0.3951298, 3 : 0.097152755, 3 : 0.08890815",6
2.15232138986095E+018,"13 : 0.75100297, 3 : 0.10702449, 3 : 0.01794614",6
2.15047214891799E+018,"3 : 0.3978283, 3 : 0.13384894, 3 : 0.039883096",6
2.15017476236248E+018,"3 : 0.41984865, 3 : 0.33386633, 3 : 0.09578146",6
2.1482447924508E+018,"14 : 0.42520297, 2 : 0.09780838, 7 : 0.08716443",6
2.14645528724715E+018,"7 : 0.24188797, 14 : 0.14879854, 7 : 0.04234801",6
2.14497959276366E+018,"3 : 0.1580801, 3 : 0.116568126, 3 : 0.07296564",6
2.14469026882467E+018,"2 : 0.91703784, 3 : 0.07163333, 3 : 0.003966786",6
2.1436297397226E+018,"3 : 0.2771358, 3 : 0.27318, 3 : 0.17084086",6
2.1431115867626E+018,"3 : 0.8401697, 3 : 0.067385904, 3 : 0.004927675",6
2.14309229896209E+018,"3 : 0.3287938, 3 : 0.30847284, 3 : 0.019381378",6
2.14148159284445E+018,"3 : 0.32852426, 3 : 0.20809808, 3 : 0.15247877",6
2.13939040055567E+018,"3 : 0.77507025, 3 : 0.053397335, 3 : 0.023062358",6
2.13775318588496E+018,"3 : 0.6737628, 3 : 0.04406903, 3 : 0.041076012",6
2.13737510824376E+018,"3 : 0.44974044, 3 : 0.3333853, 3 : 0.061033994",6
2.13702408016414E+018,"3 : 0.3662153, 3 : 0.04823471, 3 : 0.045680683",6
2.13413202466743E+018,"3 : 0.68042856, 3 : 0.08698466, 3 : 0.031845",6
2.13356700376032E+018,"3 : 0.32374927, 7 : 0.21273983, 3 : 0.021277431",6
2.13147356746911E+018,"3 : 0.41597044, 3 : 0.4066202, 3 : 0.06124726",6
2.12756329303704E+018,"3 : 0.11145351, 7 : 0.10998462, 3 : 0.05622594",6
2.12710463608008E+018,"3 : 0.61043674, 3 : 0.13237791, 3 : 0.025478782",6
2.1270899071271E+018,"7 : 0.826764, 7 : 0.014808805, 6 : 0.006693723",6
2.12648749209501E+018,"3 : 0.6992656, 3 : 0.10368687, 3 : 0.051499255",6
2.11563668449542E+018,"12 : 0.2482133, 2 : 0.19667532, 3 : 0.12825197",6
2.11558279151198E+018,"12 : 0.050466083, 12 : 0.03636064, 2 : 0.03560415",6
2.11532295862409E+018,"3 : 0.31971252, 3 : 0.18785423, 3 : 0.12717704",6
2.11454091852147E+018,"3 : 0.76271355, 3 : 0.098068334, 3 : 0.026923886",6
2.11453458581043E+018,"3 : 0.5335717, 7 : 0.17188126, 2 : 0.04178653",6
2.10814944639207E+018,"3 : 0.30699414, 3 : 0.09900554, 3 : 0.06412219",6
2.10689897406097E+018,"3 : 0.9421255, 3 : 0.011105494, 3 : 0.008805324",6
2.09938545851808E+018,"3 : 0.15400793, 2 : 0.06381969, 2 : 0.062581636",6
2.08880302255376E+018,"3 : 0.21833311, 3 : 0.12143241, 3 : 0.057948813",6
2.08790002988173E+018,"3 : 0.18018627, 3 : 0.1318621, 3 : 0.09604006",6
2.08669472155773E+018,"3 : 0.16107875, 3 : 0.1427212, 6 : 0.06664108",6
2.08557883097982E+018,"3 : 0.9661765, 3 : 0.0030981682, 3 : 0.0020556122",6
2.08115196909563E+018,"3 : 0.9610583, 3 : 0.011504775, 3 : 0.006292654",6
2.07709549329876E+018,"3 : 0.7429555, 3 : 0.049054004, 3 : 0.021874933",6
2.07690607659233E+018,"3 : 0.340795, 13 : 0.087569736, 13 : 0.052703384",6
2.07430986261254E+018,"3 : 0.9596503, 3 : 0.006984161, 3 : 0.004576899",6
2.07404458545118E+018,"3 : 0.9320565, 3 : 0.028824294, 3 : 0.0047866707",6
2.06559616695275E+018,"3 : 0.31272897, 14 : 0.12698445, 3 : 0.101575784",6
2.05836501337135E+018,"3 : 0.27650443, 3 : 0.27282214, 3 : 0.25936574",6
2.05836389010307E+018,"3 : 0.55673003, 3 : 0.24261108, 3 : 0.047401026",6
2.05700105883791E+018,"3 : 0.16851352, 3 : 0.10527652, 2 : 0.053009864",6
2.05659249746494E+018,"3 : 0.17571245, 3 : 0.086716354, 3 : 0.032103896",6
2.05478652488582E+018,"2 : 0.2699771, 3 : 0.11096614, 9 : 0.10544115",6
2.05396613771406E+018,"3 : 0.2942978, 3 : 0.14421509, 3 : 0.1084241",6
2.05221646142814E+018,"3 : 0.38845852, 3 : 0.3665938, 3 : 0.03950286",6
2.05185309498102E+018,"2 : 0.77434623, 3 : 0.12501141, 3 : 0.033285942",6
2.04865281973888E+018,"3 : 0.4226319, 3 : 0.41697893, 3 : 0.026304087",6
2.04664481971709E+018,"3 : 0.659254, 3 : 0.050984442, 3 : 0.04251885",6
2.04568026044962E+018,"7 : 0.14864916, 3 : 0.11846988, 3 : 0.07096901",6
2.03642606186174E+018,"2 : 0.24178001, 7 : 0.110832274, 5 : 0.06686286",6
2.03627824318028E+018,"3 : 0.5188377, 3 : 0.34557098, 3 : 0.021505294",6
2.03627109797364E+018,"3 : 0.82065266, 3 : 0.021435808, 3 : 0.010134175",6
2.03559221458887E+018,"3 : 0.17295155, 7 : 0.1232928, 7 : 0.05458697",6
2.03479981789415E+018,"3 : 0.97756857, 3 : 0.00850908, 3 : 0.001162944",6
2.03060319759772E+018,"3 : 0.6833507, 3 : 0.2162321, 7 : 0.0155496225",6
2.02680437408618E+018,"7 : 0.45455962, 3 : 0.06374603, 3 : 0.027030857",6
2.02647588192592E+018,"3 : 0.32711405, 3 : 0.15065755, 3 : 0.0524613",6
2.02487996199667E+018,"14 : 0.7799005, 2 : 0.06920869, 12 : 0.0277329",6
2.0248709744839E+018,"4 : 0.49621084, 13 : 0.12629464, 10 : 0.054359816",6
2.02480149567041E+018,"3 : 0.19069213, 2 : 0.10310886, 5 : 0.042376712",6
2.02403821510444E+018,"12 : 0.0377724, 2 : 0.024563914, 13 : 0.024054965",6
2.02403761076403E+018,"12 : 0.7775907, 12 : 0.17578351, 13 : 0.0045267222",6
2.02403700123928E+018,"2 : 0.1766923, 12 : 0.11291582, 12 : 0.08553886",6
2.02403646297601E+018,"2 : 0.075519376, 12 : 0.0739511, 7 : 0.054074686",6
2.02403615758028E+018,"12 : 0.095925465, 2 : 0.08912258, 12 : 0.034906577",6
2.02403589428704E+018,"3 : 0.15467368, 2 : 0.085373394, 6 : 0.06412951",6
2.02138305282475E+018,"13 : 0.21315908, 13 : 0.2077798, 4 : 0.025370896",6
2.02127257821284E+018,"2 : 0.21224022, 3 : 0.084149025, 2 : 0.060287293",6
2.01972964109211E+018,"3 : 0.496795, 3 : 0.08656631, 3 : 0.057675853",6
2.01959898192046E+018,"3 : 0.8689957, 2 : 0.027008435, 3 : 0.006150571",6
2.0191771095698E+018,"3 : 0.25782344, 3 : 0.092190534, 2 : 0.041283373",6
2.0177779075396E+018,"3 : 0.66346896, 3 : 0.08767041, 3 : 0.054906968",6
2.01637890110778E+018,"3 : 0.6289937, 3 : 0.09239812, 3 : 0.019524965",6
2.0154690395742E+018,"3 : 0.55943274, 3 : 0.13583025, 3 : 0.06098713",6
2.01454682434742E+018,"3 : 0.3849422, 3 : 0.07745834, 3 : 0.06883189",6
2.01340414403686E+018,"3 : 0.8623913, 3 : 0.07969387, 3 : 0.0049927067",6
2.00985967270757E+018,"3 : 0.25017744, 3 : 0.11127075, 2 : 0.054626346",6
2.00953408566528E+018,"3 : 0.29787228, 2 : 0.09327988, 7 : 0.058490805",6
2.0060717864135E+018,"3 : 0.27766317, 3 : 0.18537235, 3 : 0.09939452",6
2.00389473812326E+018,"3 : 0.9539559, 3 : 0.0128506655, 3 : 0.004562894",6
2.00106459241685E+018,"3 : 0.6518897, 3 : 0.2225299, 3 : 0.022922369",6
2.00102296922616E+018,"3 : 0.6518897, 3 : 0.2225299, 3 : 0.022922369",6
2.00010171946938E+018,"3 : 0.23591304, 3 : 0.1793085, 3 : 0.13665792",6
1.9931520412576E+018,"3 : 0.62382656, 3 : 0.05602685, 3 : 0.03649774",6
1.99074513367624E+018,"3 : 0.53684545, 3 : 0.09938757, 3 : 0.08442047",6
1.99066102965202E+018,"3 : 0.37331262, 2 : 0.07005168, 13 : 0.029058274",6
1.99025498406414E+018,"3 : 0.38733134, 3 : 0.17874962, 3 : 0.10953402",6
1.98952604311268E+018,"3 : 0.38161802, 3 : 0.15463698, 3 : 0.08242006",6
1.98923120647587E+018,"7 : 0.06896041, 7 : 0.05236477, 14 : 0.047257733",6
1.98776365683568E+018,"3 : 0.5584178, 3 : 0.09682275, 3 : 0.07727717",6
1.98589115134668E+018,"2 : 0.8435304, 7 : 0.024861198, 3 : 0.019795904",6
1.98586373490117E+018,"14 : 0.36483103, 3 : 0.36240745, 3 : 0.017523674",6
1.98515136068628E+018,"3 : 0.9560862, 3 : 0.0148884915, 3 : 0.002368327",6
1.98509152836126E+018,"3 : 0.77486736, 3 : 0.06981995, 3 : 0.033155836",6
1.98490568156133E+018,"2 : 0.3975111, 2 : 0.061632607, 13 : 0.053572852",6
1.98486934602898E+018,"7 : 0.17295426, 2 : 0.089134395, 2 : 0.056558233",6
1.98083126584404E+018,"3 : 0.33944127, 3 : 0.120271474, 3 : 0.08245352",6
1.9807164306826E+018,"7 : 0.7647208, 3 : 0.12779279, 3 : 0.029641462",6
1.98017147079542E+018,"3 : 0.54203176, 3 : 0.061172213, 2 : 0.037315484",6
1.97998226596829E+018,"13 : 0.18253288, 14 : 0.06339256, 9 : 0.053731475",6
1.97940603909656E+018,"3 : 0.51574737, 3 : 0.3769199, 3 : 0.014773126",6
1.9794031532812E+018,"3 : 0.880357, 2 : 0.005866078, 3 : 0.005171104",6
1.97907685910443E+018,"3 : 0.45769903, 3 : 0.2699572, 7 : 0.08357705",6
1.97648026286301E+018,"3 : 0.82941675, 3 : 0.12206348, 12 : 0.01111585",6
1.97569415064681E+018,"12 : 0.12010751, 7 : 0.08948704, 7 : 0.045888685",6
1.97395635483439E+018,"3 : 0.46904474, 3 : 0.11915954, 3 : 0.075627536",6
1.97356459038383E+018,"6 : 0.7240215, 6 : 0.10541636, 6 : 0.048980705",6
1.9727315535176E+018,"3 : 0.46226034, 3 : 0.023313219, 12 : 0.016553938",6
1.9725788565502E+018,"3 : 0.49527195, 3 : 0.03868694, 2 : 0.008533938",6
1.97210097540161E+018,"11 : 0.15818152, 13 : 0.06603889, 2 : 0.031410456",6
1.97200877171653E+018,"3 : 0.78640205, 3 : 0.046269204, 3 : 0.0147183025",6
1.9703401121871E+018,"3 : 0.93732166, 3 : 0.005082568, 3 : 0.0039872555",6
1.96962505175585E+018,"3 : 0.8173001, 3 : 0.09978607, 3 : 0.023512967",6
1.96917718523314E+018,"3 : 0.6930594, 3 : 0.03418094, 3 : 0.031851176",6
1.96818822224669E+018,"3 : 0.3953434, 3 : 0.28686526, 3 : 0.030140514",6
1.96696569560005E+018,"3 : 0.6679313, 3 : 0.12056428, 3 : 0.03972006",6
1.96622121011114E+018,"3 : 0.90803254, 3 : 0.047250938, 3 : 0.00588163",6
1.96590393889904E+018,"2 : 0.9959193, 11 : 0.00017855004, 3 : 0.00013862817",6
1.96459994963291E+018,"3 : 0.40744177, 3 : 0.15790701, 3 : 0.049154405",6
1.96403630497679E+018,"3 : 0.23129447, 3 : 0.18121143, 7 : 0.025683543",6
1.9640272216412E+018,"7 : 0.35631785, 3 : 0.107466124, 3 : 0.07915645",6
1.9630491486031E+018,"3 : 0.3141798, 7 : 0.3020507, 3 : 0.122353114",6
1.96302745853166E+018,"3 : 0.7443141, 3 : 0.04854412, 7 : 0.034698512",6
1.96191853470961E+018,"3 : 0.36233285, 2 : 0.09331071, 3 : 0.048839025",6
1.96161704529422E+018,"3 : 0.90392953, 3 : 0.040674016, 3 : 0.0297523",6
1.96058935019227E+018,"3 : 0.8810173, 3 : 0.061030388, 12 : 0.01204607",6
1.95831557578184E+018,"7 : 0.94567746, 3 : 0.01588761, 7 : 0.0030304042",6
1.95824920663411E+018,"3 : 0.2355308, 3 : 0.15269609, 3 : 0.106590465",6
1.95462847382346E+018,"3 : 0.27900097, 3 : 0.2287125, 7 : 0.12893444",6
1.95379546412793E+018,"3 : 0.4768435, 3 : 0.09536657, 3 : 0.020550152",6
1.95296001767585E+018,"3 : 0.49274394, 3 : 0.16074757, 3 : 0.09150032",6
1.95292573018869E+018,"3 : 0.8729593, 3 : 0.012081088, 3 : 0.010846022",6
1.95230546520522E+018,"3 : 0.7479364, 3 : 0.087010644, 3 : 0.025117623",6
1.94708199705508E+018,"12 : 0.026865397, 2 : 0.01735929, 2 : 0.016739255",6
1.94673991175964E+018,"3 : 0.5420533, 3 : 0.14577441, 3 : 0.10972168",6
1.94493419449882E+018,"3 : 0.8625445, 3 : 0.028890325, 3 : 0.014622185",6
1.94460493042773E+018,"2 : 0.62732637, 13 : 0.04373244, 6 : 0.01901862",6
1.94393437898574E+018,"7 : 0.051090166, 12 : 0.028826164, 10 : 0.027428947",6
1.94202876585072E+018,"3 : 0.6883889, 3 : 0.23487328, 2 : 0.008333347",6
1.93996150787989E+018,"3 : 0.836418, 2 : 0.012418219, 3 : 0.0059968946",6
1.9379729822801E+018,"3 : 0.3509998, 3 : 0.1611826, 3 : 0.11014642",6
1.93624217313969E+018,"3 : 0.60622203, 7 : 0.13730985, 3 : 0.07520164",6
1.93450060468648E+018,"7 : 0.27940425, 2 : 0.2752664, 7 : 0.16380027",6
1.93215016432185E+018,"3 : 0.22192945, 2 : 0.21022981, 3 : 0.10597147",6
1.93122687988315E+018,"3 : 0.6994812, 3 : 0.061604645, 3 : 0.035634402",6
1.92998990815408E+018,"3 : 0.9368362, 5 : 0.02833527, 7 : 0.005822737",6
1.92778636218889E+018,"3 : 0.7771871, 3 : 0.08834076, 3 : 0.019554699",6
1.92759978766033E+018,"3 : 0.9866501, 3 : 0.0043340772, 3 : 0.0011841364",6
1.92686402571314E+018,"3 : 0.5950295, 3 : 0.048647866, 3 : 0.034170646",6
1.92640602610243E+018,"3 : 0.37684727, 3 : 0.29632246, 3 : 0.10541618",6
1.92610753351925E+018,"3 : 0.9612058, 6 : 0.0071563227, 3 : 0.0037353756",6
1.92580541333095E+018,"3 : 0.6156535, 12 : 0.030671263, 12 : 0.02836915",6
1.92347503235061E+018,"3 : 0.6205039, 3 : 0.06659283, 3 : 0.05035406",6
1.92345313773175E+018,"3 : 0.93934906, 3 : 0.008084789, 3 : 0.0017392922",6
1.92172650558109E+018,"3 : 0.38732216, 7 : 0.12394019, 2 : 0.072322875",6
1.9212785281525E+018,"3 : 0.5958802, 3 : 0.07737189, 3 : 0.062279038",6
1.9205917778453E+018,"3 : 0.84112644, 6 : 0.032454763, 3 : 0.014360625",6
1.92042786576329E+018,"3 : 0.41626602, 3 : 0.2238045, 3 : 0.08429038",6
1.91994574850423E+018,"3 : 0.21886964, 3 : 0.109538145, 3 : 0.067414984",6
1.91988819788038E+018,"3 : 0.6373767, 3 : 0.04450774, 3 : 0.0240291",6
1.9198627855569E+018,"3 : 0.4166705, 3 : 0.16304919, 3 : 0.04595471",6
1.91925897668219E+018,"3 : 0.33873975, 12 : 0.2572635, 7 : 0.048598506",6
1.91887635553425E+018,"3 : 0.30955592, 3 : 0.23307683, 3 : 0.08343381",6
1.9175232159141E+018,"3 : 0.23959474, 3 : 0.14491723, 3 : 0.12446909",6
1.91674056525338E+018,"3 : 0.88114685, 3 : 0.023875233, 3 : 0.020619083",6
1.91673869615586E+018,"3 : 0.9466914, 3 : 0.006514129, 3 : 0.0038463084",6
1.91670378411149E+018,"3 : 0.6279135, 3 : 0.09808459, 3 : 0.045553602",6
1.9162918274057E+018,"3 : 0.21938926, 2 : 0.20194958, 3 : 0.18011616",6
1.91377936592627E+018,"2 : 0.16144538, 12 : 0.036434744, 3 : 0.032042857",6
1.91310120063978E+018,"6 : 0.21143775, 3 : 0.111493036, 3 : 0.09399496",6
1.91260155940381E+018,"3 : 0.42507783, 3 : 0.2789122, 3 : 0.0929557",6
1.90981149641901E+018,"3 : 0.56485975, 3 : 0.17315759, 3 : 0.070370875",6
1.90971451848347E+018,"3 : 0.10009298, 8 : 0.04719669, 2 : 0.035154894",6
1.9096409929282E+018,"3 : 0.96785897, 6 : 0.007840637, 5 : 0.00405871",6
1.90919220942327E+018,"7 : 0.3825312, 2 : 0.2289347, 4 : 0.0484481",6
1.90739872162657E+018,"3 : 0.5651385, 3 : 0.41695943, 12 : 0.006698308",6
1.90730481667174E+018,"3 : 0.76160485, 3 : 0.17754506, 3 : 0.011006779",6
1.906539761796E+018,"3 : 0.1617706, 3 : 0.15324578, 3 : 0.060245924",6
1.90584744846951E+018,"7 : 0.6465219, 7 : 0.17381497, 7 : 0.008356922",6
1.90474110300372E+018,"3 : 0.114571996, 3 : 0.07424648, 3 : 0.073049925",6
1.90472761494394E+018,"3 : 0.58574843, 3 : 0.1079271, 3 : 0.048369106",6
1.9047216929307E+018,"3 : 0.2744472, 3 : 0.2504054, 3 : 0.16629595",6
1.90472066972192E+018,"3 : 0.59836715, 3 : 0.12578146, 3 : 0.081792235",6
1.9047136730608E+018,"3 : 0.22530672, 3 : 0.18781532, 3 : 0.0665455",6
1.90256451177345E+018,"3 : 0.8678056, 3 : 0.021881338, 3 : 0.009985537",6
1.90185296867876E+018,"10 : 0.4206291, 2 : 0.09784379, 8 : 0.03466884",6
1.89966423713794E+018,"10 : 0.38799253, 7 : 0.14926212, 7 : 0.13440093",6
1.89888103009572E+018,"3 : 0.4263504, 3 : 0.2996722, 3 : 0.03337629",6
1.89881523979368E+018,"3 : 0.70980936, 3 : 0.06638078, 3 : 0.043526728",6
1.89857163002083E+018,"2 : 0.16717078, 10 : 0.08804947, 3 : 0.029088557",6
1.89734564672389E+018,"13 : 0.2173772, 3 : 0.09383457, 12 : 0.03979918",6
1.89712760608233E+018,"2 : 0.27816024, 3 : 0.066510364, 2 : 0.037644647",6
1.89371557574711E+018,"3 : 0.22732528, 3 : 0.06740367, 3 : 0.058230463",6
1.89355580105128E+018,"3 : 0.11071166, 7 : 0.09255322, 3 : 0.09219757",6
1.89163092805767E+018,"3 : 0.40939817, 3 : 0.09103812, 3 : 0.087709166",6
1.88921205654988E+018,"12 : 0.80525243, 12 : 0.04873197, 13 : 0.0155597655",6
1.88849786862607E+018,"3 : 0.40188113, 12 : 0.11511523, 7 : 0.032508474",6
1.88791963406693E+018,"3 : 0.97283125, 3 : 0.0027831218, 3 : 0.0023284997",6
1.88758926810162E+018,"3 : 0.2635766, 3 : 0.22546008, 3 : 0.11472947",6
1.88718556881629E+018,"7 : 0.25030413, 3 : 0.15259393, 3 : 0.14155927",6
1.88647767098123E+018,"3 : 0.44779053, 3 : 0.43473634, 3 : 0.00598868",6
1.88630348569678E+018,"7 : 0.7793636, 4 : 0.038874455, 12 : 0.027064024",6
1.88624785476384E+018,"10 : 0.07858204, 12 : 0.0667094, 2 : 0.0328884",6
1.88623063911006E+018,"3 : 0.45428023, 3 : 0.25336143, 3 : 0.037845712",6
1.88586661186738E+018,"3 : 0.19928235, 8 : 0.04885513, 7 : 0.03140138",6
1.88585546347438E+018,"3 : 0.89859325, 3 : 0.025163172, 3 : 0.005662068",6
1.88575687692884E+018,"3 : 0.18852079, 2 : 0.048578367, 3 : 0.04452841",6
1.88570115180767E+018,"3 : 0.90003735, 3 : 0.024785927, 10 : 0.0013661908",6
1.88428446038514E+018,"3 : 0.780879, 3 : 0.06729711, 3 : 0.019478096",6
1.88401569404071E+018,"3 : 0.25838825, 7 : 0.055031035, 12 : 0.031166753",6
1.88394951998605E+018,"3 : 0.30589372, 3 : 0.10001486, 3 : 0.073845565",6
1.88374646481369E+018,"3 : 0.3738822, 3 : 0.1221842, 3 : 0.06454645",6
1.88372544600599E+018,"2 : 0.13023223, 7 : 0.129089, 3 : 0.091625966",6
1.88275415951946E+018,"3 : 0.33547685, 3 : 0.118055925, 3 : 0.043245476",6
1.88211676158511E+018,"7 : 0.8328547, 3 : 0.023196677, 3 : 0.013281541",6
1.88140324323914E+018,"3 : 0.6937052, 3 : 0.088306405, 3 : 0.08310723",6
1.88116615325989E+018,"3 : 0.63428205, 3 : 0.20402686, 7 : 0.018757496",6
1.87849161100685E+018,"3 : 0.66574234, 3 : 0.14024313, 3 : 0.073627315",6
1.8779512678488E+018,"3 : 0.33719572, 3 : 0.02691799, 3 : 0.023881348",6
1.87711232359882E+018,"3 : 0.2297291, 3 : 0.17111234, 3 : 0.06527416",6
1.87710215996132E+018,"3 : 0.67174363, 3 : 0.030628745, 3 : 0.025581183",6
1.87710180568528E+018,"3 : 0.4793103, 3 : 0.1699907, 3 : 0.1348698",6
1.87383698710902E+018,"13 : 0.9158753, 13 : 0.024591925, 2 : 0.010246151",6
1.87321921677883E+018,"3 : 0.80401224, 7 : 0.036813468, 3 : 0.012287727",6
1.87249530815283E+018,"3 : 0.25157782, 3 : 0.15595503, 3 : 0.10338981",6
1.8687693455814E+018,"3 : 0.2935427, 3 : 0.18738885, 3 : 0.11453889",6
1.86230779851809E+018,"3 : 0.24471994, 6 : 0.0887105, 3 : 0.076501355",6
1.8582156750697E+018,"7 : 0.10615508, 2 : 0.03851464, 10 : 0.033865727",6
1.85590574427511E+018,"3 : 0.81010956, 3 : 0.014904578, 3 : 0.013391632",6
1.85400218528334E+018,"7 : 0.054610286, 2 : 0.032407682, 2 : 0.025341801",6
1.85334421840616E+018,"12 : 0.24170177, 3 : 0.070564374, 2 : 0.038137574",6
1.85326985260719E+018,"14 : 0.11254232, 13 : 0.0303265, 3 : 0.028717877",6
1.85152741144574E+018,"3 : 0.51578766, 3 : 0.15199254, 9 : 0.054885652",6
1.85152187757331E+018,"3 : 0.19433992, 3 : 0.19384578, 3 : 0.11695415",6
1.85137333029915E+018,"3 : 0.7533382, 3 : 0.0696003, 3 : 0.028154017",6
1.84277768066608E+018,"3 : 0.49854589, 3 : 0.11421737, 3 : 0.0807446",6
1.84167116666399E+018,"3 : 0.28102192, 7 : 0.1254209, 7 : 0.051036138",6
1.83729093099685E+018,"3 : 0.7519529, 3 : 0.073702596, 3 : 0.047268957",6
1.83578579707025E+018,"13 : 0.99430376, 3 : 0.0009097027, 3 : 0.00019288485",6
1.8357325100072E+018,"3 : 0.6834388, 3 : 0.14070635, 3 : 0.010124791",6
1.83569018469828E+018,"3 : 0.7704279, 3 : 0.11104206, 3 : 0.0069426647",6
1.83438206653407E+018,"3 : 0.24551263, 3 : 0.17613, 2 : 0.07972164",6
1.83376952757623E+018,"13 : 0.104957625, 13 : 0.07336663, 7 : 0.040097564",6
1.83138755639695E+018,"3 : 0.5580265, 3 : 0.232657, 3 : 0.042622328",6
1.82850250741896E+018,"7 : 0.07764014, 7 : 0.06506181, 8 : 0.06303307",6
1.82616829391826E+018,"12 : 0.3780015, 7 : 0.073386565, 2 : 0.03644388",6
1.82604773709763E+018,"3 : 0.8261962, 3 : 0.07763986, 3 : 0.013736772",6
1.82175967450685E+018,"14 : 0.49715167, 3 : 0.07347124, 2 : 0.054285567",6
1.81621151464893E+018,"3 : 0.5322552, 3 : 0.1533109, 3 : 0.023225877",6
1.81327049931043E+018,"12 : 0.08274466, 12 : 0.062088005, 2 : 0.056911103",6
1.81237566425721E+018,"3 : 0.51906925, 3 : 0.06468595, 3 : 0.04671229",6
1.81047364374475E+018,"3 : 0.19083463, 3 : 0.12459887, 14 : 0.08052249",6
1.8066824020245E+018,"7 : 0.22684576, 7 : 0.055827633, 7 : 0.054763284",6
1.80603359382089E+018,"7 : 0.07222349, 2 : 0.057212435, 12 : 0.043654438",6
1.80459370034738E+018,"3 : 0.13767594, 7 : 0.0351657, 2 : 0.029491205",6
1.80328304967879E+018,"12 : 0.07571094, 2 : 0.06345632, 12 : 0.048841134",6
1.80252407760299E+018,"3 : 0.24411759, 3 : 0.16159888, 3 : 0.057320908",6
1.80251139354959E+018,"2 : 0.9282603, 3 : 0.010358722, 3 : 0.007479502",6
1.80188138824297E+018,"3 : 0.19757614, 7 : 0.15794948, 3 : 0.083677076",6
1.80000040312097E+018,"7 : 0.1776803, 7 : 0.04328113, 13 : 0.038702995",6
1.79964717323291E+018,"13 : 0.7877993, 7 : 0.08191117, 2 : 0.012416094",6
1.79778952465559E+018,"3 : 0.23631357, 3 : 0.22454712, 3 : 0.16772273",6
1.79718043489319E+018,"7 : 0.7954254, 13 : 0.015034942, 13 : 0.014726314",6
1.7959275098023E+018,"4 : 0.4036004, 13 : 0.122792654, 9 : 0.07670433",6
1.7952993180285E+018,"2 : 0.2851517, 7 : 0.16376984, 7 : 0.14357752",6
1.79121173081294E+018,"9 : 0.13141742, 12 : 0.06092986, 13 : 0.018316284",6
1.79080821163946E+018,"3 : 0.72987723, 3 : 0.085249096, 3 : 0.04020267",6
1.78552631336309E+018,"12 : 0.08059901, 13 : 0.04210166, 3 : 0.027249346",6
1.7855206349717E+018,"3 : 0.26500028, 3 : 0.086948186, 3 : 0.06756292",6
1.7814171952244E+018,"3 : 0.2952169, 3 : 0.061156213, 2 : 0.059066553",6
1.78071079398333E+018,"11 : 0.18136185, 12 : 0.097472034, 2 : 0.06641714",6
1.7790424383905E+018,"3 : 0.5522171, 3 : 0.33759478, 3 : 0.011262371",6
1.77715290279455E+018,"3 : 0.3493743, 3 : 0.28366816, 3 : 0.0672974",6
1.7768345323375E+018,"14 : 0.36038712, 3 : 0.23054989, 12 : 0.20067957",6
1.77629932134643E+018,"3 : 0.15190667, 3 : 0.15050618, 7 : 0.058873963",6
1.77564211118858E+018,"3 : 0.79853487, 3 : 0.045413483, 3 : 0.015096243",6
1.77464859458884E+018,"3 : 0.661749, 3 : 0.19925979, 3 : 0.010964088",6
1.77205143242841E+018,"3 : 0.5380555, 7 : 0.093472525, 3 : 0.058911152",6
1.77203720815936E+018,"3 : 0.20446579, 3 : 0.082192555, 12 : 0.071673766",6
1.77202869496389E+018,"3 : 0.6956807, 3 : 0.13684733, 12 : 0.057851415",6
1.77033579042781E+018,"7 : 0.33266157, 4 : 0.301658, 7 : 0.050097045",6
1.76971677918918E+018,"8 : 0.43510967, 3 : 0.309099, 8 : 0.015071673",6
1.76968100750544E+018,"3 : 0.35554162, 14 : 0.14963315, 7 : 0.04960039",6
1.7696212174755E+018,"3 : 0.3136141, 3 : 0.20705253, 3 : 0.20031106",6
1.76919566856726E+018,"12 : 0.51959074, 2 : 0.2061373, 4 : 0.013107201",6
1.76773551796284E+018,"2 : 0.32029486, 14 : 0.031182623, 7 : 0.027283542",6
1.76762334806485E+018,"2 : 0.29397026, 9 : 0.11354784, 13 : 0.08267575",6
1.76745758417099E+018,"13 : 0.13966219, 12 : 0.11283288, 13 : 0.09532753",6
1.76542522916884E+018,"10 : 0.5932648, 3 : 0.17976204, 7 : 0.039234556",6
1.76520979266975E+018,"12 : 0.14157866, 4 : 0.082375154, 8 : 0.050305866",6
1.76514821407093E+018,"12 : 0.7394085, 2 : 0.038641296, 7 : 0.01886201",6
2.19906670491144E+018,"3 : 0.10128081, 7 : 0.0601384, 7 : 0.0546089",6
1.85112888845894E+018,"8 : 0.91153324, 8 : 0.014148227, 1 : 0.003979221",6
1.90169878758209E+018,"1 : 0.4678888, 9 : 0.06726389, 12 : 0.015337989",6
1.65072750823833E+018,"1 : 0.41996023, 8 : 0.242707, 8 : 0.023335017",6
1.89585714119948E+018,"8 : 0.49988094, 8 : 0.15688956, 8 : 0.0468463",6
1.88367524664743E+018,"1 : 0.7632514, 2 : 0.049111795, 11 : 0.041835014",6
1.64425510634955E+018,"13 : 0.3344482, 13 : 0.1806662, 13 : 0.1287201",6
1.88481374407081E+018,"8 : 0.14218545, 9 : 0.05239642, 1 : 0.034914527",6
2.20772696620411E+018,"3 : 0.6981109, 3 : 0.2844264, 3 : 0.006276024",6
2.20766659204145E+018,"3 : 0.49163422, 2 : 0.16840495, 3 : 0.071786135",6
2.20766410106925E+018,"3 : 0.43286362, 3 : 0.0880372, 3 : 0.03551489",6
2.20764780159278E+018,"7 : 0.15330921, 7 : 0.109530255, 3 : 0.043740463",6
2.19313039651078E+018,"3 : 0.5121791, 3 : 0.36050427, 2 : 0.022785634",6
2.18818826200733E+018,"7 : 0.07546132, 2 : 0.05870215, 12 : 0.045733802",6
2.18661789648716E+018,"2 : 0.21430916, 10 : 0.14961655, 7 : 0.118346155",6
2.18480064885441E+018,"3 : 0.17138791, 13 : 0.1328244, 13 : 0.049124327",6
2.18426485127515E+018,"7 : 0.20652615, 3 : 0.15623912, 3 : 0.12505575",6
2.17974478240115E+018,"9 : 0.89528924, 3 : 0.03560354, 3 : 0.006925728",6
2.17936985793028E+018,"3 : 0.4938064, 3 : 0.11072437, 7 : 0.030797876",6
2.16679890222177E+018,"2 : 0.41107756, 6 : 0.038787443, 9 : 0.035822745",6
2.16677680183008E+018,"3 : 0.42192063, 2 : 0.39562246, 3 : 0.067011185",6
2.16166934079816E+018,"3 : 0.52108175, 3 : 0.2856341, 3 : 0.06905832",6
2.16095258518876E+018,"3 : 0.55749065, 3 : 0.02209469, 3 : 0.02025309",6
2.15873693789979E+018,"3 : 0.5710926, 3 : 0.17528386, 3 : 0.07778512",6
2.14817556273719E+018,"3 : 0.44257504, 3 : 0.11137758, 3 : 0.08198136",6
2.14816138714741E+018,"3 : 0.42208108, 3 : 0.2726148, 3 : 0.06301588",6
2.14726941549478E+018,"3 : 0.8273977, 3 : 0.087326296, 3 : 0.03502126",6
2.1406518904074E+018,"3 : 0.3544343, 3 : 0.12456263, 3 : 0.07527026",6
2.14030296304708E+018,"3 : 0.6609745, 3 : 0.1521593, 3 : 0.061386492",6
2.14017682559541E+018,"3 : 0.39788154, 3 : 0.16376366, 3 : 0.07851806",6
2.13807557674169E+018,"3 : 0.28835377, 3 : 0.24973176, 3 : 0.10205694",6
2.13789129725248E+018,"3 : 0.59134066, 3 : 0.295131, 3 : 0.025870569",6
2.13561910642571E+018,"7 : 0.51724654, 1 : 0.08722453, 7 : 0.038168512",6
2.1352201045845E+018,"7 : 0.89411193, 7 : 0.023026519, 4 : 0.017033443",6
2.13354475062685E+018,"7 : 0.2033654, 7 : 0.14723293, 2 : 0.144674",6
2.13342169467351E+018,"8 : 0.26938504, 8 : 0.15432085, 9 : 0.046266966",6
2.13336212967645E+018,"3 : 0.09054557, 13 : 0.04847688, 3 : 0.042659",6
2.13315659113922E+018,"7 : 0.46347106, 7 : 0.27357754, 12 : 0.026686093",6
2.12691622604E+018,"3 : 0.10318121, 7 : 0.088136636, 3 : 0.05134357",6
2.12555336169771E+018,"5 : 0.67891145, 3 : 0.2960911, 6 : 0.006500054",6
2.1234320753622E+018,"3 : 0.66597956, 3 : 0.07413978, 3 : 0.021689756",6
2.12273358212141E+018,"3 : 0.5837751, 7 : 0.040331528, 3 : 0.039510597",6
2.11964747188294E+018,"3 : 0.9853807, 3 : 0.0011527648, 3 : 0.00082071056",6
2.11605427050047E+018,"5 : 0.4362796, 8 : 0.09234885, 8 : 0.016933003",6
2.1047650694298E+018,"3 : 0.6438232, 3 : 0.057496533, 3 : 0.026191825",6
2.1047643241941E+018,"3 : 0.17007133, 6 : 0.064485654, 3 : 0.03601004",6
2.10476404362044E+018,"3 : 0.1322314, 3 : 0.12455318, 3 : 0.07421351",6
2.10473407365106E+018,"5 : 0.21955656, 5 : 0.10009196, 4 : 0.019809341",6
2.09780985637645E+018,"3 : 0.98781025, 3 : 0.010989132, 3 : 0.0003791005",6
2.09727462454817E+018,"7 : 0.35922125, 12 : 0.20228928, 12 : 0.08853046",6
2.09463415726421E+018,"3 : 0.6062293, 3 : 0.11230747, 3 : 0.040011115",6
2.09354604968058E+018,"2 : 0.2628246, 7 : 0.12722427, 2 : 0.12514582",6
2.0871408066989E+018,"3 : 0.94519633, 3 : 0.0032394407, 7 : 0.0022984748",6
2.08195323809515E+018,"7 : 0.16310705, 7 : 0.12559265, 12 : 0.048228912",6
2.0808481419525E+018,"13 : 0.41489094, 3 : 0.116648026, 2 : 0.0563138",6
2.07524745725198E+018,"3 : 0.5917448, 3 : 0.07764964, 3 : 0.017348181",6
2.07524460624104E+018,"13 : 0.11282792, 2 : 0.073238246, 7 : 0.06298001",6
2.075241507917E+018,"3 : 0.45671338, 3 : 0.32368845, 3 : 0.045496188",6
2.0752371178229E+018,"3 : 0.15213922, 2 : 0.073451385, 2 : 0.04822752",6
2.07494780928675E+018,"7 : 0.4572445, 7 : 0.37642837, 14 : 0.045283873",6
2.06851829017909E+018,"3 : 0.9760291, 3 : 0.002382487, 3 : 0.00060811354",6
2.06749014054209E+018,"3 : 0.513302, 2 : 0.23080558, 3 : 0.07595592",6
2.06051590025314E+018,"3 : 0.401591, 3 : 0.2851348, 3 : 0.12358247",6
2.05522608767744E+018,"3 : 0.8082592, 3 : 0.124194376, 2 : 0.008010921",6
2.0510278838974E+018,"3 : 0.3755515, 3 : 0.33848763, 3 : 0.031036777",6
2.04678628745728E+018,"3 : 0.7456183, 3 : 0.081119895, 3 : 0.06396042",6
2.04678583639428E+018,"10 : 0.10110955, 3 : 0.079778925, 8 : 0.07212507",6
2.03083254440601E+018,"3 : 0.5739856, 7 : 0.08841534, 7 : 0.060329113",6
2.03071287894134E+018,"3 : 0.35873103, 3 : 0.17424837, 3 : 0.035592783",6
2.02602717659299E+018,"3 : 0.83089125, 3 : 0.016408721, 3 : 0.012904003",6
2.02477484581771E+018,"3 : 0.8797216, 3 : 0.061171036, 3 : 0.025435591",6
2.0225453359029E+018,"3 : 0.923666, 14 : 0.0009616429, 2 : 0.00092273485",6
2.02198985805169E+018,"3 : 0.7345253, 3 : 0.08689791, 3 : 0.073752396",6
2.0205663569004E+018,"2 : 0.106636666, 3 : 0.08720642, 3 : 0.072722",6
2.01631531966128E+018,"9 : 0.4605972, 2 : 0.37756974, 9 : 0.049158998",6
2.0133509187554E+018,"3 : 0.3655961, 3 : 0.09717613, 3 : 0.05287984",6
2.01176382536771E+018,"3 : 0.9703677, 3 : 0.0012572721, 3 : 0.0010661781",6
2.01138304670551E+018,"3 : 0.45230144, 3 : 0.03826638, 3 : 0.021634027",6
2.01127682715609E+018,"3 : 0.43018687, 3 : 0.053771973, 12 : 0.018298447",6
2.01125850294663E+018,"3 : 0.5768429, 3 : 0.2165105, 2 : 0.058005016",6
2.00831378941532E+018,"3 : 0.4833545, 3 : 0.34373495, 3 : 0.047604732",6
1.99510370300203E+018,"3 : 0.35660413, 3 : 0.22440445, 3 : 0.14037275",6
1.99287056076321E+018,"7 : 0.21315612, 9 : 0.12044424, 2 : 0.05744804",6
1.98584605877035E+018,"9 : 0.39670286, 1 : 0.050190736, 13 : 0.044766888",6
1.98095208777681E+018,"13 : 0.26955888, 13 : 0.09016481, 7 : 0.062023643",6
1.97574156841978E+018,"3 : 0.50760007, 7 : 0.073616385, 4 : 0.033879284",6
1.97205911978842E+018,"3 : 0.34969115, 3 : 0.14295578, 3 : 0.0827372",6
1.97063713134675E+018,"3 : 0.34989762, 3 : 0.10893329, 2 : 0.092544995",6
1.96902616761303E+018,"3 : 0.24253964, 2 : 0.10119108, 3 : 0.048617225",6
1.9656555633226E+018,"3 : 0.16170803, 12 : 0.059332233, 7 : 0.017504364",6
1.95618631875918E+018,"7 : 0.13390505, 3 : 0.10310535, 3 : 0.068790905",6
1.9553088699262E+018,"3 : 0.66970026, 12 : 0.06556485, 7 : 0.046269596",6
1.95110161668368E+018,"6 : 0.2597215, 3 : 0.091112845, 14 : 0.039998744",6
1.94737964798564E+018,"7 : 0.79557437, 7 : 0.0048641204, 2 : 0.0037246093",6
1.94719180180465E+018,"3 : 0.9147763, 12 : 0.018558806, 3 : 0.016286148",6
1.94692583457906E+018,"7 : 0.2787416, 7 : 0.25393537, 7 : 0.1063138",6
1.94685321944893E+018,"7 : 0.16375646, 7 : 0.061296772, 7 : 0.056993272",6
1.94676995062022E+018,"7 : 0.19080186, 3 : 0.12031048, 13 : 0.119138345",6
1.94596557088282E+018,"3 : 0.37066436, 3 : 0.22802901, 3 : 0.13830763",6
1.94536511412033E+018,"6 : 0.07166295, 14 : 0.06752481, 7 : 0.04266114",6
1.94455316767423E+018,"3 : 0.19193082, 7 : 0.15992251, 7 : 0.13292739",6
1.94369031680608E+018,"12 : 0.5220194, 2 : 0.34693262, 9 : 0.0061427606",6
1.94278951469287E+018,"3 : 0.6462935, 3 : 0.1401234, 3 : 0.017039148",6
1.94150378995113E+018,"13 : 0.06265856, 2 : 0.035593666, 9 : 0.034680802",6
1.93998224815121E+018,"3 : 0.665728, 3 : 0.07748821, 12 : 0.029710667",6
1.93993745179271E+018,"14 : 0.30688706, 2 : 0.06675751, 4 : 0.051699184",6
1.93477181091659E+018,"9 : 0.9740552, 14 : 0.0023380455, 3 : 0.0015867255",6
1.93443429063484E+018,"3 : 0.5573021, 3 : 0.106246434, 3 : 0.080338344",6
1.92503035685324E+018,"8 : 0.6128383, 4 : 0.046354122, 7 : 0.03295243",6
1.92061529119939E+018,"3 : 0.45255643, 3 : 0.16854054, 3 : 0.07127195",6
1.90467928126109E+018,"3 : 0.62383235, 3 : 0.1657682, 3 : 0.035317067",6
1.90461344927658E+018,"7 : 0.29276314, 13 : 0.09824979, 7 : 0.08927584",6
1.90398996531683E+018,"7 : 0.47400805, 7 : 0.15885141, 3 : 0.08046003",6
1.89954345535933E+018,"3 : 0.84783494, 3 : 0.084053926, 3 : 0.011830471",6
1.89230805447398E+018,"3 : 0.46951845, 3 : 0.43914065, 3 : 0.0055759274",6
1.87932981249589E+018,"2 : 0.8118147, 2 : 0.035267223, 2 : 0.011922927",6
1.8793296550416E+018,"2 : 0.90982103, 3 : 0.0074681197, 7 : 0.004473385",6
1.87895684375195E+018,"3 : 0.8032993, 7 : 0.040699445, 2 : 0.021083344",6
1.87839499285694E+018,"3 : 0.314801, 7 : 0.063667126, 3 : 0.040715635",6
1.8684165614892E+018,"2 : 0.5186922, 12 : 0.13017108, 2 : 0.06711537",6
1.86414992260798E+018,"4 : 0.16199884, 10 : 0.109651014, 7 : 0.08328967",6
1.85440261619095E+018,"3 : 0.30225784, 3 : 0.09783105, 3 : 0.09128597",6
1.84076636869619E+018,"7 : 0.7597339, 7 : 0.054572895, 7 : 0.033093616",6
1.83300019990611E+018,"3 : 0.31843302, 7 : 0.08992864, 3 : 0.070758976",6
1.83297815625421E+018,"3 : 0.6812804, 3 : 0.06511681, 3 : 0.035988364",6
1.83223771640872E+018,"7 : 0.16388091, 7 : 0.1343282, 7 : 0.077226125",6
1.82423870302829E+018,"3 : 0.37682295, 3 : 0.06714217, 3 : 0.047315985",6
1.81701328964766E+018,"2 : 0.5221926, 7 : 0.10450054, 4 : 0.024255337",6
1.81632570155534E+018,"7 : 0.28198212, 8 : 0.05940156, 2 : 0.034386016",6
1.81378366920907E+018,"3 : 0.3422341, 3 : 0.12407351, 3 : 0.053212624",6
1.81344542192856E+018,"3 : 0.14804041, 3 : 0.1004667, 3 : 0.08971111",6
1.80399247068378E+018,"3 : 0.75020397, 14 : 0.06623331, 3 : 0.0223797",6
1.8022532279895E+018,"2 : 0.26475728, 2 : 0.12894529, 7 : 0.06862793",6
1.7919484974543E+018,"3 : 0.5597715, 3 : 0.26901835, 3 : 0.020202668",6
1.79096125508821E+018,"3 : 0.14292704, 3 : 0.08954297, 3 : 0.083502516",6
1.78873185455405E+018,"3 : 0.41059524, 3 : 0.27390602, 3 : 0.019307513",6
1.78871957943685E+018,"3 : 0.8038842, 3 : 0.042304493, 3 : 0.017983953",6
1.78730055452159E+018,"3 : 0.59526783, 3 : 0.1019982, 3 : 0.028989866",6
1.78658713606815E+018,"8 : 0.21884799, 8 : 0.07293691, 8 : 0.03321433",6
1.7865813660982E+018,"9 : 0.9983941, 2 : 0.00030748683, 7 : 0.0002688516",6
1.78043865969662E+018,"3 : 0.8206072, 3 : 0.02991554, 12 : 0.009615408",6
1.77742037039791E+018,"3 : 0.7140201, 3 : 0.04967622, 3 : 0.020496376",6
1.77711451594554E+018,"3 : 0.45342615, 3 : 0.2405461, 3 : 0.11186037",6
1.77688156562475E+018,"3 : 0.78019303, 3 : 0.1006912, 3 : 0.011577202",6
1.76907576529278E+018,"3 : 0.11088705, 3 : 0.080230154, 3 : 0.077620625",6
1.76907439591107E+018,"3 : 0.68402743, 3 : 0.1290534, 3 : 0.012369026",6
1.76695293163799E+018,"3 : 0.9842404, 3 : 0.014682169, 3 : 0.00019092957",6
1.76671926368166E+018,"3 : 0.9593782, 3 : 0.0055703917, 3 : 0.002103988",6
1.7524941744415E+018,"3 : 0.5272765, 3 : 0.091208, 3 : 0.046486147",6
1.74246049990675E+018,"3 : 0.9551745, 3 : 0.010010701, 3 : 0.003061932",6
1.73942193423523E+018,"3 : 0.86101323, 3 : 0.046523344, 12 : 0.03426607",6
1.73941811147887E+018,"3 : 0.7541539, 3 : 0.12769811, 3 : 0.051431257",6
1.73228845467739E+018,"3 : 0.22738, 7 : 0.06712423, 2 : 0.04400335",6
1.73127355874501E+018,"14 : 0.21802276, 3 : 0.059793152, 3 : 0.03138498",6
1.73127300174144E+018,"7 : 0.33153352, 3 : 0.11997419, 2 : 0.11717258",6
1.73127262440508E+018,"3 : 0.72983867, 3 : 0.12702237, 3 : 0.028600525",6
1.72909088550735E+018,"3 : 0.7682637, 3 : 0.08933573, 3 : 0.08015338",6
1.72862387075322E+018,"3 : 0.60256803, 7 : 0.13625956, 8 : 0.030714074",6
1.72257377210148E+018,"3 : 0.15723678, 3 : 0.15286185, 3 : 0.075511344",6
1.71622852884353E+018,"3 : 0.12685247, 7 : 0.07724557, 14 : 0.06894409",6
1.71417668032531E+018,"3 : 0.11136215, 3 : 0.0705152, 12 : 0.06730433",6
1.71124798552113E+018,"2 : 0.9826287, 5 : 0.0005177879, 13 : 0.0004050756",6
1.70178882939169E+018,"4 : 0.11509927, 13 : 0.11289776, 13 : 0.046960544",6
1.70175235838985E+018,"3 : 0.5000185, 3 : 0.3776188, 2 : 0.02455877",6
1.69891217412067E+018,"14 : 0.68577665, 7 : 0.073551305, 7 : 0.012470528",6
1.69806614560027E+018,"3 : 0.9565869, 3 : 0.008881375, 3 : 0.0035731082",6
1.69787243876681E+018,"3 : 0.59606403, 3 : 0.100598715, 3 : 0.04840689",6
1.6967915521537E+018,"7 : 0.21497202, 3 : 0.17237973, 14 : 0.13225955",6
1.69675513068132E+018,"7 : 0.10091765, 13 : 0.088734515, 2 : 0.07756686",6
1.69646903617272E+018,"3 : 0.78436583, 12 : 0.02775669, 14 : 0.02004366",6
1.69637820893038E+018,"13 : 0.21466446, 13 : 0.17519584, 7 : 0.029989658",6
1.69444223364972E+018,"3 : 0.91612047, 3 : 0.0073376214, 3 : 0.001190482",6
1.69019316513328E+018,"3 : 0.8033757, 12 : 0.03951948, 3 : 0.027934643",6
1.68402846119398E+018,"9 : 0.42191866, 3 : 0.16636343, 3 : 0.08011719",6
1.68372951828337E+018,"3 : 0.3212377, 3 : 0.09614269, 3 : 0.047135334",6
1.68284816350464E+018,"7 : 0.68723106, 2 : 0.103819914, 14 : 0.06399473",6
1.68283960710607E+018,"13 : 0.1735573, 3 : 0.16996787, 2 : 0.13965525",6
1.68281190363572E+018,"3 : 0.33328843, 8 : 0.21581711, 2 : 0.048706476",6
1.68203612535236E+018,"4 : 0.1825446, 2 : 0.07334705, 13 : 0.051033817",6
1.68077054295911E+018,"3 : 0.72441816, 2 : 0.11577467, 3 : 0.08597614",6
1.67929352754746E+018,"3 : 0.9700402, 2 : 0.008249541, 3 : 0.00036416162",6
1.67542779922504E+018,"3 : 0.953903, 3 : 0.025639217, 3 : 0.0015636102",6
1.67355179871302E+018,"13 : 0.12273748, 2 : 0.08807832, 3 : 0.061973643",6
1.673226022298E+018,"3 : 0.5593616, 3 : 0.02649715, 3 : 0.025080478",6
1.66517620610801E+018,"3 : 0.5801549, 3 : 0.13901864, 3 : 0.039010722",6
1.65684034741353E+018,"3 : 0.67421275, 3 : 0.116999604, 7 : 0.025203474",6
1.6561806856664E+018,"3 : 0.7369507, 3 : 0.06662399, 3 : 0.029967606",6
1.65587211172798E+018,"3 : 0.6362121, 3 : 0.011087263, 3 : 0.011033995",6
1.65383935963517E+018,"6 : 0.14875156, 6 : 0.12847073, 3 : 0.09700324",6
1.65099817790065E+018,"3 : 0.80867636, 3 : 0.050342396, 3 : 0.014422312",6
1.647463012289E+018,"2 : 0.46688485, 14 : 0.07422309, 3 : 0.044091586",6
1.64601312242922E+018,"3 : 0.1660962, 7 : 0.12679292, 7 : 0.0939416",6
1.64529788119047E+018,"3 : 0.33267355, 3 : 0.069366865, 3 : 0.06591426",6
1.6452258447994E+018,"3 : 0.9858224, 3 : 0.0013332637, 3 : 0.00058248255",6
1.64511588944979E+018,"3 : 0.92968345, 3 : 0.0060050236, 3 : 0.00061508734",6
1.64162492661118E+018,"3 : 0.5575709, 2 : 0.12266203, 3 : 0.052685987",6
1.64057492940471E+018,"3 : 0.80018324, 3 : 0.06758571, 3 : 0.05101387",6
1.63658168975219E+018,"3 : 0.6967499, 13 : 0.0861831, 3 : 0.069771506",6
1.63447911604394E+018,"3 : 0.287308, 3 : 0.09592976, 3 : 0.078149155",6
1.6336587375539E+018,"3 : 0.67685926, 3 : 0.027068727, 4 : 0.01908969",6
1.63362325432736E+018,"3 : 0.55974376, 3 : 0.1487405, 3 : 0.1211155",6
1.63252882576129E+018,"3 : 0.57491165, 2 : 0.19355679, 2 : 0.005449293",6
1.63121459987679E+018,"13 : 0.46042725, 3 : 0.07810377, 7 : 0.022226695",6
1.62746618188334E+018,"3 : 0.955678, 3 : 0.0131662255, 3 : 0.00903333",6
1.62629287551105E+018,"2 : 0.11649476, 3 : 0.0706313, 2 : 0.061961133",6
1.62629245137466E+018,"7 : 0.09593337, 7 : 0.062109947, 3 : 0.051947713",6
1.62579302022825E+018,"7 : 0.43172774, 3 : 0.15446948, 7 : 0.017420344",6
1.62487985131064E+018,"3 : 0.4163724, 3 : 0.06365001, 3 : 0.062029008",6
1.62481914111009E+018,"3 : 0.98246324, 12 : 0.005493784, 12 : 0.0011722641",6
1.62481787531111E+018,"3 : 0.13205285, 7 : 0.110826194, 7 : 0.047831867",6
1.62407130569824E+018,"3 : 0.90635204, 3 : 0.012789776, 3 : 0.0080979075",6
1.62059746457709E+018,"7 : 0.42993456, 4 : 0.40319264, 7 : 0.07451766",6
1.61696356399245E+018,"3 : 0.7934079, 3 : 0.048528854, 3 : 0.017335372",6
1.61681571931486E+018,"2 : 0.7806468, 7 : 0.14794442, 3 : 0.020132214",6
1.61476178414908E+018,"3 : 0.7758612, 3 : 0.025513088, 3 : 0.013295597",6
1.61122881630989E+018,"10 : 0.28968045, 7 : 0.07363795, 7 : 0.042005405",6
1.61082118624136E+018,"7 : 0.093248166, 2 : 0.057805475, 7 : 0.04725576",6
1.60878868077982E+018,"2 : 0.46367902, 3 : 0.21687767, 9 : 0.07836547",6
1.59134397568382E+018,"3 : 0.10592871, 3 : 0.100941285, 2 : 0.094064966",6
1.57123657648552E+018,"3 : 0.7580998, 3 : 0.11908405, 3 : 0.020850498",6
1.55833643713617E+018,"3 : 0.8163461, 3 : 0.022239156, 7 : 0.019037211",6
1.55825402280456E+018,"3 : 0.42041552, 3 : 0.19168633, 3 : 0.1894626",6
1.54965215513141E+018,"3 : 0.28547612, 7 : 0.18896075, 2 : 0.04217193",6
1.54951181019747E+018,"2 : 0.51879734, 14 : 0.022630785, 3 : 0.016988523",6
1.54279900385377E+018,"3 : 0.7529816, 3 : 0.007399996, 2 : 0.0066677076",6
1.53941789230131E+018,"3 : 0.47251725, 3 : 0.45034665, 3 : 0.0037128362",6
1.5268229224336E+018,"3 : 0.69997936, 3 : 0.15500787, 3 : 0.028591787",6
1.52561875250138E+018,"3 : 0.24325602, 3 : 0.137917, 3 : 0.09559852",6
1.50529078202183E+018,"3 : 0.85090876, 3 : 0.0389765, 3 : 0.037798982",6
1.50509214711611E+018,"3 : 0.9556757, 6 : 0.00064838916, 3 : 0.00059223495",6
1.50324654551994E+018,"3 : 0.81488633, 13 : 0.027944505, 3 : 0.010723273",6
1.50006307219761E+018,"3 : 0.7573565, 3 : 0.04523415, 7 : 0.010448041",6
1.49887885963789E+018,"2 : 0.08968642, 8 : 0.040366955, 2 : 0.03944521",6
1.49807708843834E+018,"3 : 0.4038219, 3 : 0.13811181, 3 : 0.11146881",6
1.47865696787014E+018,"3 : 0.18624116, 12 : 0.14932814, 14 : 0.029075202",6
1.47624214520797E+018,"3 : 0.3422306, 3 : 0.16786885, 3 : 0.1040046",6
1.47360774456437E+018,"3 : 0.3520748, 3 : 0.23890555, 3 : 0.054996375",6
1.47259068089972E+018,"3 : 0.36278623, 3 : 0.11794096, 3 : 0.044966035",6
1.47144546763939E+018,"3 : 0.42164212, 3 : 0.19679874, 3 : 0.1526053",6
1.46698500262046E+018,"2 : 0.16698377, 3 : 0.14216195, 2 : 0.06831812",6
1.46325845649563E+018,"3 : 0.60197914, 12 : 0.053379588, 3 : 0.03874889",6
1.46308880780389E+018,"3 : 0.9630578, 7 : 0.0027961172, 10 : 0.00226037",6
1.46302469824499E+018,"7 : 0.3216368, 2 : 0.16979954, 6 : 0.1444837",6
1.462929018337E+018,"7 : 0.37260097, 13 : 0.099649504, 3 : 0.067502394",6
1.46273637091755E+018,"3 : 0.28366864, 13 : 0.16037469, 8 : 0.11660204",6
1.46262373425804E+018,"10 : 0.5272202, 7 : 0.026579103, 2 : 0.022245497",6
1.45321862452021E+018,"9 : 0.48308647, 9 : 0.27496788, 7 : 0.04191032",6
1.45218686649648E+018,"3 : 0.89013, 3 : 0.027188769, 3 : 0.01917483",6
1.44651904501677E+018,"3 : 0.4156335, 3 : 0.16762231, 3 : 0.14480178",6
1.44553833606874E+018,"3 : 0.17218186, 13 : 0.058311734, 13 : 0.044855922",6
1.4421822661301E+018,"3 : 0.9321588, 3 : 0.006677126, 3 : 0.0019955784",6
1.44128475219127E+018,"3 : 0.32259476, 3 : 0.19428171, 3 : 0.118315436",6
1.43692916602106E+018,"2 : 0.9730136, 7 : 0.0021918206, 8 : 0.0013032677",6
1.43226404570118E+018,"3 : 0.97651434, 3 : 0.0047140876, 3 : 0.0013365953",6
1.4321600492416E+018,"3 : 0.6069382, 3 : 0.09745008, 2 : 0.03539947",6
2.19142424965112E+018,"2 : 0.8554736, 3 : 0.03335261, 2 : 0.009809919",6
2.19065802186504E+018,"3 : 0.094659716, 2 : 0.09402936, 7 : 0.04574881",6
2.18935828523744E+018,"5 : 0.08817817, 3 : 0.077737674, 6 : 0.04881197",6
2.18926330653199E+018,"2 : 0.2528632, 4 : 0.06626763, 12 : 0.041850965",6
2.18789441468126E+018,"7 : 0.8029215, 7 : 0.018148344, 7 : 0.015921758",6
2.1870102115927E+018,"14 : 0.07787178, 7 : 0.07430205, 2 : 0.06517404",6
2.18647503950808E+018,"3 : 0.49127027, 2 : 0.050589222, 4 : 0.029402517",6
2.1603772922459E+018,"3 : 0.43464956, 4 : 0.17229572, 3 : 0.014253486",6
2.15510397575045E+018,"3 : 0.6984346, 2 : 0.17440228, 12 : 0.017185282",6
2.15235814760021E+018,"3 : 0.10443613, 2 : 0.07286306, 3 : 0.04307514",6
2.14218854403536E+018,"3 : 0.29292, 3 : 0.08630302, 4 : 0.061556112",6
2.14157121910813E+018,"3 : 0.26045007, 2 : 0.09971296, 3 : 0.072562896",6
2.13919588668153E+018,"3 : 0.54349005, 4 : 0.058359314, 5 : 0.025662567",6
2.13698163913427E+018,"2 : 0.6400681, 3 : 0.11576752, 12 : 0.01792797",6
2.13573362199942E+018,"14 : 0.21242638, 3 : 0.19148536, 3 : 0.0948899",6
2.13053057592523E+018,"3 : 0.7617444, 2 : 0.022847265, 5 : 0.015124698",6
2.12995069368408E+018,"3 : 0.27779746, 2 : 0.12129552, 6 : 0.102040105",6
2.12972944107779E+018,"2 : 0.39797783, 3 : 0.22415672, 3 : 0.043869987",6
2.12618432807038E+018,"5 : 0.31003764, 14 : 0.2244872, 5 : 0.042815153",6
2.12557894022446E+018,"3 : 0.21346223, 2 : 0.114354685, 4 : 0.073905915",6
2.12401152217586E+018,"12 : 0.29997277, 12 : 0.19044058, 3 : 0.08754479",6
2.08920237571898E+018,"6 : 0.4311665, 6 : 0.10820448, 6 : 0.06076092",6
2.08846381867933E+018,"14 : 0.23911613, 11 : 0.20698316, 2 : 0.16386782",6
2.0661121164585E+018,"3 : 0.8005454, 4 : 0.044439785, 9 : 0.016072262",6
2.06449289346225E+018,"3 : 0.35244527, 2 : 0.11292374, 3 : 0.063615605",6
2.02615374909478E+018,"3 : 0.41804722, 2 : 0.07884403, 13 : 0.049232543",6
2.02557610922065E+018,"3 : 0.12230464, 9 : 0.056648985, 4 : 0.05530097",6
2.02410356303191E+018,"8 : 0.8446596, 5 : 0.0068005193, 2 : 0.004873737",6
2.02336553378646E+018,"4 : 0.14962907, 2 : 0.12651952, 3 : 0.10169596",6
2.02256414775897E+018,"3 : 0.46449804, 11 : 0.20303431, 4 : 0.078838706",6
2.01395213438419E+018,"2 : 0.41499296, 3 : 0.22728714, 12 : 0.042982113",6
2.01319680017052E+018,"1 : 0.35984746, 11 : 0.065121844, 2 : 0.04727021",6
2.01092029814595E+018,"5 : 0.5813827, 3 : 0.030961893, 6 : 0.015437587",6
2.01037175210359E+018,"3 : 0.23273791, 3 : 0.071107484, 4 : 0.06498185",6
2.00965582679021E+018,"3 : 0.3331307, 3 : 0.069767214, 3 : 0.04650948",6
1.93997470605435E+018,"7 : 0.33916053, 3 : 0.070098415, 2 : 0.051296618",6
1.93768339171104E+018,"3 : 0.12948143, 3 : 0.1280314, 4 : 0.0629812",6
1.93048810462201E+018,"2 : 0.5639136, 3 : 0.34995866, 11 : 0.034376502",6
1.92683201657194E+018,"3 : 0.3753716, 7 : 0.122698486, 3 : 0.08875899",6
1.92535874837569E+018,"3 : 0.3049343, 3 : 0.08835186, 3 : 0.06706984",6
1.92465448171719E+018,"13 : 0.5233231, 7 : 0.34914637, 2 : 0.028090235",6
1.92413015814117E+018,"7 : 0.37979278, 2 : 0.112483874, 2 : 0.09235524",6
1.92178226087532E+018,"4 : 0.64017636, 10 : 0.110478394, 7 : 0.021289572",6
1.92116258233952E+018,"7 : 0.07406631, 2 : 0.03802447, 2 : 0.034255803",6
1.91962047995234E+018,"3 : 0.69082445, 5 : 0.15233545, 14 : 0.010884904",6
1.9190867636852E+018,"7 : 0.46192867, 7 : 0.09948745, 7 : 0.09622486",6
1.91817775680839E+018,"2 : 0.8184159, 6 : 0.044780377, 3 : 0.0077180653",6
1.91672457914367E+018,"3 : 0.109107286, 6 : 0.07002716, 5 : 0.040850002",6
1.91617389737855E+018,"3 : 0.24452163, 2 : 0.12172686, 5 : 0.094236255",6
1.91162612547846E+018,"3 : 0.7345199, 14 : 0.031969063, 9 : 0.030179858",6
1.90868837851195E+018,"4 : 0.87809193, 3 : 0.07105016, 12 : 0.013700156",6
1.90726946155799E+018,"5 : 0.81542224, 5 : 0.025015272, 3 : 0.011382105",6
1.90651738129358E+018,"3 : 0.3399799, 2 : 0.1611104, 13 : 0.1113474",6
1.90297651776193E+018,"4 : 0.47993022, 3 : 0.1493962, 5 : 0.06643346",6
1.90169367035494E+018,"3 : 0.6919443, 4 : 0.035605725, 5 : 0.01153681",6
1.90095264068918E+018,"6 : 0.09243078, 5 : 0.089295864, 6 : 0.06677066",6
1.89781511375955E+018,"5 : 0.6144407, 3 : 0.2858851, 4 : 0.009390073",6
1.89277022693027E+018,"3 : 0.5067946, 3 : 0.089140095, 5 : 0.026913604",6
1.86590421155449E+018,"5 : 0.4230021, 3 : 0.22760788, 4 : 0.19493246",6
1.86376032999176E+018,"3 : 0.24788325, 2 : 0.09788707, 4 : 0.04485325",6
1.86299964522167E+018,"2 : 0.34936067, 2 : 0.08023587, 6 : 0.024170468",6
1.86159329663404E+018,"3 : 0.7523601, 4 : 0.16770062, 5 : 0.008262771",6
1.86090304595535E+018,"5 : 0.64498395, 3 : 0.09779424, 2 : 0.03854649",6
1.82177530765944E+018,"4 : 0.094319604, 4 : 0.07559426, 7 : 0.058656994",6
1.82027024744401E+018,"2 : 0.88892555, 12 : 0.04004797, 3 : 0.027210979",6
1.81739291712618E+018,"3 : 0.46697786, 12 : 0.06652562, 12 : 0.038321897",6
1.78620591170905E+018,"3 : 0.4784787, 4 : 0.11770591, 2 : 0.07825915",6
1.78483061467777E+018,"12 : 0.13645865, 3 : 0.115956, 2 : 0.09565969",6
1.77626738578982E+018,"4 : 0.45148042, 3 : 0.2866201, 11 : 0.0865245",6
1.7753604654114E+018,"3 : 0.77579385, 13 : 0.051414218, 4 : 0.039415274",6
1.76088828264366E+018,"3 : 0.32641554, 11 : 0.041589074, 2 : 0.026392926",6
1.75648425511356E+018,"3 : 0.754007, 4 : 0.121805504, 3 : 0.026453195",6
1.75509593755365E+018,"2 : 0.45129862, 3 : 0.34794557, 3 : 0.0153272",6
1.7543432089589E+018,"7 : 0.31500787, 13 : 0.18601947, 13 : 0.14014141",6
1.75072657045167E+018,"2 : 0.35242894, 13 : 0.08010459, 3 : 0.034136374",6
1.7457772289263E+018,"3 : 0.88667476, 7 : 0.00845235, 2 : 0.006860508",6
1.74125626649109E+018,"3 : 0.39274657, 4 : 0.097610034, 2 : 0.09135137",6
1.7406704189681E+018,"2 : 0.2523281, 12 : 0.22524917, 3 : 0.19639558",6
1.73048749175126E+018,"4 : 0.3168393, 3 : 0.3084469, 2 : 0.11149106",6
1.72989804726921E+018,"5 : 0.11113874, 13 : 0.08930517, 3 : 0.035289194",6
1.7183157482284E+018,"13 : 0.4659071, 13 : 0.20278479, 13 : 0.17557286",6
1.71087572776233E+018,"2 : 0.15115125, 7 : 0.086420774, 7 : 0.08625009",6
1.70953239391994E+018,"2 : 0.56897104, 12 : 0.25823146, 3 : 0.01487011",6
1.70362270948467E+018,"3 : 0.27035618, 3 : 0.02905889, 6 : 0.022737782",6
1.7029349866124E+018,"6 : 0.121821016, 2 : 0.06788701, 3 : 0.066116914",6
1.70139551734196E+018,"2 : 0.26163608, 12 : 0.08057882, 7 : 0.05046626",6
1.69051685071403E+018,"4 : 0.25427592, 3 : 0.21759735, 9 : 0.06887767",6
1.6774617413943E+018,"2 : 0.27183968, 3 : 0.12944527, 3 : 0.062389165",6
1.67388099479635E+018,"7 : 0.19964173, 7 : 0.14972451, 2 : 0.12048149",6
1.66891823884659E+018,"3 : 0.68464285, 2 : 0.30734068, 4 : 0.0024346558",6
1.66443104079334E+018,"2 : 0.3198255, 3 : 0.19575587, 3 : 0.050491832",6
1.66299257034649E+018,"4 : 0.16929369, 3 : 0.08041522, 3 : 0.028081618",6
1.65873849556829E+018,"2 : 0.32442313, 7 : 0.15137635, 6 : 0.032947294",6
1.65379528546094E+018,"3 : 0.2507636, 4 : 0.12528056, 7 : 0.07068068",6
1.65013373435498E+018,"2 : 0.2581395, 12 : 0.1526494, 3 : 0.08646289",6
1.64804518640762E+018,"3 : 0.5727842, 2 : 0.11412589, 7 : 0.054204054",6
1.64710795312302E+018,"3 : 0.3135596, 3 : 0.13320386, 2 : 0.07882308",6
1.64561582827547E+018,"4 : 0.38564318, 3 : 0.0922024, 2 : 0.08360462",6
1.64350762951878E+018,"3 : 0.37409365, 3 : 0.12616567, 3 : 0.10519985",6
1.6429228109929E+018,"9 : 0.26468587, 3 : 0.12888335, 4 : 0.03653654",6
1.63993249928687E+018,"3 : 0.22918802, 4 : 0.10924886, 3 : 0.06646474",6
1.63397396104991E+018,"5 : 0.7975447, 4 : 0.09305387, 3 : 0.044349004",6
1.63259363669258E+018,"3 : 0.5068221, 6 : 0.04378469, 3 : 0.029679706",6
1.62693190084487E+018,"7 : 0.28178146, 3 : 0.049342442, 7 : 0.032575842",6
1.62528245951589E+018,"2 : 0.22045603, 3 : 0.09825261, 7 : 0.06325454",6
1.62383667250833E+018,"13 : 0.9892145, 2 : 0.0060706483, 3 : 0.0010740872",6
1.62239293218719E+018,"5 : 0.23536532, 3 : 0.12745814, 5 : 0.072132245",6
1.61668985961153E+018,"5 : 0.13513592, 3 : 0.097908236, 3 : 0.097509235",6
1.61225315217036E+018,"3 : 0.08271219, 5 : 0.049118675, 3 : 0.044291098",6
1.60933189344705E+018,"3 : 0.3666542, 2 : 0.18185924, 3 : 0.03268941",6
1.60795750163896E+018,"12 : 0.3285577, 7 : 0.03744436, 3 : 0.03698681",6
1.60502928476656E+018,"6 : 0.13556385, 6 : 0.07323199, 6 : 0.07028645",6
1.60363746581001E+018,"3 : 0.854172, 5 : 0.020779155, 2 : 0.015804647",6
1.6028540019094E+018,"2 : 0.6381017, 7 : 0.03899354, 3 : 0.027445551",6
1.59785382595627E+018,"2 : 0.63271856, 5 : 0.04178956, 6 : 0.027791165",6
1.5506792653561E+018,"3 : 0.4427177, 3 : 0.12961604, 3 : 0.023872102",6
1.54866237324218E+018,"3 : 0.4931596, 3 : 0.069364324, 3 : 0.031039061",6
1.54735064856378E+018,"3 : 0.27212828, 7 : 0.13936555, 3 : 0.113321275",6
1.54269688708195E+018,"7 : 0.04306911, 3 : 0.03626103, 3 : 0.03395598",6
1.54217376326124E+018,"2 : 0.60228103, 5 : 0.19948287, 12 : 0.08484825",6
1.54142874922485E+018,"3 : 0.75762975, 4 : 0.040186636, 2 : 0.029583598",6
2.20800589876876E+018,"12 : 0.29737306, 2 : 0.24896106, 12 : 0.096525684",6
2.20760341573929E+018,"12 : 0.12999672, 13 : 0.08766486, 2 : 0.07699495",6
2.20657902463306E+018,"13 : 0.45303774, 7 : 0.052040767, 2 : 0.04306459",6
2.20585788896222E+018,"2 : 0.21823101, 12 : 0.054542743, 2 : 0.047043115",6
2.205848030217E+018,"7 : 0.29111123, 7 : 0.1049809, 7 : 0.092766136",6
2.20510984191407E+018,"12 : 0.25661635, 2 : 0.14466092, 12 : 0.11538638",6
2.20223725425507E+018,"2 : 0.3884915, 13 : 0.09487737, 4 : 0.028870195",6
2.20166556848074E+018,"12 : 0.10584357, 12 : 0.08483938, 7 : 0.05409016",6
2.20099614332683E+018,"12 : 0.590643, 2 : 0.38380614, 12 : 0.015067084",6
2.18788359100921E+018,"13 : 0.65786695, 7 : 0.08028019, 7 : 0.049870208",6
2.18481058604132E+018,"2 : 0.2240321, 2 : 0.07334946, 7 : 0.06936307",6
2.18144037227258E+018,"4 : 0.23633479, 12 : 0.1302769, 2 : 0.121046044",6
2.17977787717047E+018,"12 : 0.9008812, 12 : 0.017781178, 2 : 0.01561529",6
2.17469106876585E+018,"7 : 0.3568104, 2 : 0.048292603, 7 : 0.02993206",6
2.17113970300744E+018,"7 : 0.748693, 2 : 0.073695764, 2 : 0.016169315",6
2.16968455761852E+018,"12 : 0.50895506, 2 : 0.06821541, 7 : 0.056370314",6
2.15963582446826E+018,"4 : 0.116061, 2 : 0.10318344, 12 : 0.055796426",6
2.15652816120933E+018,"8 : 0.4987359, 2 : 0.023169165, 2 : 0.020179762",6
2.15437637515329E+018,"9 : 0.518249, 4 : 0.3063162, 12 : 0.016040647",6
2.14934352794603E+018,"12 : 0.34802258, 2 : 0.09474201, 2 : 0.05127027",6
2.14636866845042E+018,"12 : 0.18711182, 12 : 0.12701738, 7 : 0.09313391",6
2.14567243206373E+018,"9 : 0.3247167, 1 : 0.25528684, 1 : 0.058792677",6
2.14428492355989E+018,"12 : 0.6345032, 2 : 0.27851114, 4 : 0.0054586623",6
2.14203302384626E+018,"12 : 0.85018957, 12 : 0.078058146, 2 : 0.047883607",6
2.14060751807686E+018,"12 : 0.6577631, 2 : 0.031994753, 2 : 0.03091957",6
2.13914212030766E+018,"12 : 0.74434084, 12 : 0.1113183, 12 : 0.056838036",6
2.134119517906E+018,"7 : 0.5530252, 4 : 0.21007231, 12 : 0.039364353",6
2.13045149516504E+018,"2 : 0.21629412, 12 : 0.19189829, 8 : 0.059141673",6
2.12900338039427E+018,"1 : 0.1869138, 12 : 0.13441414, 3 : 0.03708491",6
2.12686560927802E+018,"12 : 0.3689759, 9 : 0.21135819, 12 : 0.04677116",6
2.125408807785E+018,"12 : 0.6870936, 12 : 0.1417618, 2 : 0.052345302",6
2.12390403423359E+018,"8 : 0.7662129, 2 : 0.020882659, 9 : 0.0083895195",6
2.1188810519957E+018,"12 : 0.6547032, 2 : 0.027720805, 12 : 0.021856127",6
2.10370339071967E+018,"4 : 0.7075436, 2 : 0.049563505, 2 : 0.029464766",6
2.10152711524465E+018,"2 : 0.27824956, 2 : 0.042402323, 9 : 0.038926873",6
2.10145232819755E+018,"13 : 0.3830616, 13 : 0.26421356, 13 : 0.071547925",6
2.09509670480742E+018,"12 : 0.06875711, 12 : 0.04865713, 4 : 0.04716663",6
2.09352072846608E+018,"2 : 0.14169325, 2 : 0.12551208, 2 : 0.07155099",6
2.09152824262123E+018,"12 : 0.62066096, 12 : 0.14914888, 11 : 0.035027586",6
2.08493633683815E+018,"12 : 0.45402896, 12 : 0.10248942, 7 : 0.040601876",6
2.0812841998725E+018,"12 : 0.63598603, 12 : 0.104924046, 12 : 0.03478224",6
2.07465777711664E+018,"13 : 0.21110219, 2 : 0.091765575, 12 : 0.034181893",6
2.07115860194697E+018,"12 : 0.11010767, 12 : 0.09349272, 7 : 0.07530455",6
2.06819267667945E+018,"2 : 0.18612728, 13 : 0.17330886, 7 : 0.109760225",6
2.06598018841607E+018,"12 : 0.2789641, 12 : 0.20996876, 12 : 0.086620495",6
2.05804919108686E+018,"12 : 0.35838914, 2 : 0.11022704, 12 : 0.10181572",6
2.05450074004246E+018,"12 : 0.78464437, 2 : 0.020290025, 4 : 0.012118488",6
2.05304464856127E+018,"12 : 0.15061992, 2 : 0.08295188, 13 : 0.05083696",6
2.05089113945288E+018,"9 : 0.6048473, 12 : 0.058733042, 2 : 0.007191382",6
2.04797322775069E+018,"9 : 0.20400204, 9 : 0.086547285, 12 : 0.06689355",6
1.98850146367315E+018,"2 : 0.22758998, 12 : 0.1904869, 12 : 0.07389311",6
1.98482567553907E+018,"12 : 0.49628046, 2 : 0.18412653, 9 : 0.025728343",6
1.98351061280721E+018,"2 : 0.65463424, 12 : 0.29205105, 12 : 0.0039774417",6
1.97486547217277E+018,"7 : 0.2913631, 2 : 0.056062784, 14 : 0.044335272",6
1.97486493234051E+018,"2 : 0.7665135, 7 : 0.019276269, 7 : 0.015440851",6
1.93408128430979E+018,"1 : 0.8993028, 1 : 0.006425516, 12 : 0.0045037344",6
1.93408101885247E+018,"2 : 0.14450265, 7 : 0.14185213, 13 : 0.104392156",6
1.93408026404534E+018,"1 : 0.5410884, 12 : 0.27259746, 8 : 0.008247903",6
2.07754154943326E+018,"2 : 0.62982893, 1 : 0.071029864, 11 : 0.032744035",6
2.077127614495E+018,"11 : 0.37422785, 1 : 0.10598138, 2 : 0.08266217",6
2.06714802318423E+018,"1 : 0.3661946, 1 : 0.13776681, 11 : 0.11523962",6
2.06678053298276E+018,"7 : 0.96032345, 7 : 0.008936724, 10 : 0.0026723507",6
2.06613997219858E+018,"2 : 0.648225, 1 : 0.07471598, 1 : 0.026344292",6
2.06530712845491E+018,"1 : 0.3642395, 4 : 0.2472255, 1 : 0.10048874",6
2.06449450422591E+018,"3 : 0.1748585, 3 : 0.07186324, 5 : 0.049865115",6
2.06339156418875E+018,"2 : 0.3157307, 7 : 0.08780847, 2 : 0.070036255",6
2.06333435064471E+018,"13 : 0.3021741, 13 : 0.08525602, 2 : 0.046881642",6
2.06274124670725E+018,"6 : 0.6232577, 9 : 0.073109515, 9 : 0.04730298",6
2.06261878834979E+018,"1 : 0.25941494, 11 : 0.058337033, 6 : 0.05673884",6
2.06260479626736E+018,"7 : 0.092422396, 5 : 0.09084169, 1 : 0.040468875",6
2.06259468117497E+018,"13 : 0.512644, 12 : 0.04435568, 2 : 0.028867578",6
2.05970409063139E+018,"1 : 0.07821756, 10 : 0.059676293, 2 : 0.055101275",6
2.0567001263578E+018,"2 : 0.8294207, 13 : 0.017845545, 13 : 0.011562635",6
2.0443742234222E+018,"9 : 0.1798879, 12 : 0.09238186, 1 : 0.03432479",6
2.04435076096535E+018,"7 : 0.65341437, 7 : 0.15963404, 1 : 0.046694163",6
2.0436070553838E+018,"4 : 0.68245375, 7 : 0.018645817, 2 : 0.012510333",6
2.03773922762709E+018,"13 : 0.220134, 7 : 0.20047702, 9 : 0.04924285",6
2.03737089410902E+018,"13 : 0.124807626, 3 : 0.08076882, 14 : 0.053934067",6
2.03620809443586E+018,"7 : 0.14898096, 3 : 0.087916754, 4 : 0.04733325",6
2.0358079794752E+018,"13 : 0.6983945, 7 : 0.05003322, 7 : 0.032315705",6
2.02342838435822E+018,"7 : 0.20268328, 13 : 0.12304441",6
2.0210606764893E+018,"9 : 0.12623036, 4 : 0.075617254, 2 : 0.051545985",6
2.0203945834644E+018,"13 : 0.44223934, 13 : 0.090839416, 13 : 0.056214474",6
2.0168248194098E+018,"3 : 0.49561033, 12 : 0.0807746, 11 : 0.030485047",6
2.01558721407269E+018,"13 : 0.49732053, 2 : 0.3441043, 14 : 0.025386807",6
2.0152464509983E+018,"12 : 0.10692652, 2 : 0.066440105, 3 : 0.04234044",6
2.01339334805585E+018,"1 : 0.31639937, 11 : 0.20146812, 2 : 0.09551764",6
2.00548546647735E+018,"8 : 0.42082176, 2 : 0.32694215, 2 : 0.11507748",6
2.00470689254832E+018,"1 : 0.45162275, 9 : 0.08491099, 5 : 0.04384008",6
2.00388990219143E+018,"13 : 0.5456939, 10 : 0.08599543, 13 : 0.06246976",6
1.99997173199896E+018,"7 : 0.15241092, 7 : 0.134368, 7 : 0.08212287",6
1.9996002394401E+018,"7 : 0.5600576, 7 : 0.05450879, 4 : 0.02924122",6
1.99953118876378E+018,"13 : 0.5266256, 4 : 0.031773612, 12 : 0.01509946",6
1.9992684927002E+018,"2 : 0.27032062, 11 : 0.118981175, 12 : 0.05321094",6
1.99878292894738E+018,"2 : 0.8845771, 7 : 0.015537327, 12 : 0.011820862",6
1.9986481676895E+018,"2 : 0.30960318, 13 : 0.12509087, 3 : 0.085578226",6
1.99669935194633E+018,"9 : 0.14151677, 2 : 0.06152349, 2 : 0.056300342",6
1.99643995180296E+018,"3 : 0.9507261, 10 : 0.0024773998, 7 : 0.0019846566",6
1.99422768950366E+018,"11 : 0.54678106, 13 : 0.14737263, 11 : 0.047603007",6
1.99383809070513E+018,"7 : 0.074973516, 11 : 0.050913285, 7 : 0.039356638",6
1.98941632229932E+018,"11 : 0.8541868, 2 : 0.013305746, 10 : 0.006543617",6
1.98879056817328E+018,"2 : 0.24637334, 12 : 0.13165204, 2 : 0.060691934",6
1.98867892106728E+018,"7 : 0.12952541, 13 : 0.07989507, 2 : 0.03714444",6
1.9858420889707E+018,"2 : 0.57323545, 1 : 0.042977694, 1 : 0.028053671",6
1.98505134387505E+018,"4 : 0.66862607, 12 : 0.09911978, 3 : 0.04199618",6
1.98505121942177E+018,"4 : 0.5271232, 3 : 0.06748914, 3 : 0.04330412",6
1.98488269336815E+018,"13 : 0.101169646, 2 : 0.030204138, 13 : 0.029484656",6
1.98275323667182E+018,"2 : 0.54470867, 11 : 0.053440414, 13 : 0.04744735",6
1.98207072618759E+018,"13 : 0.1893686, 7 : 0.10601748, 13 : 0.07305369",6
1.97352789012265E+018,"2 : 0.35182172, 2 : 0.20202583, 4 : 0.1888738",6
1.97335712827057E+018,"1 : 0.68989223, 11 : 0.0511634, 1 : 0.044067662",6
1.96824891507486E+018,"1 : 0.62201893, 1 : 0.06923298, 1 : 0.04136851",6
1.96702089430994E+018,"1 : 0.16600852, 7 : 0.11897098, 7 : 0.05997277",6
1.9590108695224E+018,"1 : 0.520237, 1 : 0.15917817, 12 : 0.053690523",6
1.94928288724679E+018,"7 : 0.71922714, 7 : 0.07513311, 13 : 0.03905352",6
1.94568698066472E+018,"13 : 0.48966685, 13 : 0.19278634, 13 : 0.01202383",6
1.94515836935224E+018,"5 : 0.1772439, 11 : 0.11153289, 1 : 0.10823379",6
1.93915800715932E+018,"8 : 0.6132328, 8 : 0.1532026, 8 : 0.039205052",6
1.93814016308529E+018,"13 : 0.1837484, 11 : 0.14649726, 1 : 0.11908208",6
1.93813061582587E+018,"7 : 0.9687659, 7 : 0.0064855753, 7 : 0.00047720195",6
1.93740486823098E+018,"7 : 0.48345134, 2 : 0.22209035, 7 : 0.03863642",6
1.9371805112706E+018,"6 : 0.2606734, 3 : 0.22785906, 13 : 0.06164375",6
1.93717605644981E+018,"1 : 0.14777842, 2 : 0.12414296, 4 : 0.087920554",6
1.93308603585857E+018,"11 : 0.6636863, 3 : 0.07920901, 1 : 0.031936575",6
1.93161166793259E+018,"3 : 0.26750892, 13 : 0.13596137, 7 : 0.09032427",6
1.92781851860858E+018,"7 : 0.14321892, 12 : 0.13738884, 13 : 0.08535208",6
1.92760198876399E+018,"12 : 0.16198558, 12 : 0.12198178, 7 : 0.09870183",6
1.92710187345239E+018,"1 : 0.7056144, 1 : 0.076054394, 11 : 0.02247903",6
1.926726624366E+018,"2 : 0.4425826, 2 : 0.14610499, 2 : 0.08831301",6
1.92647640603058E+018,"1 : 0.5165429, 2 : 0.21703675, 11 : 0.04251025",6
1.92645523164889E+018,"13 : 0.11305967, 13 : 0.077995844, 1 : 0.067867965",6
1.92636403437679E+018,"13 : 0.16835882, 13 : 0.096823074, 2 : 0.06961173",6
1.92635106005245E+018,"2 : 0.32720226, 1 : 0.11402203, 1 : 0.1076233",6
1.92618960375768E+018,"1 : 0.78233016, 1 : 0.046377394, 4 : 0.01494567",6
1.92490930798052E+018,"7 : 0.5678654, 7 : 0.066981636, 13 : 0.03616387",6
1.92485901663235E+018,"7 : 0.6034512, 4 : 0.05033882, 7 : 0.039659757",6
1.92415313635706E+018,"7 : 0.7020592, 7 : 0.049304236, 2 : 0.036901694",6
1.9241498328394E+018,"3 : 0.12563506, 3 : 0.07884477, 3 : 0.046253677",6
1.92414440880735E+018,"7 : 0.66603553, 7 : 0.03977994, 6 : 0.01561023",6
1.92391894890493E+018,"1 : 0.9041448, 1 : 0.003195035, 1 : 0.0014865182",6
1.92369379448849E+018,"9 : 0.9202341, 3 : 0.025611384, 2 : 0.016514607",6
1.92340624171363E+018,"7 : 0.11552777, 12 : 0.07972625, 7 : 0.054160643",6
1.92337365536006E+018,"2 : 0.25565356, 11 : 0.24872215, 1 : 0.20191409",6
1.92185435645575E+018,"11 : 0.4949283, 11 : 0.08134642, 5 : 0.021676105",6
1.92061304916577E+018,"2 : 0.51956713, 1 : 0.083075576, 11 : 0.04549037",6
1.92038960528776E+018,"2 : 0.22168058, 2 : 0.19904663, 9 : 0.16737981",6
1.92036231169478E+018,"2 : 0.51983964, 13 : 0.17781067, 11 : 0.036839377",6
1.92000470068012E+018,"7 : 0.4006829, 7 : 0.16072093, 13 : 0.12628824",6
1.91999844389413E+018,"7 : 0.445405, 2 : 0.18448763, 2 : 0.077123806",6
1.91999092858224E+018,"5 : 0.3315585, 6 : 0.18070966, 5 : 0.069096826",6
1.91998827016513E+018,"6 : 0.21497631, 7 : 0.11425802, 7 : 0.0582051",6
1.91998104830346E+018,"2 : 0.095528536, 13 : 0.05649551, 2 : 0.05149195",6
1.91997738726338E+018,"7 : 0.627939, 11 : 0.08356765, 7 : 0.059029926",6
1.91984839791796E+018,"6 : 0.096707426, 2 : 0.09465947, 1 : 0.08174133",6
1.91974751869268E+018,"7 : 0.42267278, 10 : 0.15234123, 2 : 0.07520634",6
1.91892113072935E+018,"13 : 0.07497034, 1 : 0.061029237, 7 : 0.059857532",6
1.91876185335982E+018,"7 : 0.1488535, 7 : 0.10119918, 7 : 0.09959024",6
1.91833025916017E+018,"12 : 0.17929663, 12 : 0.08208469, 12 : 0.061681494",6
1.9178478839669E+018,"7 : 0.30373636, 7 : 0.18322127, 7 : 0.13041817",6
1.91777868911632E+018,"2 : 0.39510068, 12 : 0.12022307, 7 : 0.090343155",6
1.91776107810676E+018,"2 : 0.53038406, 1 : 0.057997636, 1 : 0.03770643",6
1.91772701541737E+018,"6 : 0.9205561, 2 : 0.0036312698, 7 : 0.003305341",6
1.91772676663621E+018,"13 : 0.8093929, 12 : 0.039334245, 2 : 0.035237443",6
1.9176849312876E+018,"5 : 0.24193776, 5 : 0.049869217, 12 : 0.028054968",6
1.91768466229849E+018,"5 : 0.6583461, 12 : 0.064786375, 8 : 0.0141942",6
1.91768023139558E+018,"1 : 0.47837794, 2 : 0.30003035, 11 : 0.0426602",6
1.91767097978269E+018,"6 : 0.106088676, 7 : 0.05536154, 7 : 0.03563355",6
1.91754096467285E+018,"7 : 0.35994866, 7 : 0.08419853, 7 : 0.06258004",6
1.91633847451849E+018,"7 : 0.41636428, 3 : 0.22895308, 7 : 0.054999724",6
1.91478186676881E+018,"3 : 0.43394494, 7 : 0.30232635, 3 : 0.039905705",6
1.91453597388497E+018,"2 : 0.5073342, 2 : 0.21631399, 7 : 0.06864689",6
1.91386650665321E+018,"2 : 0.12446324, 10 : 0.08081282, 7 : 0.07238787",6
1.91343177620468E+018,"13 : 0.60877216, 13 : 0.37169585, 13 : 0.0015691218",6
1.91338478630124E+018,"7 : 0.2035067, 9 : 0.10647872, 10 : 0.07238143",6
1.91168654742434E+018,"11 : 0.75320375, 2 : 0.09600325, 1 : 0.03166274",6
1.91116289164023E+018,"3 : 0.45709085, 3 : 0.22291067, 3 : 0.022700097",6
1.91096504788079E+018,"2 : 0.31921002, 1 : 0.17218447, 11 : 0.08077292",6
1.91058363522082E+018,"7 : 0.30995464, 13 : 0.12624519, 13 : 0.1051978",6
1.91050419248566E+018,"3 : 0.44872755, 3 : 0.14303054, 12 : 0.0394413",6
1.91050164944764E+018,"1 : 0.34989303, 13 : 0.08341401, 12 : 0.0511216",6
1.9104760682107E+018,"4 : 0.920504, 2 : 0.021460893, 1 : 0.009715025",6
1.91024740484806E+018,"1 : 0.89618623, 12 : 0.022214407, 7 : 0.005020626",6
1.9102235600376E+018,"13 : 0.13570698, 13 : 0.11421779, 7 : 0.050931435",6
1.91020170715171E+018,"2 : 0.3121623, 4 : 0.0505913, 3 : 0.043099497",6
1.91018052162148E+018,"3 : 0.6950224, 3 : 0.15120181, 3 : 0.014762544",6
1.91012290685629E+018,"7 : 0.13791302, 2 : 0.047368694, 2 : 0.037975177",6
1.90952760149001E+018,"13 : 0.4934739, 2 : 0.11611255, 3 : 0.057781566",6
1.90941049451748E+018,"12 : 0.31228018, 2 : 0.08068814, 11 : 0.07992322",6
1.90939382786335E+018,"2 : 0.23002239, 2 : 0.1906857, 3 : 0.076538205",6
1.90899867659468E+018,"11 : 0.55314505, 2 : 0.16754371, 1 : 0.09840969",6
1.90884961478861E+018,"2 : 0.49479604, 6 : 0.11833772, 6 : 0.037866335",6
1.90806591204742E+018,"7 : 0.20844102, 12 : 0.107012205, 2 : 0.067716666",6
1.90724196844886E+018,"12 : 0.14985496, 9 : 0.11898807, 5 : 0.04104497",6
1.90670949350297E+018,"2 : 0.18052092, 2 : 0.17183907, 3 : 0.16329016",6
1.90538558247569E+018,"1 : 0.7215631, 1 : 0.031312183, 11 : 0.01915004",6
1.90443024453673E+018,"2 : 0.24797533, 7 : 0.052792944, 1 : 0.0481885",6
1.90158409227555E+018,"2 : 0.5531738, 1 : 0.08636744, 1 : 0.040062834",6
1.89958668780386E+018,"6 : 0.1741449, 6 : 0.16738233, 6 : 0.1326251",6
1.8991709574339E+018,"7 : 0.42287683, 7 : 0.17836137, 14 : 0.12184603",6
1.89858499331654E+018,"3 : 0.27097535, 11 : 0.20111816, 11 : 0.052858774",6
1.89574944006283E+018,"1 : 0.59563804, 2 : 0.18612437, 11 : 0.031133484",6
1.89168974762816E+018,"7 : 0.10440494, 13 : 0.07463313, 4 : 0.06581554",6
1.88949343148404E+018,"7 : 0.67884016, 11 : 0.18333553, 1 : 0.016235882",6
1.88930458156229E+018,"1 : 0.48918882, 12 : 0.07913032, 1 : 0.060285494",6
1.88670883025806E+018,"12 : 0.308679, 1 : 0.09217751, 4 : 0.06317105",6
1.88653848872484E+018,"7 : 0.6992119, 12 : 0.2889141, 12 : 0.010123146",6
1.88587137030389E+018,"7 : 0.57774234, 7 : 0.27343187, 7 : 0.01575313",6
1.88410505632979E+018,"3 : 0.19101085, 3 : 0.093905255, 2 : 0.071114905",6
1.88333197198046E+018,"1 : 0.84393877, 12 : 0.016539222, 1 : 0.010406916",6
1.88071178363655E+018,"3 : 0.21965052, 7 : 0.08569031, 3 : 0.06636529",6
1.88057895011264E+018,"3 : 0.13824014, 7 : 0.12246674, 7 : 0.119017065",6
1.88044410532772E+018,"2 : 0.23776042, 9 : 0.03826801, 1 : 0.03147467",6
1.88040601935241E+018,"7 : 0.4925165, 3 : 0.05944901, 3 : 0.055501424",6
1.88040442646469E+018,"12 : 0.21617734, 12 : 0.076641336, 11 : 0.06910797",6
1.87983344535066E+018,"11 : 0.15859422, 9 : 0.12285156, 2 : 0.1162021",6
1.87926500638014E+018,"7 : 0.7563699, 2 : 0.05112033, 7 : 0.022188945",6
1.87926330330823E+018,"7 : 0.77865577, 2 : 0.04565509, 7 : 0.013580431",6
1.87922994130126E+018,"7 : 0.2223844, 3 : 0.104536526, 7 : 0.041957572",6
1.87687411509765E+018,"2 : 0.28446686, 2 : 0.14107174, 2 : 0.06463556",6
1.87270392103948E+018,"7 : 0.41754216, 2 : 0.10362937, 2 : 0.07926777",6
1.87037431068873E+018,"7 : 0.15241103, 2 : 0.11836752, 4 : 0.09385183",6
1.86811878000652E+018,"2 : 0.3042833, 9 : 0.05589647, 2 : 0.04780647",6
1.85965866786574E+018,"8 : 0.9958818, 8 : 0.00035863963, 4 : 0.00015463134",6
1.85896382959953E+018,"4 : 0.28248313, 1 : 0.26668072, 11 : 0.055726994",6
1.84160316954578E+018,"1 : 0.53124666, 2 : 0.26965424, 11 : 0.03358026",6
1.82421554917104E+018,"4 : 0.6580684, 1 : 0.1940072, 2 : 0.02444791",6
1.81559767227567E+018,"7 : 0.16721559, 7 : 0.15440907, 8 : 0.11068483",6
1.8126178181372E+018,"12 : 0.36848024, 3 : 0.04829405, 1 : 0.03676762",6
1.8126167693432E+018,"1 : 0.10815677, 14 : 0.08843883, 10 : 0.08568292",6
1.81243026168856E+018,"11 : 0.43174592, 1 : 0.22772694, 1 : 0.044475548",6
1.81236043609828E+018,"1 : 0.7742374, 11 : 0.152418, 2 : 0.025552891",6
1.81206100041576E+018,"7 : 0.27041653, 7 : 0.18638848, 2 : 0.060272377",6
1.81186379780608E+018,"1 : 0.734164, 2 : 0.12503053, 11 : 0.015588803",6
1.81013893271371E+018,"1 : 0.6799811, 2 : 0.23348886, 11 : 0.016179062",6
1.80902284476216E+018,"2 : 0.70101166, 2 : 0.28473306, 2 : 0.00077885867",6
1.80815714841101E+018,"11 : 0.31748676, 2 : 0.11748927, 7 : 0.06952954",6
1.80796264778699E+018,"12 : 0.6238566, 12 : 0.13846613, 7 : 0.13635191",6
1.80771808581618E+018,"1 : 0.29449213, 1 : 0.102893576, 11 : 0.10010221",6
1.80743745105904E+018,"7 : 0.17799103, 12 : 0.027253008, 12 : 0.027103378",6
1.80677684442779E+018,"1 : 0.5728592, 1 : 0.0753479, 11 : 0.06754355",6
1.80159068958741E+018,"2 : 0.51451397, 1 : 0.24291012, 11 : 0.08690273",6
1.80087564697528E+018,"7 : 0.08480165, 4 : 0.07381927, 12 : 0.07223548",6
1.80047554975833E+018,"1 : 0.62673557, 11 : 0.24456914, 9 : 0.023811555",6
1.80019537661789E+018,"1 : 0.53354204, 11 : 0.29383475, 2 : 0.054997656",6
1.79975445118171E+018,"2 : 0.19558296, 11 : 0.19231471, 11 : 0.1731454",6
1.79950515977905E+018,"1 : 0.6042213, 2 : 0.21359256, 11 : 0.080785915",6
1.79945285815824E+018,"7 : 0.8952101, 14 : 0.056133125, 10 : 0.011878249",6
1.79940622875586E+018,"1 : 0.5900192, 2 : 0.08409189, 11 : 0.081741564",6
1.7993149201252E+018,"1 : 0.37690592, 2 : 0.21937229, 11 : 0.1757746",6
1.7992191921559E+018,"1 : 0.54927146, 11 : 0.1499629, 2 : 0.074885115",6
1.79921885122769E+018,"11 : 0.16326183, 12 : 0.13535391, 2 : 0.10676078",6
1.79893718939474E+018,"7 : 0.6390843, 7 : 0.09471391, 10 : 0.08669186",6
1.79891536227883E+018,"2 : 0.3930631, 11 : 0.0877039, 11 : 0.076943375",6
1.79888449956639E+018,"1 : 0.3342704, 2 : 0.2724286, 1 : 0.07881307",6
1.79883226737024E+018,"9 : 0.24702246, 11 : 0.20576873, 2 : 0.18050717",6
1.79878869735984E+018,"2 : 0.36671054, 1 : 0.36129248, 1 : 0.050452214",6
1.79878733451296E+018,"4 : 0.9479747, 11 : 0.005326632, 13 : 0.0023373489",6
1.79878562745636E+018,"11 : 0.95842606, 1 : 0.013590617, 1 : 0.004287753",6
1.7987370584889E+018,"9 : 0.49835142, 4 : 0.18744493, 2 : 0.12061744",6
1.7987321920151E+018,"7 : 0.25142843, 7 : 0.11412048, 2 : 0.044033043",6
1.79871993307114E+018,"7 : 0.09334807, 3 : 0.082384884, 7 : 0.059319206",6
1.79869572615729E+018,"9 : 0.061092563, 13 : 0.059713647, 7 : 0.054638993",6
1.79867939736161E+018,"12 : 0.61816937, 4 : 0.029244201, 12 : 0.02264886",6
1.79861260530281E+018,"2 : 0.2848831, 1 : 0.13783184, 11 : 0.0842308",6
1.79193949064869E+018,"7 : 0.4033559, 7 : 0.16354667, 7 : 0.14424247",6
1.79164977417519E+018,"7 : 0.39757, 2 : 0.17009218, 2 : 0.062462553",6
1.79122837222563E+018,"7 : 0.8686917, 2 : 0.03145363, 7 : 0.02226775",6
1.79095632719372E+018,"3 : 0.25449112, 2 : 0.043210544, 7 : 0.033428784",6
1.79094722890936E+018,"13 : 0.13405687, 13 : 0.10518948, 7 : 0.103259556",6
1.79085625867511E+018,"13 : 0.19087486, 7 : 0.09473868, 7 : 0.067143686",6
1.79024446213416E+018,"2 : 0.44135585, 1 : 0.21820317, 11 : 0.08771025",6
1.78975150789193E+018,"10 : 0.4135308, 1 : 0.39064103, 13 : 0.01231901",6
1.7891130699625E+018,"1 : 0.27586025, 11 : 0.044128675, 7 : 0.041474726",6
1.78910943475861E+018,"1 : 0.8908677, 11 : 0.022608293, 1 : 0.021015035",6
1.78727833919738E+018,"1 : 0.41281196, 12 : 0.07372385, 2 : 0.055905066",6
1.78710811258904E+018,"2 : 0.21609825, 14 : 0.11661757, 3 : 0.11586795",6
1.78546420808367E+018,"1 : 0.91980535, 1 : 0.014744454, 12 : 0.007960308",6
1.78217533517398E+018,"1 : 0.82049984, 2 : 0.11961605, 11 : 0.008874481",6
1.78002073569805E+018,"1 : 0.8475863, 1 : 0.06544541, 11 : 0.027275812",6
1.77751633986526E+018,"11 : 0.8727425, 2 : 0.021125404, 11 : 0.015809573",6
1.77557810197205E+018,"1 : 0.77406526, 1 : 0.018543402, 11 : 0.014352795",6
1.77351255917956E+018,"1 : 0.9218429, 1 : 0.0094346255, 8 : 0.0022160972",6
1.77160028506076E+018,"1 : 0.6737787, 2 : 0.14837147, 12 : 0.13285026",6
1.77047549720795E+018,"12 : 0.3844003, 12 : 0.12229371, 7 : 0.087014765",6
1.77029084687515E+018,"1 : 0.48909277, 7 : 0.08731365, 1 : 0.046571366",6
1.77020617568861E+018,"1 : 0.15491854, 2 : 0.10693442, 7 : 0.080514714",6
1.76956762491546E+018,"4 : 0.15568191, 2 : 0.08185089, 13 : 0.065104485",6
1.76947120460198E+018,"12 : 0.6152671, 7 : 0.032515578, 7 : 0.03002378",6
1.76925501879043E+018,"12 : 0.09946753, 7 : 0.09600162, 12 : 0.049378254",6
1.76921120876565E+018,"7 : 0.16422327, 7 : 0.13181296, 14 : 0.09138061",6
1.76921033583044E+018,"4 : 0.21728781, 9 : 0.09860465, 9 : 0.085304044",6
1.76918331496646E+018,"8 : 0.16540581, 8 : 0.09739469, 1 : 0.07385436",6
1.76917433947401E+018,"12 : 0.807977, 7 : 0.023660336, 7 : 0.0173527",6
1.76914767376561E+018,"13 : 0.057714947, 9 : 0.042932544, 8 : 0.040628493",6
1.76913458454234E+018,"2 : 0.12579125, 13 : 0.100075655, 13 : 0.090297684",6
1.76912907241515E+018,"7 : 0.92778766, 7 : 0.027065925, 3 : 0.0021651636",6
1.76911792143859E+018,"7 : 0.33768559, 7 : 0.2706517, 7 : 0.021529086",6
1.7691119911203E+018,"7 : 0.18303722, 7 : 0.14135012, 7 : 0.09098238",6
1.76910619051437E+018,"3 : 0.89182675, 3 : 0.039016668, 3 : 0.0141804665",6
1.76909269367311E+018,"2 : 0.24843068, 2 : 0.12189246, 4 : 0.10548093",6
1.76909035919891E+018,"2 : 0.19655497, 1 : 0.14979668, 3 : 0.12081359",6
1.76908244176223E+018,"1 : 0.55519974, 1 : 0.070993796, 2 : 0.038297165",6
1.76906148202761E+018,"3 : 0.15422563, 7 : 0.04029177, 14 : 0.0401089",6
1.76906048277676E+018,"12 : 0.30953217, 1 : 0.1294391, 2 : 0.07430926",6
1.76905477568852E+018,"7 : 0.279075, 7 : 0.113503516, 7 : 0.04410105",6
1.76905364629598E+018,"7 : 0.5236903, 14 : 0.10424026, 10 : 0.032967947",6
1.76905232937737E+018,"12 : 0.17515428, 5 : 0.072157845, 10 : 0.05928134",6
1.76905119107502E+018,"10 : 0.21132076, 7 : 0.036463715, 7 : 0.02496676",6
1.76904631242171E+018,"12 : 0.44090068, 13 : 0.43976223, 13 : 0.05899079",6
1.76904511046851E+018,"4 : 0.10435649, 10 : 0.052808538, 7 : 0.03548503",6
1.76903465510038E+018,"7 : 0.21519971, 12 : 0.04181458, 13 : 0.035953946",6
1.76901138860776E+018,"3 : 0.08306437, 5 : 0.07602092, 3 : 0.075546555",6
1.76901090081011E+018,"6 : 0.477836, 4 : 0.0677515, 2 : 0.05352127",6
1.76900844662238E+018,"13 : 0.23049524, 3 : 0.12914072, 13 : 0.09008376",6
1.76898077738655E+018,"10 : 0.2249522, 7 : 0.12355357, 10 : 0.05121986",6
1.76897603834268E+018,"6 : 0.101599365, 14 : 0.09350619, 7 : 0.073502585",6
1.76895722553013E+018,"3 : 0.19405633, 2 : 0.17599776, 12 : 0.08938057",6
1.76887646963287E+018,"1 : 0.8513261, 12 : 0.044354428, 11 : 0.019293373",6
1.76881656884831E+018,"6 : 0.1646887, 5 : 0.09979758, 4 : 0.096610695",6
1.76842647237955E+018,"10 : 0.78744566, 2 : 0.06219698, 13 : 0.017172195",6
1.76762452956547E+018,"12 : 0.06756855, 4 : 0.03811788, 2 : 0.035519026",6
1.76762299388838E+018,"13 : 0.26705375, 13 : 0.047771458, 3 : 0.036383096",6
1.7675919850732E+018,"7 : 0.21473631, 7 : 0.1217975, 3 : 0.10902032",6
1.7653632690976E+018,"1 : 0.5186326, 13 : 0.06069996, 9 : 0.03419085",6
1.76381738898418E+018,"1 : 0.90825295, 1 : 0.0170705, 12 : 0.013322764",6
1.7632964683319E+018,"11 : 0.9158891, 2 : 0.04065466, 10 : 0.0026005162",6
1.76161741881511E+018,"7 : 0.5313009, 7 : 0.30471542, 7 : 0.028663104",6
1.76118423869805E+018,"7 : 0.29598162, 10 : 0.16005392, 13 : 0.038710967",6
1.76112264976465E+018,"3 : 0.78103936, 7 : 0.07196864, 3 : 0.0071466374",6
1.76020857185678E+018,"7 : 0.13987395, 11 : 0.12740679, 7 : 0.07283369",6
1.75962946841291E+018,"1 : 0.31137905, 11 : 0.1751179, 11 : 0.14746398",6
1.75591829593813E+018,"7 : 0.104722396, 13 : 0.06750285, 2 : 0.060630903",6
1.75577424637582E+018,"1 : 0.7559971, 12 : 0.11636071, 11 : 0.016308993",6
1.75307935963464E+018,"7 : 0.6553477, 13 : 0.056755625, 11 : 0.042392727",6
1.74562356812454E+018,"1 : 0.69276005, 11 : 0.093981184, 2 : 0.079079054",6
1.742277075484E+018,"7 : 0.8714139, 7 : 0.03339456, 7 : 0.026361063",6
1.73964611277949E+018,"1 : 0.500571, 1 : 0.11006357, 1 : 0.0648856",6
1.73939927186555E+018,"1 : 0.60643536, 1 : 0.048528798, 1 : 0.04841658",6
1.73488033165345E+018,"7 : 0.81635135, 7 : 0.030888163, 7 : 0.010671946",6
1.73426675118284E+018,"7 : 0.5146865, 7 : 0.17573856, 7 : 0.09107081",6
1.73421253600354E+018,"7 : 0.94539785, 14 : 0.015919583, 7 : 0.009940184",6
1.73293898395431E+018,"12 : 0.08113627, 11 : 0.07272898, 12 : 0.06512703",6
1.73278658530315E+018,"2 : 0.35056272, 13 : 0.2535278, 13 : 0.20869102",6
1.73209273398238E+018,"13 : 0.88486326, 13 : 0.049881928, 13 : 0.04372054",6
1.73120612426934E+018,"2 : 0.29844937, 13 : 0.23534766, 13 : 0.12026242",6
1.73061450556028E+018,"13 : 0.663609, 13 : 0.08132921, 13 : 0.073846966",6
1.73001960819723E+018,"13 : 0.8637551, 13 : 0.057081934, 13 : 0.027971415",6
1.7299372186622E+018,"2 : 0.2736552, 12 : 0.14321035, 12 : 0.072257444",6
1.72993283767819E+018,"1 : 0.44391188, 2 : 0.09932952, 1 : 0.045392282",6
1.7292433510341E+018,"12 : 0.7308478, 3 : 0.17418773, 3 : 0.019365417",6
1.72637566033354E+018,"14 : 0.14197165, 2 : 0.099117525, 14 : 0.065149754",6
1.72546254224209E+018,"4 : 0.98590046, 5 : 0.0038615854, 12 : 0.00058221264",6
1.72544007191174E+018,"10 : 0.12404684, 9 : 0.074490525, 8 : 0.050199434",6
1.72479094485026E+018,"2 : 0.2276445, 7 : 0.08666824, 7 : 0.08344804",6
1.72478467512918E+018,"1 : 0.1579811, 7 : 0.057387162, 10 : 0.05118678",6
1.72212909687473E+018,"7 : 0.6201495, 14 : 0.30254558, 7 : 0.020070992",6
1.72109183580732E+018,"8 : 0.63774616, 8 : 0.04417322, 8 : 0.020152418",6
1.72098543179934E+018,"7 : 0.11119258, 2 : 0.098118916, 1 : 0.09646585",6
1.72092936994345E+018,"4 : 0.38521698, 5 : 0.022884496, 7 : 0.022712667",6
1.72062946915545E+018,"7 : 0.3481522, 14 : 0.2784729, 7 : 0.18145953",6
1.71684808878915E+018,"2 : 0.24934758, 7 : 0.10346368, 4 : 0.102232695",6
1.71543253604352E+018,"2 : 0.59715414, 11 : 0.10422502, 1 : 0.06307397",6
1.71300177480777E+018,"13 : 0.47812372, 13 : 0.2844077, 10 : 0.04674965",6
1.71169761448091E+018,"4 : 0.54618573, 1 : 0.3055042, 2 : 0.028255636",6
1.70515462467722E+018,"9 : 0.09950933, 9 : 0.0878297, 4 : 0.059449773",6
1.70452044493283E+018,"3 : 0.33907226, 7 : 0.18389, 2 : 0.085326605",6
1.69884871033276E+018,"9 : 0.9982674, 8 : 0.0001513843, 2 : 5.306816e-05",6
1.695643285829E+018,"7 : 0.61128753, 4 : 0.06228452, 10 : 0.053391248",6
1.69170749235203E+018,"7 : 0.4731231, 7 : 0.40526217, 14 : 0.031512417",6
1.68906852579132E+018,"1 : 0.55181545, 1 : 0.04173433, 11 : 0.033801343",6
1.68489646931151E+018,"11 : 0.3541838, 1 : 0.21416058, 2 : 0.122938566",6
1.6839654947834E+018,"1 : 0.77295476, 1 : 0.011825249, 1 : 0.0043268413",6
1.6806609980157E+018,"7 : 0.3650879, 14 : 0.26322263, 3 : 0.061256126",6
1.67994715496332E+018,"2 : 0.41404328, 7 : 0.24843545, 7 : 0.05316276",6
1.67500416195287E+018,"3 : 0.4371112, 3 : 0.30645552, 3 : 0.11049962",6
1.67429884671863E+018,"5 : 0.9686178, 5 : 0.004378996, 6 : 0.0013355775",6
1.67426959877971E+018,"7 : 0.8851114, 7 : 0.024235647, 14 : 0.0066619245",6
1.67404230313963E+018,"8 : 0.4610101, 9 : 0.12033602, 8 : 0.11585261",6
1.67034329641912E+018,"3 : 0.1077616, 7 : 0.09444685, 7 : 0.06607137",6
1.67016543277314E+018,"13 : 0.32948533, 13 : 0.22369228, 12 : 0.050946172",6
1.6687568001006E+018,"7 : 0.97896695, 3 : 0.00056506624, 7 : 0.00037977062",6
1.66742417621363E+018,"8 : 0.11643992, 7 : 0.07120943, 11 : 0.056414247",6
1.66543471010675E+018,"7 : 0.75842243, 14 : 0.1356715, 7 : 0.0063009495",6
1.66519889933244E+018,"12 : 0.37031895, 14 : 0.27984256, 7 : 0.07129366",6
1.66233418302218E+018,"3 : 0.9237815, 12 : 0.005302757, 3 : 0.0041725584",6
1.66188579272393E+018,"3 : 0.09831143, 2 : 0.096725106, 3 : 0.035883013",6
1.66001053687777E+018,"7 : 0.9915837, 7 : 0.0010787358, 14 : 0.0008263831",6
1.65949760547601E+018,"7 : 0.46593365, 14 : 0.14480352, 7 : 0.07574579",6
1.65868701207175E+018,"7 : 0.5205805, 7 : 0.25080016, 7 : 0.02172758",6
1.65749851801663E+018,"7 : 0.42236894, 12 : 0.12633717, 2 : 0.08230157",6
1.65647769866124E+018,"11 : 0.19043617, 2 : 0.103213064, 1 : 0.088317715",6
1.65619346639943E+018,"7 : 0.3409902, 12 : 0.030159103, 12 : 0.028785236",6
1.65618956446354E+018,"13 : 0.13821349, 7 : 0.053530883, 2 : 0.034141712",6
1.65618578068963E+018,"10 : 0.21867089, 2 : 0.020803867, 7 : 0.019543383",6
1.65618274227707E+018,"7 : 0.35193178, 7 : 0.13624862, 7 : 0.09527488",6
1.65618113580833E+018,"13 : 0.24114293, 7 : 0.08686971, 13 : 0.08008467",6
1.65617928534853E+018,"1 : 0.9001595, 1 : 0.014680993, 12 : 0.0062419423",6
1.65616699182574E+018,"2 : 0.38244736, 1 : 0.25092527, 1 : 0.018539188",6
1.65608168298008E+018,"13 : 0.9758462, 13 : 0.015333544, 12 : 0.0010243895",6
1.65598063552758E+018,"10 : 0.2555196, 4 : 0.23121828, 5 : 0.116711155",6
1.6559183381596E+018,"5 : 0.16450602, 6 : 0.1473346, 4 : 0.1055937",6
1.65591754040294E+018,"2 : 0.26090053, 3 : 0.1430329, 6 : 0.057912685",6
1.65518241195461E+018,"8 : 0.13993388, 2 : 0.0670522, 12 : 0.051878396",6
1.65463805164355E+018,"8 : 0.39333484, 8 : 0.14554062, 4 : 0.024092646",6
1.65462887154621E+018,"7 : 0.51581883, 7 : 0.28991798, 7 : 0.11283019",6
1.65433490202968E+018,"7 : 0.13837337, 6 : 0.089318074, 6 : 0.0754753",6
1.65326274139945E+018,"1 : 0.85302114, 11 : 0.030302634, 4 : 0.022201704",6
1.65291412214348E+018,"3 : 0.48272946, 11 : 0.24772003, 12 : 0.013263772",6
1.65248120767675E+018,"1 : 0.20901148, 4 : 0.06146998, 12 : 0.032848738",6
1.65246092525646E+018,"13 : 0.1539905, 13 : 0.098734684, 4 : 0.060061317",6
1.65227124598503E+018,"14 : 0.37325528, 7 : 0.19327393, 13 : 0.043670997",6
1.65109244574706E+018,"12 : 0.52541506, 12 : 0.027383825, 1 : 0.022828735",6
1.65088568276557E+018,"7 : 0.6762941, 3 : 0.069329694, 5 : 0.022586767",6
1.6508226837406E+018,"1 : 0.9415018, 8 : 0.0040486013, 12 : 0.0027285013",6
1.65031274785213E+018,"7 : 0.42086622, 14 : 0.23076382, 7 : 0.11675659",6
1.65029658884408E+018,"7 : 0.11292756, 12 : 0.09005569, 1 : 0.045817476",6
1.65028633377116E+018,"2 : 0.20062375, 3 : 0.19633865, 11 : 0.14936785",6
1.64961476592209E+018,"1 : 0.5026723, 11 : 0.21029975, 13 : 0.028992856",6
1.64959046466251E+018,"12 : 0.2992803, 7 : 0.17166238, 7 : 0.040439323",6
1.64953155636748E+018,"11 : 0.5458717, 2 : 0.22697383, 1 : 0.06067676",6
1.64948030236701E+018,"1 : 0.3884214, 12 : 0.09721923, 7 : 0.036181297",6
1.64946496089466E+018,"1 : 0.23422575, 11 : 0.1957707, 13 : 0.12457205",6
1.64945289719575E+018,"2 : 0.7298294, 1 : 0.027063267, 11 : 0.02181651",6
1.64882829880896E+018,"5 : 0.814372, 7 : 0.02727634, 2 : 0.020510245",6
1.64814242312487E+018,"11 : 0.18969852, 7 : 0.10908419, 13 : 0.07521979",6
1.64727909670663E+018,"7 : 0.33032206, 2 : 0.11810756, 7 : 0.040028345",6
1.6470916000932E+018,"7 : 0.6347637, 14 : 0.23047441, 8 : 0.061022773",6
1.64670848775939E+018,"7 : 0.524323, 14 : 0.061151054, 7 : 0.038333736",6
1.64660138769973E+018,"7 : 0.2502644, 7 : 0.05463567",6
1.64647763017338E+018,"11 : 0.15679936, 1 : 0.12499252, 12 : 0.058880735",6
1.64597898422521E+018,"7 : 0.46203345, 7 : 0.2042446, 13 : 0.09042325",6
1.64570276884847E+018,"7 : 0.73586667, 7 : 0.07181485, 14 : 0.043361202",6
1.64556790166464E+018,"7 : 0.89736354, 7 : 0.025413977, 14 : 0.0076108268",6
1.64533843892823E+018,"14 : 0.13749039, 1 : 0.10388375, 11 : 0.07459677",6
1.64532772566922E+018,"7 : 0.5986681, 4 : 0.07633127, 7 : 0.046181478",6
1.64531380847321E+018,"2 : 0.49279913, 11 : 0.19422366, 1 : 0.17727831",6
1.6452808093004E+018,"1 : 0.32090056, 7 : 0.100884445, 11 : 0.02771707",6
1.64526894446111E+018,"12 : 0.8133172, 3 : 0.01997037, 2 : 0.019341903",6
1.64524245293568E+018,"7 : 0.29552343, 7 : 0.21631515, 7 : 0.1600811",6
1.64425601594313E+018,"1 : 0.42448005, 1 : 0.14904304, 1 : 0.07016553",6
1.63920041720257E+018,"9 : 0.39032546, 1 : 0.05273046, 12 : 0.03540922",6
1.63684971473568E+018,"11 : 0.14218716, 9 : 0.0725783, 12 : 0.055824637",6
1.63633070117428E+018,"6 : 0.06997688, 6 : 0.05218239, 6 : 0.03934012",6
1.63618845999429E+018,"2 : 0.70940244, 1 : 0.13274229, 1 : 0.028299952",6
1.63569029448795E+018,"11 : 0.1636296, 9 : 0.13791674, 1 : 0.08155703",6
1.63499690746161E+018,"2 : 0.6355137, 11 : 0.19674177, 11 : 0.037003454",6
1.63430960124979E+018,"1 : 0.7932357, 2 : 0.14325961, 11 : 0.012113004",6
1.63344860137822E+018,"1 : 0.46337622, 12 : 0.06202327, 2 : 0.038850814",6
1.63259771550104E+018,"7 : 0.34249416, 7 : 0.18128794, 7 : 0.16255343",6
1.6310917945383E+018,"3 : 0.29917845, 10 : 0.03271537, 2 : 0.029234318",6
1.62897283672259E+018,"1 : 0.8686091, 2 : 0.059178546, 11 : 0.02047154",6
1.62855066047135E+018,"2 : 0.13388012, 7 : 0.09283626, 7 : 0.048148673",6
1.62771837481992E+018,"2 : 0.7150725, 1 : 0.16058727, 11 : 0.045744084",6
1.62745232805334E+018,"1 : 0.8378842, 11 : 0.019988429, 12 : 0.00884871",6
1.627050459525E+018,"2 : 0.58691776, 1 : 0.1836099, 13 : 0.020864205",6
1.62640808745399E+018,"2 : 0.2675133, 11 : 0.13928263, 1 : 0.10703313",6
1.62638849775602E+018,"2 : 0.72847086, 1 : 0.078021295, 11 : 0.024174456",6
1.62638627173931E+018,"1 : 0.66945493, 1 : 0.07605879, 2 : 0.055271342",6
1.62635275782365E+018,"2 : 0.517442, 1 : 0.29295617, 11 : 0.045939934",6
1.62631611461323E+018,"5 : 0.2035915, 3 : 0.06187301, 5 : 0.044534445",6
1.62629933374099E+018,"2 : 0.4484057, 11 : 0.1470098, 1 : 0.08539865",6
1.62627182147094E+018,"1 : 0.8022078, 2 : 0.15223673, 11 : 0.005407603",6
1.62627114308436E+018,"1 : 0.86431324, 11 : 0.037442327, 12 : 0.0038037035",6
1.62627027503124E+018,"1 : 0.92168325, 11 : 0.017254932, 1 : 0.001449264",6
1.62622386410182E+018,"12 : 0.20842281, 9 : 0.19701043, 7 : 0.042084496",6
1.6261667163233E+018,"2 : 0.45174202, 1 : 0.21618833, 11 : 0.041392036",6
1.62616433366486E+018,"1 : 0.78502977, 11 : 0.005773726, 1 : 0.005668165",6
1.6261627814284E+018,"1 : 0.61857766, 2 : 0.26712158, 11 : 0.025065765",6
1.62612624198625E+018,"1 : 0.45903984, 2 : 0.32109135, 4 : 0.06725695",6
1.62609832070584E+018,"1 : 0.4429383, 1 : 0.21740158, 1 : 0.097647786",6
1.62608821263596E+018,"11 : 0.2814698, 1 : 0.19917014, 11 : 0.10333018",6
1.62541401109924E+018,"9 : 0.14130089, 1 : 0.109452896, 8 : 0.07641641",6
1.61949525369722E+018,"9 : 0.19798906, 7 : 0.09107879, 9 : 0.089079574",6
1.61887722757372E+018,"1 : 0.8297621, 1 : 0.024279144, 12 : 0.017067319",6
1.61808936692693E+018,"9 : 0.74020135, 9 : 0.0735043, 14 : 0.04939735",6
1.61803125850246E+018,"3 : 0.35110226, 12 : 0.06268157, 14 : 0.042127308",6
1.61767387927494E+018,"5 : 0.109337345, 3 : 0.053783655, 7 : 0.03915812",6
1.6176052453266E+018,"2 : 0.121461935, 7 : 0.0571412, 7 : 0.03868071",6
1.61616132562411E+018,"2 : 0.22872809, 1 : 0.16020691, 11 : 0.14845806",6
1.61329809841967E+018,"11 : 0.104221374, 9 : 0.047157615, 13 : 0.04001116",6
1.61031693042042E+018,"1 : 0.843384, 12 : 0.014980493, 11 : 0.01484901",6
1.60977232866994E+018,"12 : 0.21872278, 12 : 0.0548535, 1 : 0.027577283",6
1.60584909296549E+018,"2 : 0.2703089, 13 : 0.15806079, 12 : 0.03815338",6
1.59843024430623E+018,"8 : 0.96564305, 8 : 0.0015254879, 12 : 0.00080330815",6
1.59257984508152E+018,"1 : 0.9143701, 11 : 0.007193837, 12 : 0.00715506",6
1.58983211098189E+018,"1 : 0.6534804, 12 : 0.05864219, 11 : 0.017188426",6
1.58496158496676E+018,"7 : 0.7107833, 4 : 0.19526178, 9 : 0.008758903",6
1.57962373845839E+018,"1 : 0.3533418, 1 : 0.30020276, 1 : 0.09441382",6
1.57920385280862E+018,"1 : 0.24040996, 11 : 0.1435767, 2 : 0.11268846",6
1.56029914634977E+018,"1 : 0.17282057, 11 : 0.06813536, 2 : 0.03950705",6
1.5579938401372E+018,"1 : 0.6974445, 1 : 0.028494049, 12 : 0.0116905505",6
1.55646897515589E+018,"4 : 0.511153, 9 : 0.08251849, 1 : 0.03715941",6
1.55398936076279E+018,"13 : 0.45137328, 13 : 0.2876506, 4 : 0.03647238",6
1.55397841478706E+018,"9 : 0.17482667, 8 : 0.079767756, 3 : 0.07807604",6
1.55397516558548E+018,"2 : 0.45537764, 7 : 0.24666564, 2 : 0.2102724",6
1.55090615808439E+018,"1 : 0.63814914, 12 : 0.2059229, 1 : 0.00898098",6
1.55030924287411E+018,"7 : 0.07828403, 1 : 0.05091703, 12 : 0.044040713",6
1.54846775454042E+018,"2 : 0.77297205, 1 : 0.032557927, 1 : 0.025781084",6
1.54796375326441E+018,"2 : 0.83948755, 2 : 0.015408229, 7 : 0.010322372",6
1.54521806910605E+018,"11 : 0.5795914, 2 : 0.12735024, 9 : 0.024414454",6
1.54377008737041E+018,"12 : 0.19661781, 7 : 0.02900294, 2 : 0.02521942",6
1.54196415143248E+018,"1 : 0.9295672, 2 : 0.042158544, 11 : 0.0067587635",6
1.53853173995199E+018,"12 : 0.19028093, 2 : 0.16522263, 3 : 0.10623154",6
1.53832846322804E+018,"6 : 0.9344502, 6 : 0.009513809, 3 : 0.0033267664",6
1.53825976065301E+018,"9 : 0.6505712, 3 : 0.17970018, 12 : 0.032678865",6
1.53644184684102E+018,"13 : 0.4959134, 2 : 0.057826567, 13 : 0.03540356",6
1.5363868486207E+018,"7 : 0.5783023, 11 : 0.05022581, 13 : 0.046877816",6
1.53622568393074E+018,"1 : 0.60188, 2 : 0.08366639, 13 : 0.04667544",6
1.53586127232163E+018,"13 : 0.28729126, 1 : 0.14634015, 11 : 0.14318928",6
1.5357693998177E+018,"11 : 0.8979085, 2 : 0.011342306, 8 : 0.0046183816",6
1.53552281282739E+018,"11 : 0.67391896, 9 : 0.2089259, 11 : 0.0105569605",6
1.5355219970941E+018,"9 : 0.26767516, 12 : 0.15490809, 12 : 0.07325572",6
1.53552104719308E+018,"10 : 0.06042368, 2 : 0.036473203, 7 : 0.02525025",6
1.53542256228448E+018,"1 : 0.5371272, 11 : 0.12431733, 2 : 0.09432492",6
1.5352899924984E+018,"1 : 0.61733276, 9 : 0.056675114, 5 : 0.054024074",6
1.53528552608495E+018,"4 : 0.117738366, 8 : 0.11730888, 8 : 0.08001209",6
1.53528449344726E+018,"12 : 0.48342583, 12 : 0.42078224, 2 : 0.021147767",6
1.53528345668224E+018,"4 : 0.8728928, 9 : 0.05783205, 1 : 0.017187204",6
1.5351149564571E+018,"1 : 0.4220617, 11 : 0.16162562, 1 : 0.06457999",6
1.53511472262463E+018,"1 : 0.70508957, 12 : 0.1241247, 11 : 0.018533334",6
1.53511430346255E+018,"1 : 0.52843237, 2 : 0.19017397, 4 : 0.092824265",6
1.53511410693423E+018,"2 : 0.48087054, 1 : 0.28385547, 11 : 0.054085687",6
1.53511390062484E+018,"2 : 0.54180896, 11 : 0.18254767, 11 : 0.026917785",6
1.53511371478349E+018,"2 : 0.8883116, 1 : 0.029321233, 11 : 0.020702157",6
1.53511298701327E+018,"2 : 0.43161324, 1 : 0.40268818, 11 : 0.021430738",6
1.53508264065336E+018,"1 : 0.8676392, 1 : 0.005403752, 12 : 0.0045220302",6
1.53506942070327E+018,"3 : 0.13522892, 3 : 0.10261912, 9 : 0.036522865",6
1.53505940217914E+018,"2 : 0.27108362, 2 : 0.104705885, 2 : 0.0760457",6
1.53502531486145E+018,"7 : 0.19850333, 7 : 0.17646416, 11 : 0.048142716",6
1.53502042785083E+018,"1 : 0.35699332, 7 : 0.027114894, 7 : 0.023462012",6
1.53501676983901E+018,"11 : 0.327642, 13 : 0.028664405, 2 : 0.024870269",6
1.53498653010834E+018,"8 : 0.2137859, 13 : 0.1327018, 9 : 0.07723413",6
1.5349753763784E+018,"2 : 0.06693501, 2 : 0.05364272, 4 : 0.052653633",6
1.53493480540511E+018,"2 : 0.30262673, 11 : 0.2360553, 11 : 0.0862988",6
1.53488377769622E+018,"13 : 0.32543582, 8 : 0.06162928, 13 : 0.038355146",6
1.53482112379437E+018,"1 : 0.6457067, 2 : 0.24424148, 4 : 0.035922404",6
1.53481758673758E+018,"2 : 0.5798667, 1 : 0.15086079, 12 : 0.085892536",6
1.53477996821811E+018,"1 : 0.7407149, 2 : 0.18717366, 11 : 0.008501709",6
1.53473342138391E+018,"1 : 0.8426553, 2 : 0.115341045, 11 : 0.004488092",6
1.53473115156092E+018,"2 : 0.8665903, 12 : 0.060320858, 9 : 0.012960667",6
1.53471697754084E+018,"2 : 0.29551572, 11 : 0.14109847, 1 : 0.118358955",6
1.5347076591234E+018,"11 : 0.7435337, 2 : 0.06780557, 11 : 0.008434368",6
1.53469563373345E+018,"1 : 0.56851566, 2 : 0.25195295, 11 : 0.06468398",6
1.53467579373704E+018,"13 : 0.89774257, 13 : 0.018137526, 13 : 0.0022440364",6
1.53465462440589E+018,"2 : 0.5006287, 1 : 0.13713165, 1 : 0.0321269",6
1.53463721202908E+018,"1 : 0.9558831, 7 : 0.0035868098, 12 : 0.0031596378",6
1.53456594257441E+018,"4 : 0.2825717, 12 : 0.12815568, 9 : 0.04726284",6
1.5343749714768E+018,"1 : 0.30550784, 2 : 0.17929871, 9 : 0.15001184",6
1.53434402326776E+018,"1 : 0.31996307, 13 : 0.079824105, 13 : 0.04047805",6
1.53433633530805E+018,"2 : 0.33978406, 7 : 0.058343273, 6 : 0.03925598",6
1.5342978546493E+018,"2 : 0.42504922, 1 : 0.1228658, 1 : 0.11267314",6
1.53427100586104E+018,"2 : 0.4738425, 1 : 0.29476961, 11 : 0.058255307",6
1.53425113447327E+018,"2 : 0.6663099, 11 : 0.046766195, 1 : 0.028786302",6
1.53424937296645E+018,"1 : 0.23475738, 1 : 0.1117932, 11 : 0.0482755",6
1.53423620645059E+018,"4 : 0.95696527, 9 : 0.027162062, 3 : 0.0012014926",6
1.53423394070421E+018,"1 : 0.105944335, 11 : 0.0940954, 2 : 0.033291005",6
1.5342241433638E+018,"12 : 0.21675895, 12 : 0.111829564, 7 : 0.063315384",6
1.53422223960423E+018,"1 : 0.40959623, 1 : 0.032813102, 1 : 0.021825869",6
1.53421293816326E+018,"8 : 0.24553008, 3 : 0.05155285, 14 : 0.049471717",6
1.53420829316447E+018,"12 : 0.90157527, 12 : 0.035475403, 7 : 0.01311945",6
1.5342061280479E+018,"9 : 0.36094907, 1 : 0.03565551, 4 : 0.034832805",6
1.53420028277364E+018,"1 : 0.356939, 3 : 0.059553068, 7 : 0.05519984",6
1.53419400094747E+018,"7 : 0.45780075, 2 : 0.092482746, 7 : 0.027407508",6
1.53417089512259E+018,"4 : 0.16435216, 1 : 0.059882347, 13 : 0.04252525",6
1.53416614859715E+018,"9 : 0.9287552, 1 : 0.015165713, 9 : 0.006382553",6
1.53416372438953E+018,"1 : 0.9126674, 12 : 0.0099203205, 12 : 0.004143172",6
1.53415139405808E+018,"9 : 0.106920615, 5 : 0.09217256, 9 : 0.065675355",6
1.53414292177503E+018,"8 : 0.84649986, 9 : 0.009228204, 8 : 0.0058282204",6
1.53414222446243E+018,"1 : 0.6932334, 12 : 0.11241659, 1 : 0.021523252",6
1.53413150496218E+018,"11 : 0.3604385, 1 : 0.052550603, 13 : 0.05211868",6
2.09945146449671E+018,"6 : 0.23468146, 3 : 0.1262394, 3 : 0.07752325",6
2.05662391080381E+018,"13 : 0.47300652, 13 : 0.20122427, 13 : 0.026162053",6
2.16342359102999E+018,"2 : 0.8560511, 7 : 0.020326529, 1 : 0.019846266",6
2.21052025625695E+018,"13 : 0.20381351, 13 : 0.17246777, 9 : 0.09711694",6
2.20990777077694E+018,"11 : 0.36050043, 2 : 0.24238253, 2 : 0.12806423",6
2.20988314186753E+018,"1 : 0.27954313, 6 : 0.1742537, 2 : 0.061955832",6
2.20978400100363E+018,"7 : 0.34158516, 7 : 0.1785195, 7 : 0.12537481",6
2.20968311548458E+018,"2 : 0.46015927, 11 : 0.09457553, 11 : 0.056898706",6
2.20947307260861E+018,"3 : 0.07416602, 2 : 0.06134499, 13 : 0.040792868",6
2.20910151126391E+018,"2 : 0.2876676, 1 : 0.12181797, 9 : 0.0912207",6
2.20879633978449E+018,"13 : 0.2486489, 13 : 0.20678693, 13 : 0.14273034",6
2.20831570802981E+018,"4 : 0.12201646, 9 : 0.08810154, 2 : 0.040639333",6
2.20760671101187E+018,"13 : 0.51425976, 13 : 0.11187965, 13 : 0.07743586",6
2.20731729131715E+018,"13 : 0.27677262, 13 : 0.122733854, 3 : 0.081743054",6
2.20658525160674E+018,"11 : 0.107002236, 11 : 0.089282766, 13 : 0.05512559",6
2.20625981729586E+018,"13 : 0.2051848, 13 : 0.13143949, 11 : 0.10102295",6
2.20557795712112E+018,"13 : 0.22729655, 13 : 0.08780496, 13 : 0.05385373",6
2.20540702625423E+018,"13 : 0.82727003, 13 : 0.08909934, 3 : 0.026431583",6
2.20533743175502E+018,"3 : 0.60119134, 12 : 0.10237523, 13 : 0.10093272",6
2.20520323286615E+018,"13 : 0.16712373, 13 : 0.06844976, 2 : 0.062781654",6
2.20474594896507E+018,"2 : 0.27479783, 11 : 0.12294367, 11 : 0.078833304",6
2.20463414159558E+018,"3 : 0.40185758, 11 : 0.14676045, 4 : 0.018241689",6
2.20445875809308E+018,"13 : 0.38788208, 9 : 0.19484091, 13 : 0.035484403",6
2.20398498214485E+018,"11 : 0.49516523, 13 : 0.07508759, 11 : 0.057959154",6
2.20331777042595E+018,"3 : 0.5847717, 12 : 0.029609347, 13 : 0.01692582",6
2.20295181856964E+018,"3 : 0.17846899, 13 : 0.1772867, 2 : 0.044727504",6
2.20255802485239E+018,"5 : 0.27754197, 13 : 0.08686319, 9 : 0.046171688",6
2.20245927562058E+018,"13 : 0.57727385, 13 : 0.1866561, 11 : 0.02385032",6
2.20225483107372E+018,"3 : 0.11640019, 13 : 0.09370253, 10 : 0.043010443",6
2.20180792592077E+018,"12 : 0.58202827, 12 : 0.1311464, 13 : 0.061913468",6
2.20160947287974E+018,"9 : 0.08764687, 13 : 0.08285172, 6 : 0.06846642",6
2.20038266248961E+018,"13 : 0.4770794, 13 : 0.060952235, 13 : 0.05863374",6
2.19973450168539E+018,"1 : 0.15427665, 2 : 0.10510395, 12 : 0.06966977",6
2.19957034551815E+018,"2 : 0.18695134, 11 : 0.17119353, 1 : 0.066610016",6
2.19911656794713E+018,"3 : 0.4657262, 3 : 0.28468293, 3 : 0.07470129",6
2.19891603343207E+018,"13 : 0.1633711, 13 : 0.118601546, 13 : 0.098342",6
2.19873445395936E+018,"1 : 0.44556266, 11 : 0.106055416, 9 : 0.078265905",6
2.19823638545087E+018,"13 : 0.32561362, 9 : 0.23564811, 13 : 0.060693465",6
2.19820115919235E+018,"1 : 0.6011498, 1 : 0.20401603, 11 : 0.029728992",6
2.19780677945966E+018,"13 : 0.30117506, 9 : 0.09021845, 1 : 0.057033006",6
2.19759243601285E+018,"7 : 0.34577662, 9 : 0.048637453, 13 : 0.04603764",6
2.19751255551052E+018,"13 : 0.21153505, 11 : 0.094915695, 13 : 0.084243275",6
2.1966909072529E+018,"13 : 0.33313122, 6 : 0.09371822, 13 : 0.079618864",6
2.19651628633952E+018,"4 : 0.18064022, 9 : 0.060058072, 8 : 0.04789261",6
2.19606787220036E+018,"13 : 0.5558572, 13 : 0.089524396, 2 : 0.0571323",6
2.19595466053647E+018,"13 : 0.51280785, 13 : 0.13683192, 14 : 0.06976215",6
2.19580059575611E+018,"11 : 0.34538937, 11 : 0.09614863, 2 : 0.090788074",6
2.19522217944987E+018,"1 : 0.63980466, 7 : 0.071171045, 9 : 0.015546912",6
2.19460890908851E+018,"6 : 0.2052597, 13 : 0.08743635, 9 : 0.052513838",6
2.19456023315938E+018,"7 : 0.9322018, 7 : 0.0065213297, 11 : 0.0052257376",6
2.19435181235303E+018,"13 : 0.2946092, 11 : 0.13151747, 2 : 0.12389134",6
2.19396794138187E+018,"13 : 0.67115015, 13 : 0.166615, 9 : 0.0066685313",6
2.19383597088595E+018,"13 : 0.29218057, 13 : 0.09612918, 13 : 0.09173817",6
2.19370243583972E+018,"13 : 0.51639, 13 : 0.12295607, 13 : 0.11092826",6
2.19356360216947E+018,"13 : 0.31396624, 13 : 0.08065285, 13 : 0.049795732",6
2.19239347352145E+018,"9 : 0.40784627, 2 : 0.0641922, 13 : 0.048366036",6
2.19175615008609E+018,"1 : 0.6852764, 11 : 0.046387758, 11 : 0.027237322",6
2.19167403083994E+018,"9 : 0.09417075, 13 : 0.048178233, 13 : 0.032832775",6
2.19093119897352E+018,"13 : 0.41455206, 13 : 0.18700719, 13 : 0.09459974",6
2.19031481893909E+018,"13 : 0.17131789, 3 : 0.086417556, 13 : 0.08387491",6
2.19021238658663E+018,"11 : 0.17946215, 1 : 0.16448589, 11 : 0.07249568",6
2.18954623806455E+018,"11 : 0.2169054, 11 : 0.09989778, 6 : 0.07071084",6
2.18947850631979E+018,"1 : 0.17998561, 2 : 0.1437828, 1 : 0.060703944",6
2.18932222795501E+018,"13 : 0.5662118, 11 : 0.1286042, 13 : 0.11254846",6
2.18910825459667E+018,"13 : 0.14790758, 13 : 0.12392994, 2 : 0.07395799",6
2.18887285488033E+018,"11 : 0.17218262, 2 : 0.14023295, 11 : 0.0926523",6
2.18876924658715E+018,"13 : 0.736143, 13 : 0.15100315, 11 : 0.0066703185",6
2.18872967334576E+018,"3 : 0.49701512, 12 : 0.22055249, 13 : 0.13449433",6
2.18869233545848E+018,"13 : 0.06510445, 7 : 0.062259007, 4 : 0.053486567",6
2.18852311266509E+018,"10 : 0.22673032, 7 : 0.2163386, 7 : 0.05397907",6
2.18809274371962E+018,"9 : 0.36608776, 9 : 0.0920094, 11 : 0.070817865",6
2.1879626291705E+018,"13 : 0.43377182, 11 : 0.10185709, 11 : 0.0714652",6
2.18710157860803E+018,"13 : 0.56435704, 13 : 0.18763632, 13 : 0.046489444",6
2.18668609878994E+018,"13 : 0.81815815, 13 : 0.01896318, 9 : 0.012602595",6
2.1863517250579E+018,"13 : 0.87338954, 13 : 0.026759077, 1 : 0.006681293",6
2.18564897453754E+018,"1 : 0.07280897, 4 : 0.041225, 2 : 0.026480578",6
2.18523892941486E+018,"13 : 0.4754676, 13 : 0.29596877, 13 : 0.09993563",6
2.18495187159317E+018,"2 : 0.12770535, 13 : 0.08833014, 2 : 0.085601166",6
2.18444722235496E+018,"9 : 0.5398925, 2 : 0.13734192, 9 : 0.043357857",6
2.18414357503019E+018,"13 : 0.48007077, 13 : 0.1292735, 12 : 0.029091436",6
2.18377801601932E+018,"11 : 0.3979648, 2 : 0.10040741, 9 : 0.0903328",6
2.18335719304114E+018,"1 : 0.6041485, 11 : 0.1580427, 1 : 0.1168818",6
2.18293932934162E+018,"8 : 0.10519502, 2 : 0.056538835, 2 : 0.04914639",6
2.18260701733684E+018,"13 : 0.6317182, 13 : 0.09251554, 13 : 0.053296268",6
2.18149329000539E+018,"13 : 0.3086551, 13 : 0.2409251, 6 : 0.021095254",6
2.18016078586403E+018,"7 : 0.27460614, 13 : 0.24957731, 9 : 0.100410596",6
2.18004691794002E+018,"4 : 0.5772985, 13 : 0.19477575, 9 : 0.056277003",6
2.1797272912493E+018,"11 : 0.21048936, 1 : 0.1786573, 1 : 0.0463518",6
2.17938959716441E+018,"1 : 0.22201025, 11 : 0.15913242, 11 : 0.08484893",6
2.17926108570316E+018,"13 : 0.36852458, 12 : 0.044942327, 14 : 0.04108261",6
2.17917981709476E+018,"11 : 0.11368968, 13 : 0.07860738, 13 : 0.07565443",6
2.17904138598702E+018,"13 : 0.33459395, 13 : 0.32491577, 7 : 0.039373606",6
2.17859225743858E+018,"7 : 0.7637823, 11 : 0.119154885, 11 : 0.036467705",6
2.1784797022514E+018,"13 : 0.46221343, 13 : 0.16657117, 11 : 0.06378913",6
2.17717647365657E+018,"13 : 0.8167726, 13 : 0.046164423, 13 : 0.020144148",6
2.17684105450082E+018,"13 : 0.34828648, 13 : 0.14053324, 11 : 0.082812905",6
2.17654869153238E+018,"11 : 0.50481296, 11 : 0.14405978, 13 : 0.07128348",6
2.17637624583556E+018,"13 : 0.37927085, 13 : 0.115775816, 13 : 0.031034919",6
2.17505922216365E+018,"1 : 0.15905863, 6 : 0.09898593, 9 : 0.048159767",6
2.17420827310478E+018,"13 : 0.5268899, 13 : 0.32232717, 3 : 0.018353349",6
2.17405898434515E+018,"11 : 0.4116586, 1 : 0.1628, 1 : 0.1179195",6
2.17357119022131E+018,"13 : 0.41048223, 13 : 0.19428456, 13 : 0.090338305",6
2.17344989302949E+018,"4 : 0.253489, 12 : 0.13510126, 2 : 0.044567008",6
2.17221032120954E+018,"13 : 0.46190384, 13 : 0.1386547, 11 : 0.11594583",6
2.17164815333441E+018,"13 : 0.24195576, 13 : 0.16053505, 12 : 0.09076258",6
2.17093174835191E+018,"11 : 0.2384693, 9 : 0.119954616, 13 : 0.098406404",6
2.17065112699145E+018,"1 : 0.6256221, 11 : 0.09491945, 2 : 0.06721912",6
2.16994689993584E+018,"11 : 0.31641012, 13 : 0.09819696, 11 : 0.060773365",6
2.16928611352125E+018,"11 : 0.38868237, 13 : 0.08811574, 11 : 0.078893125",6
2.16914403561733E+018,"13 : 0.61811763, 13 : 0.087926365, 13 : 0.07410712",6
2.16856569479139E+018,"13 : 0.05382446, 10 : 0.050784785, 13 : 0.031979125",6
2.1684632678556E+018,"7 : 0.2995904, 3 : 0.27237725, 12 : 0.054880034",6
2.16821341127921E+018,"2 : 0.18307485, 13 : 0.11691982, 11 : 0.07095939",6
2.16779828509991E+018,"1 : 0.10166998, 13 : 0.0931209, 13 : 0.090714045",6
2.16636793208182E+018,"9 : 0.19580942, 13 : 0.12936524, 2 : 0.04780832",6
2.16563516413956E+018,"13 : 0.30466622, 12 : 0.16305578, 3 : 0.07036486",6
2.16465136907945E+018,"1 : 0.08237289, 2 : 0.061105784, 3 : 0.059888244",6
2.16413090054044E+018,"13 : 0.081423774, 3 : 0.06262154, 7 : 0.055399165",6
2.16319964420581E+018,"3 : 0.4451724, 3 : 0.17838706, 3 : 0.10043406",6
2.16266462900515E+018,"1 : 0.54618025, 1 : 0.22168545, 1 : 0.08523298",6
2.16250289319492E+018,"13 : 0.19930585, 12 : 0.12299445, 14 : 0.04840244",6
2.16048372390725E+018,"3 : 0.20765491, 3 : 0.1267459, 3 : 0.12099589",6
2.15889138048779E+018,"13 : 0.11486546, 11 : 0.11079669, 2 : 0.09945983",6
2.15874159263099E+018,"13 : 0.22093159, 13 : 0.2043713, 2 : 0.12556002",6
2.15223528103431E+018,"13 : 0.5428457, 13 : 0.2488011, 13 : 0.045724552",6
2.15038446861187E+018,"11 : 0.46401617, 11 : 0.19342168, 2 : 0.1516139",6
2.1457665025702E+018,"3 : 0.078120485, 3 : 0.06370973, 3 : 0.056106865",6
2.14503930985298E+018,"2 : 0.6456099, 11 : 0.030683054, 11 : 0.020776892",6
2.14436754962936E+018,"13 : 0.24302693, 2 : 0.16011648, 7 : 0.12041041",6
2.14427436951869E+018,"1 : 0.9720214, 9 : 0.002864432, 11 : 0.0010011708",6
2.14288160943402E+018,"7 : 0.051306255, 7 : 0.043011043, 2 : 0.039196674",6
2.14021287473223E+018,"1 : 0.8649093, 11 : 0.020828754, 11 : 0.008943133",6
2.13804868078337E+018,"1 : 0.3152062, 11 : 0.21824922, 11 : 0.10580397",6
2.13661853899828E+018,"14 : 0.65344644, 7 : 0.056829777, 2 : 0.029976932",6
2.13567028706958E+018,"1 : 0.8987192, 1 : 0.0037885348, 11 : 0.0016713329",6
1.93066309888699E+018,"8 : 0.9111901, 8 : 0.018027477, 8 : 0.0028847097",6
1.77488520414266E+018,"1 : 0.7922129, 11 : 0.101379454, 1 : 0.011683424",6
1.60903144327083E+018,"3 : 0.5389202, 3 : 0.3302258, 3 : 0.088539146",6
2.2105659112155E+018,"3 : 0.43626362, 3 : 0.12674564, 3 : 0.11135607",6
2.05142476778116E+018,"8 : 0.35088533, 8 : 0.10399166, 8 : 0.08393037",6
1.59350255776159E+018,"9 : 0.934593, 5 : 0.007258809, 1 : 0.004275077",6
1.59140477764726E+018,"1 : 0.6219645, 11 : 0.13471086, 1 : 0.030653283",6
1.5890284595343E+018,"3 : 0.4194411, 7 : 0.070816875, 7 : 0.06666787",6
1.58717671519698E+018,"9 : 0.87832093, 13 : 0.013606509, 8 : 0.0082317935",6
1.5847550874344E+018,"3 : 0.3370191, 3 : 0.14689586, 3 : 0.106989436",6
1.58358805322496E+018,"2 : 0.5733809, 2 : 0.39851093, 2 : 0.0038654942",6
1.5819008844343E+018,"9 : 0.7028957, 4 : 0.048867814, 9 : 0.046184413",6
1.58062891179228E+018,"9 : 0.32782078, 8 : 0.14163707, 2 : 0.081810534",6
1.57981523904493E+018,"9 : 0.9976554, 4 : 0.0003086252, 3 : 0.00016155183",6
1.57895522436476E+018,"4 : 0.8914507, 1 : 0.02221501, 1 : 0.014808517",6
1.57555223941707E+018,"9 : 0.9102442, 5 : 0.004829395, 9 : 0.0026288184",6
1.5733473840415E+018,"3 : 0.15558195, 3 : 0.10486915, 3 : 0.048454896",6
1.57110179844897E+018,"2 : 0.18833324, 7 : 0.052226156, 13 : 0.04056314",6
1.57014482897577E+018,"2 : 0.43794623, 3 : 0.08010559, 10 : 0.06305677",6
1.56868143596615E+018,"5 : 0.94153345, 3 : 0.0061526983, 2 : 0.0031002422",6
1.56810777936462E+018,"4 : 0.54205835, 13 : 0.06522276, 10 : 0.038092006",6
1.56681278892746E+018,"3 : 0.4315554, 3 : 0.253442, 3 : 0.027516443",6
1.56535442293429E+018,"13 : 0.15923819, 2 : 0.09186717, 2 : 0.05195425",6
1.56439790221725E+018,"4 : 0.14893484, 1 : 0.092270575, 3 : 0.05275764",6
1.56307103970102E+018,"2 : 0.16830957, 2 : 0.13332076, 12 : 0.068575665",6
1.56181313300935E+018,"9 : 0.12528846, 13 : 0.092429765, 7 : 0.030659629",6
1.5596577740681E+018,"4 : 0.16643369, 9 : 0.07561997, 13 : 0.03557605",6
1.55820689193758E+018,"2 : 0.1879861, 13 : 0.08298505, 12 : 0.08286343",6
1.55751079931504E+018,"4 : 0.097913295, 9 : 0.06241374, 6 : 0.051778745",6
1.55678080071997E+018,"4 : 0.9803359, 2 : 0.001388362, 2 : 0.0010643201",6
1.55540011610521E+018,"1 : 0.3020275, 9 : 0.21946414, 1 : 0.056932643",6
1.5543169301851E+018,"8 : 0.9902126, 14 : 0.00034408818, 6 : 8.414988e-05",6
1.55368745808281E+018,"8 : 0.4060607, 7 : 0.21496923, 13 : 0.106569365",6
1.55301786434333E+018,"9 : 0.96914077, 9 : 0.0057402058, 7 : 0.00091098016",6
1.55228569133731E+018,"3 : 0.11586481, 3 : 0.0928922, 7 : 0.043532155",6
1.55144959566534E+018,"7 : 0.28701234, 9 : 0.17519632, 13 : 0.058604114",6
1.55019571627021E+018,"1 : 0.6651388, 9 : 0.2099339, 1 : 0.026811292",6
1.54958690884024E+018,"7 : 0.44388124, 1 : 0.037023257, 5 : 0.026209569",6
1.54854867979392E+018,"12 : 0.56822526, 4 : 0.040798545, 9 : 0.03938897",6
1.54782392699736E+018,"9 : 0.27090415, 5 : 0.031935338, 6 : 0.027884528",6
1.54584333448777E+018,"9 : 0.62496316, 5 : 0.19427872, 5 : 0.034280084",6
1.54417408279867E+018,"9 : 0.888496, 2 : 0.00569038, 13 : 0.00455044",6
1.54280476109775E+018,"3 : 0.16960366, 8 : 0.0608502, 2 : 0.038243234",6
1.54222067992323E+018,"7 : 0.10346116, 2 : 0.06924208, 7 : 0.048739217",6
1.54149059223964E+018,"2 : 0.83569735, 2 : 0.14594355, 2 : 0.0012072945",6
1.54076550883894E+018,"7 : 0.21018355, 9 : 0.20274441, 9 : 0.15340233",6
1.53984871274636E+018,"7 : 0.24268723, 9 : 0.07280739, 7 : 0.06540194",6
1.53825119230324E+018,"9 : 0.9641373, 9 : 0.0035326055, 4 : 0.0023758544",6
1.53718425634935E+018,"9 : 0.72485954, 4 : 0.13253945, 9 : 0.0697965",6
1.53561790864517E+018,"7 : 0.4827013, 2 : 0.054040547, 2 : 0.035928473",6
1.53483122517977E+018,"7 : 0.08370389, 7 : 0.063416116, 3 : 0.060825966",6
1.53414315688125E+018,"9 : 0.9008441, 4 : 0.07650371, 1 : 0.00414228",6
1.53392712612488E+018,"8 : 0.22706199, 8 : 0.22692831, 8 : 0.054476194",6
1.5333370394111E+018,"7 : 0.52062404, 7 : 0.19878681, 12 : 0.096646056",6
1.53144695071266E+018,"9 : 0.99165, 13 : 0.0006684244, 10 : 0.0006681325",6
1.53039769572209E+018,"2 : 0.11283356, 13 : 0.10923966, 7 : 0.068403475",6
1.52888526315201E+018,"3 : 0.7397923, 9 : 0.14956027, 2 : 0.020124469",6
1.52831966137594E+018,"9 : 0.71718085, 9 : 0.113955446, 9 : 0.013107939",6
1.52807834922605E+018,"8 : 0.65651757, 8 : 0.03559442, 8 : 0.024490062",6
1.52682540692128E+018,"1 : 0.8477858, 1 : 0.045160875, 11 : 0.008599895",6
1.52609916307423E+018,"3 : 0.38166147, 2 : 0.30545193, 7 : 0.08536306",6
1.52540011530371E+018,"2 : 0.69488305, 2 : 0.3013842, 7 : 0.0003546153",6
1.52500662454332E+018,"9 : 0.21352722, 2 : 0.10234157, 2 : 0.072198726",6
1.52485711624493E+018,"7 : 0.22615294, 7 : 0.14756379, 8 : 0.042615335",6
1.5247890456536E+018,"2 : 0.6797873, 2 : 0.28457668, 3 : 0.0029954172",6
1.52473626938844E+018,"7 : 0.22810961, 3 : 0.048973404, 3 : 0.040725242",6
1.5247264087895E+018,"12 : 0.14259596, 12 : 0.11151918, 7 : 0.067147516",6
1.52446354015687E+018,"1 : 0.86847967, 1 : 0.023084462, 11 : 0.0050240504",6
1.52413273695963E+018,"1 : 0.9543806, 1 : 0.006622424, 11 : 0.003125951",6
1.52405611413163E+018,"2 : 0.1241776, 2 : 0.060760945, 7 : 0.05099474",6
1.52348157288237E+018,"2 : 0.23766838, 13 : 0.102027155, 10 : 0.06458959",6
1.52340005725651E+018,"9 : 0.42606807, 9 : 0.2324525, 2 : 0.052896384",6
1.52318454699635E+018,"3 : 0.14083485, 2 : 0.07445671, 3 : 0.05283786",6
1.52273839148855E+018,"3 : 0.8695518, 3 : 0.0859747, 13 : 0.0046500824",6
1.52263435007499E+018,"3 : 0.9827811, 12 : 0.0075577553, 3 : 0.003617857",6
1.52255101279559E+018,"2 : 0.20695992, 2 : 0.15996107, 7 : 0.12060254",6
1.52173496501574E+018,"10 : 0.08849666, 5 : 0.056745447, 5 : 0.04639344",6
1.52047471475706E+018,"4 : 0.5818862, 1 : 0.09303269, 1 : 0.03025905",6
1.51977734519464E+018,"7 : 0.09307359, 7 : 0.06825384, 2 : 0.031344917",6
1.51875415347501E+018,"2 : 0.4789993, 2 : 0.16403879, 3 : 0.13479194",6
1.51809031656948E+018,"7 : 0.20584099, 3 : 0.10539526, 2 : 0.052208077",6
1.51600403272409E+018,"3 : 0.7293289, 13 : 0.20627046, 12 : 0.009712887",6
1.51552941520683E+018,"9 : 0.8701924, 4 : 0.053914554, 2 : 0.011871653",6
1.51534095491016E+018,"7 : 0.5456434, 7 : 0.06424874, 7 : 0.027182998",6
1.51462679550862E+018,"2 : 0.90755725, 13 : 0.019049149, 7 : 0.009682996",6
1.51232518252874E+018,"8 : 0.3100481, 8 : 0.16483192, 8 : 0.105914004",6
1.51103028322535E+018,"7 : 0.058954153, 12 : 0.028181339, 2 : 0.024768474",6
1.5103299558837E+018,"2 : 0.07728405, 7 : 0.07540135, 7 : 0.067455776",6
1.50975830650639E+018,"2 : 0.29240108, 6 : 0.035099894, 13 : 0.03382973",6
1.50950357895881E+018,"9 : 0.9519639, 6 : 0.008293062, 6 : 0.00408652",6
1.50817735902571E+018,"7 : 0.5592673, 11 : 0.1659959, 7 : 0.040773835",6
1.5058771181221E+018,"9 : 0.93315876, 5 : 0.010162409, 5 : 0.004970855",6
1.50562790797995E+018,"1 : 0.8856595, 1 : 0.07228918, 1 : 0.012691805",6
1.50446218776194E+018,"9 : 0.69230896, 4 : 0.07042558, 9 : 0.018058753",6
1.50154799425141E+018,"7 : 0.26047817, 9 : 0.23713414, 9 : 0.17153679",6
1.49966385872886E+018,"8 : 0.8486338, 8 : 0.031313375, 3 : 0.009770986",6
1.49846341718251E+018,"8 : 0.19751115, 7 : 0.047096625, 2 : 0.030684538",6
1.4967059884961E+018,"9 : 0.08459453, 5 : 0.08260351, 4 : 0.044245366",6
1.49424433795617E+018,"9 : 0.5598339, 9 : 0.14444461, 7 : 0.106015995",6
1.49357459616718E+018,"2 : 0.6542112, 2 : 0.314103, 7 : 0.0017166827",6
1.49279258081073E+018,"7 : 0.31166887, 13 : 0.23538995, 3 : 0.04485892",6
1.49163357322309E+018,"12 : 0.5530582, 13 : 0.065006875, 12 : 0.039780904",6
1.49008915266157E+018,"3 : 0.5321019, 3 : 0.067485146, 3 : 0.028207052",6
1.48925274199712E+018,"7 : 0.11141305, 7 : 0.037993364, 7 : 0.03543714",6
1.48903075072376E+018,"7 : 0.50618356, 7 : 0.15571631, 3 : 0.062373195",6
1.48834092216007E+018,"2 : 0.08652955, 10 : 0.06608466, 13 : 0.04901291",6
1.48768608063533E+018,"4 : 0.67404974, 9 : 0.13315539, 9 : 0.039535202",6
1.48635722164615E+018,"6 : 0.179138, 13 : 0.12700231, 6 : 0.06785168",6
1.48562027006792E+018,"3 : 0.45019946, 7 : 0.12172183, 7 : 0.065006435",6
1.484924641419E+018,"4 : 0.5014275, 1 : 0.14484571, 9 : 0.10210597",6
1.48434641352882E+018,"11 : 0.5202902, 1 : 0.29813454, 11 : 0.04995462",6
1.48325599795471E+018,"9 : 0.45916718, 4 : 0.2344615, 1 : 0.021658683",6
1.48188059969824E+018,"5 : 0.1692029, 13 : 0.16585056, 9 : 0.14460929",6
1.48126130767592E+018,"7 : 0.99457306, 2 : 0.0008647789, 2 : 0.00034456115",6
1.48041747649059E+018,"9 : 0.5127047, 2 : 0.26812345, 7 : 0.04385661",6
1.47914297392059E+018,"7 : 0.35306767, 7 : 0.093787216, 7 : 0.08282165",6
1.47844303423136E+018,"9 : 0.99051297, 8 : 0.00010705097, 2 : 9.231433e-05",6
1.47760697030265E+018,"7 : 0.3051945, 7 : 0.28745165, 7 : 0.07490323",6
1.47634010869648E+018,"7 : 0.70082766, 4 : 0.12131865, 7 : 0.054253053",6
1.47523983819396E+018,"8 : 0.19869204, 8 : 0.14778146, 8 : 0.08688846",6
1.47422725454826E+018,"8 : 0.15010875, 4 : 0.14572653, 2 : 0.10888458",6
1.47418519702826E+018,"9 : 0.9806698, 11 : 0.0030360168, 4 : 0.0025234886",6
1.47357480613287E+018,"3 : 0.7314322, 3 : 0.15771206, 3 : 0.011416983",6
1.47324951398383E+018,"5 : 0.13376856, 4 : 0.06679991, 10 : 0.04100313",6
1.47274520896516E+018,"2 : 0.52417123, 2 : 0.19483404, 4 : 0.029266817",6
1.47206323014188E+018,"10 : 0.094907, 13 : 0.04457699, 13 : 0.038427513",6
1.47123719092621E+018,"2 : 0.23038894, 3 : 0.10285007, 13 : 0.06412899",6
1.4705707183445E+018,"3 : 0.44483167, 3 : 0.04884022, 3 : 0.040425144",6
1.47033181782784E+018,"2 : 0.20758246, 2 : 0.093739845, 6 : 0.057202455",6
1.46903471532317E+018,"2 : 0.30914837, 2 : 0.1806877, 7 : 0.16396354",6
1.46832904874818E+018,"9 : 0.9919886, 1 : 0.0032463933, 11 : 0.00034650211",6
1.46758490499683E+018,"7 : 0.20436978, 7 : 0.06518273, 3 : 0.040680952",6
1.46690025118077E+018,"9 : 0.90608644, 1 : 0.037670255, 1 : 0.0066726445",6
1.46542223705394E+018,"9 : 0.9929884, 1 : 0.00027326576, 5 : 0.00013701369",6
1.46478885258877E+018,"1 : 0.7999081, 9 : 0.011998111, 12 : 0.01124816",6
1.46399699225376E+018,"4 : 0.23918723, 7 : 0.18382686, 3 : 0.07788059",6
1.46326825309788E+018,"9 : 0.8187275, 2 : 0.050361942, 9 : 0.023082271",6
1.46240118446336E+018,"7 : 0.50928944, 4 : 0.09222827, 7 : 0.035617016",6
1.46162727991877E+018,"1 : 0.63117397, 1 : 0.06494312, 11 : 0.03074011",6
1.46098453841481E+018,"9 : 0.9845696, 1 : 0.0026973642, 10 : 0.0017468313",6
1.46036558629821E+018,"9 : 0.99581194, 1 : 0.0003704953, 2 : 9.602263e-05",6
2.19290752353626E+018,"1 : 0.33520284, 11 : 0.12402104, 9 : 0.06500726",6
2.19229046652314E+018,"9 : 0.97670484, 4 : 0.0046129297, 9 : 0.0023092786",6
2.1917006556186E+018,"4 : 0.6142408, 5 : 0.13561337, 12 : 0.047618207",6
2.1899901416749E+018,"5 : 0.23225339, 10 : 0.21351585, 10 : 0.21232352",6
2.18949811006037E+018,"7 : 0.2685836, 7 : 0.17632218, 2 : 0.05617917",6
2.18920387218718E+018,"7 : 0.9588418, 7 : 0.0009175139, 6 : 0.0007180027",6
2.18870036260992E+018,"8 : 0.21709053, 8 : 0.13495858, 8 : 0.102194406",6
2.18855918167454E+018,"4 : 0.5087016, 7 : 0.21193284, 9 : 0.10696943",6
2.18751720182074E+018,"9 : 0.8139434, 4 : 0.06123864, 7 : 0.026576117",6
2.18726578965296E+018,"8 : 0.20121717, 9 : 0.14530204, 8 : 0.13396579",6
2.1857059862294E+018,"9 : 0.90378237, 5 : 0.0071525034, 1 : 0.006075956",6
2.18432750221468E+018,"9 : 0.6309644, 5 : 0.16715106, 1 : 0.0140198385",6
2.18280694337516E+018,"1 : 0.8451663, 1 : 0.02977814, 1 : 0.004151638",6
2.18222974836585E+018,"1 : 0.48188606, 11 : 0.097525924, 9 : 0.08366509",6
2.18145083509884E+018,"1 : 0.10475463, 1 : 0.091448285, 11 : 0.06875406",6
2.18140719785354E+018,"2 : 0.41408563, 7 : 0.27731627, 2 : 0.04634738",6
2.18054446030868E+018,"1 : 0.8980586, 9 : 0.009843852, 1 : 0.008099016",6
2.17929024954382E+018,"3 : 0.19365081, 7 : 0.13688177, 7 : 0.06956768",6
2.17760130874445E+018,"1 : 0.7842617, 11 : 0.042694826, 1 : 0.024052354",6
2.17637451636466E+018,"3 : 0.35017374, 7 : 0.07255595, 2 : 0.06264937",6
2.17629737027967E+018,"9 : 0.8589983, 5 : 0.018082054, 5 : 0.010948911",6
2.17567900144883E+018,"2 : 0.12750402, 2 : 0.08529217, 7 : 0.057936836",6
2.17560130524706E+018,"3 : 0.12761997, 3 : 0.056650896, 2 : 0.035213266",6
2.17553961489534E+018,"7 : 0.44293505, 7 : 0.14203289, 7 : 0.05792627",6
2.17543243436322E+018,"4 : 0.9365785, 1 : 0.034029868, 13 : 0.004331128",6
2.17477861395734E+018,"9 : 0.9871696, 1 : 0.0004776543, 1 : 0.0004241071",6
2.17431754187814E+018,"10 : 0.34193057, 10 : 0.24259576, 10 : 0.17345758",6
2.17415000527821E+018,"1 : 0.8553177, 1 : 0.009182014, 10 : 0.0074238717",6
2.17358989271303E+018,"10 : 0.8676102, 7 : 0.0802277, 7 : 0.013677335",6
2.17339382483038E+018,"4 : 0.31180695, 8 : 0.1634141, 3 : 0.09318082",6
2.17267528530731E+018,"2 : 0.26281074, 11 : 0.09472788, 8 : 0.064048484",6
2.17173254586837E+018,"7 : 0.4475322, 7 : 0.26707268, 7 : 0.08301789",6
2.17129127766314E+018,"7 : 0.2724758, 7 : 0.21923046, 7 : 0.040596705",6
2.1706329410431E+018,"9 : 0.30222347, 13 : 0.09219616, 8 : 0.044987574",6
2.16984805562351E+018,"1 : 0.928598, 1 : 0.04422655, 8 : 0.0022292908",6
2.16959464565984E+018,"9 : 0.4431306, 1 : 0.31633407, 4 : 0.021627964",6
2.16912081563004E+018,"6 : 0.07567695, 14 : 0.064011104, 7 : 0.05650881",6
2.16900833763409E+018,"9 : 0.14091358, 7 : 0.05759522, 13 : 0.048254613",6
2.16895069277369E+018,"10 : 0.54895514, 7 : 0.14476053, 7 : 0.08276952",6
2.16829920038344E+018,"4 : 0.87097657, 4 : 0.008242116, 13 : 0.0064210603",6
2.16767531283874E+018,"8 : 0.9374569, 9 : 0.00746975, 4 : 0.005173681",6
2.1667847462616E+018,"4 : 0.52283084, 13 : 0.3347595, 10 : 0.040226955",6
2.1661115820871E+018,"1 : 0.80576164, 9 : 0.12805015, 13 : 0.0135577405",6
2.16554017848889E+018,"11 : 0.168069, 8 : 0.101866506, 1 : 0.07543724",6
2.16464152429461E+018,"9 : 0.39851725, 1 : 0.14749238, 1 : 0.047945272",6
2.16457577628913E+018,"10 : 0.14687677, 7 : 0.11556278, 2 : 0.05550691",6
2.16445823896304E+018,"10 : 0.2248335, 10 : 0.18401319, 13 : 0.054588918",6
2.16389852856337E+018,"9 : 0.96779174, 8 : 0.0017707392, 4 : 0.0009945136",6
2.16337724503765E+018,"9 : 0.9874343, 2 : 0.0008160407, 1 : 0.0006402426",6
2.16327872412493E+018,"1 : 0.3490799, 1 : 0.3415191, 9 : 0.119598806",6
2.16309632307985E+018,"7 : 0.2738423, 2 : 0.10553157, 13 : 0.08360409",6
2.16262976601548E+018,"7 : 0.19241618, 7 : 0.1414578, 7 : 0.11314164",6
2.16194352780257E+018,"9 : 0.6971139, 7 : 0.061537772, 9 : 0.019750804",6
2.16186726815016E+018,"6 : 0.060405575, 12 : 0.048616067, 2 : 0.047794975",6
2.16113322163125E+018,"2 : 0.15090658, 3 : 0.14641315, 3 : 0.11327572",6
2.16048301423312E+018,"9 : 0.79613996, 1 : 0.14914894, 4 : 0.006590074",6
2.15977349196086E+018,"11 : 0.1367516, 9 : 0.08491421, 12 : 0.07816652",6
2.15900099449415E+018,"1 : 0.33116385, 7 : 0.05511195, 2 : 0.03569438",6
2.15791844520186E+018,"1 : 0.3266409, 1 : 0.22657894, 1 : 0.08387389",6
2.15750718492892E+018,"7 : 0.8826676, 7 : 0.027959177, 13 : 0.006476764",6
2.15689233720132E+018,"4 : 0.8651028, 13 : 0.017714312, 1 : 0.015745306",6
2.1566457615264E+018,"2 : 0.32072884, 7 : 0.23315212, 2 : 0.015012613",6
2.1558759655621E+018,"9 : 0.9751706, 1 : 0.005647976, 1 : 0.0046377596",6
2.15522488584938E+018,"7 : 0.32400942, 9 : 0.09068888, 4 : 0.07808645",6
2.15465630311176E+018,"5 : 0.13595167, 4 : 0.07728226, 3 : 0.055125102",6
2.15404950749154E+018,"10 : 0.41892803, 7 : 0.044985477, 7 : 0.036625586",6
2.15384512680033E+018,"4 : 0.70057386, 13 : 0.14062983, 7 : 0.019857552",6
2.15328269465034E+018,"7 : 0.34563133, 10 : 0.13371696, 9 : 0.06627738",6
2.15321254515937E+018,"4 : 0.7812247, 7 : 0.048482858, 4 : 0.01951589",6
2.1525858933142E+018,"1 : 0.44570294, 11 : 0.053343374, 1 : 0.037168328",6
2.15162497409078E+018,"2 : 0.5014859, 2 : 0.49070546, 8 : 0.0011254947",6
2.15102232284538E+018,"3 : 0.82737267, 3 : 0.1688097, 8 : 0.0018944881",6
2.15084235283565E+018,"4 : 0.31583637, 3 : 0.031171676, 12 : 0.01896375",6
2.15031595312106E+018,"7 : 0.31351778, 4 : 0.1803207, 2 : 0.049072113",6
2.15020299406334E+018,"9 : 0.2988195, 2 : 0.27675903, 6 : 0.05464543",6
2.14899095125581E+018,"11 : 0.42638618, 1 : 0.11972292, 1 : 0.113042094",6
2.14807494735693E+018,"12 : 0.683724, 12 : 0.0736609, 2 : 0.034109097",6
2.14721989871636E+018,"7 : 0.39551586, 7 : 0.21207984, 7 : 0.105812885",6
2.14650580961876E+018,"7 : 0.3636023, 14 : 0.08764667, 2 : 0.07403949",6
2.14648609617168E+018,"7 : 0.22338383, 7 : 0.09513371, 2 : 0.0643838",6
2.14641516666383E+018,"7 : 0.5919805, 7 : 0.11501172, 7 : 0.11262694",6
2.14580335508382E+018,"8 : 0.093072996, 7 : 0.050724883, 4 : 0.045866713",6
2.14527513588034E+018,"8 : 0.11017757, 7 : 0.10688914, 8 : 0.08212997",6
2.14515728040908E+018,"3 : 0.11901285, 2 : 0.10424732, 3 : 0.09488532",6
2.14448036086461E+018,"1 : 0.7081007, 1 : 0.066317044, 8 : 0.005748002",6
2.14418935340074E+018,"9 : 0.5390409, 11 : 0.05812613, 1 : 0.02712869",6
2.14372165736631E+018,"1 : 0.9628725, 9 : 0.0033146993, 1 : 0.0030753042",6
2.14356375884975E+018,"9 : 0.5340703, 1 : 0.25067756, 1 : 0.12161088",6
2.1423708339901E+018,"9 : 0.6830103, 4 : 0.2674031, 9 : 0.018252261",6
2.14163569908925E+018,"2 : 0.19442414, 14 : 0.06082946, 7 : 0.03623723",6
2.14124072545989E+018,"9 : 0.11189988, 9 : 0.06430237, 2 : 0.04315059",6
2.14070417565372E+018,"1 : 0.77131003, 9 : 0.061097484, 1 : 0.018324867",6
2.1402768542079E+018,"7 : 0.2986692, 7 : 0.22599971, 14 : 0.058904517",6
2.13952006580497E+018,"12 : 0.53424513, 9 : 0.107556134, 12 : 0.050693132",6
2.13919715554234E+018,"7 : 0.13065273, 7 : 0.0805967, 1 : 0.06356954",6
2.1381309184019E+018,"9 : 0.85730654, 9 : 0.020697413, 5 : 0.012571",6
2.13783587835004E+018,"1 : 0.54413366, 11 : 0.238501, 5 : 0.028964788",6
2.13773503832068E+018,"2 : 0.8347035, 7 : 0.006271235, 7 : 0.004244119",6
2.13701401454718E+018,"5 : 0.51540375, 2 : 0.17922565, 5 : 0.093425475",6
2.13630559643416E+018,"9 : 0.8584392, 4 : 0.0061416384, 1 : 0.0021700456",6
2.13522249870336E+018,"1 : 0.85840315, 9 : 0.019852277, 11 : 0.005652616",6
2.13446781808786E+018,"1 : 0.8454426, 11 : 0.01161792, 9 : 0.0083497865",6
2.13354168690627E+018,"3 : 0.37431604, 3 : 0.07040622, 5 : 0.038652696",6
2.13264336306376E+018,"3 : 0.3475831, 3 : 0.06524913, 3 : 0.06471191",6
2.13219211092608E+018,"9 : 0.76471996, 1 : 0.066238485, 4 : 0.014164425",6
2.13185659964868E+018,"2 : 0.054601185, 7 : 0.04123739, 2 : 0.03065356",6
2.13129140831783E+018,"9 : 0.6023733, 7 : 0.10444957, 9 : 0.025135273",6
2.13014972112465E+018,"11 : 0.13445692, 1 : 0.1143762, 9 : 0.03784733",6
2.12922615330196E+018,"7 : 0.2021319, 7 : 0.07342904, 6 : 0.056308165",6
2.12899681762598E+018,"1 : 0.13449399, 1 : 0.08360521, 1 : 0.07735835",6
2.12856829188791E+018,"9 : 0.25481102, 6 : 0.057918496, 6 : 0.05114622",6
2.12840503739586E+018,"1 : 0.37957558, 9 : 0.17216362, 1 : 0.14060533",6
2.12780179838226E+018,"4 : 0.6619695, 9 : 0.045081005, 7 : 0.02188148",6
2.12637363439789E+018,"9 : 0.5365806, 1 : 0.22748266, 4 : 0.12263948",6
2.12500096717845E+018,"2 : 0.34524, 1 : 0.16769642, 11 : 0.079158634",6
2.12472520776465E+018,"2 : 0.46990222, 13 : 0.051617473, 2 : 0.034823775",6
2.12400089589672E+018,"9 : 0.9664041, 5 : 0.011164275, 5 : 0.00085551926",6
2.12343510888269E+018,"1 : 0.46636412, 1 : 0.36944932, 11 : 0.005350908",6
2.12199168185224E+018,"2 : 0.51071876, 13 : 0.378771, 12 : 0.018149694",6
2.12035839974877E+018,"4 : 0.24162397, 1 : 0.20223875, 9 : 0.08404704",6
2.1185729958276E+018,"7 : 0.9324878, 7 : 0.015964704, 1 : 0.006165343",6
2.11822918171733E+018,"1 : 0.8070622, 9 : 0.044838093, 13 : 0.012292082",6
2.11773877523733E+018,"5 : 0.1408235, 7 : 0.07782169, 5 : 0.058559816",6
2.1169771664125E+018,"9 : 0.9266911, 4 : 0.041270114, 12 : 0.0070943064",6
2.11489666746043E+018,"9 : 0.9322, 5 : 0.003971934, 13 : 0.0014067908",6
2.1146804690645E+018,"1 : 0.3921521, 9 : 0.12737454, 7 : 0.06286361",6
2.11452388521022E+018,"5 : 0.21825993, 3 : 0.09652188, 5 : 0.074083105",6
2.1139029426722E+018,"9 : 0.8640233, 5 : 0.02748914, 1 : 0.012764469",6
2.11305174540731E+018,"1 : 0.5062988, 9 : 0.46782088, 1 : 0.0018483617",6
2.11169488931516E+018,"2 : 0.6793984, 12 : 0.100743756, 2 : 0.08790404",6
2.11106424733008E+018,"8 : 0.952937, 8 : 0.040865898, 9 : 0.0006596475",6
2.10967925435983E+018,"4 : 0.81115216, 1 : 0.031990733, 1 : 0.022464793",6
2.10911259552608E+018,"9 : 0.30519748, 4 : 0.11373051, 7 : 0.11159444",6
2.10835872471262E+018,"14 : 0.44918504, 7 : 0.20030135, 7 : 0.12343169",6
2.10747601982146E+018,"7 : 0.33124182, 2 : 0.1570264, 7 : 0.11217073",6
2.10512314699363E+018,"1 : 0.13104859, 9 : 0.11821484, 1 : 0.053917605",6
2.10385941163777E+018,"9 : 0.64850813, 4 : 0.10841711, 2 : 0.08902182",6
2.10290096041874E+018,"2 : 0.49436462, 9 : 0.07304009, 11 : 0.041220475",6
2.20799786632525E+018,"7 : 0.39408088, 13 : 0.11260637, 7 : 0.107891954",6
2.20766781245811E+018,"3 : 0.3105447, 3 : 0.20354806, 6 : 0.14121167",6
2.20548365387469E+018,"2 : 0.6215775, 3 : 0.13235386, 3 : 0.10209758",6
2.2052795901554E+018,"7 : 0.9569951, 3 : 0.009035128, 9 : 0.0039132982",6
2.20466848590953E+018,"7 : 0.19563888, 3 : 0.15074474, 3 : 0.13386363",6
2.19895641438741E+018,"13 : 0.03905854, 7 : 0.03728332, 2 : 0.036102444",6
2.19884742499529E+018,"3 : 0.25103906, 3 : 0.21283019, 3 : 0.077595025",6
2.19743999454582E+018,"7 : 0.7218902, 3 : 0.061927676, 3 : 0.039575957",6
2.19576708639613E+018,"3 : 0.63656145, 6 : 0.040562876, 3 : 0.033386182",6
2.19359321165895E+018,"5 : 0.3981128, 3 : 0.029095337, 5 : 0.027970307",6
2.18996581277388E+018,"3 : 0.25121972, 3 : 0.05884639, 3 : 0.032246392",6
2.18634763687798E+018,"3 : 0.29742366, 3 : 0.099329546, 3 : 0.0886074",6
2.18632954479803E+018,"3 : 0.8521748, 3 : 0.020943575, 3 : 0.012462909",6
2.18286564216478E+018,"3 : 0.54063046, 3 : 0.12071532, 3 : 0.033690955",6
2.18127863466121E+018,"3 : 0.30297312, 3 : 0.09827939, 3 : 0.051896445",6
2.17983915379834E+018,"3 : 0.20435734, 3 : 0.14012249, 3 : 0.115189634",6
2.17692265533309E+018,"3 : 0.28150913, 3 : 0.071538486, 3 : 0.05649168",6
2.17360813693024E+018,"3 : 0.399167, 3 : 0.13923728, 3 : 0.052559633",6
2.1718606337467E+018,"3 : 0.33230013, 3 : 0.25534818, 3 : 0.18825123",6
2.17040373315913E+018,"3 : 0.8430237, 3 : 0.007886876, 3 : 0.0034996134",6
2.16989510642183E+018,"3 : 0.6251044, 7 : 0.23570582, 3 : 0.08147267",6
2.1682243982349E+018,"3 : 0.25923744, 3 : 0.0936794, 3 : 0.09240478",6
2.16623140934214E+018,"3 : 0.10050984, 3 : 0.079617724, 7 : 0.07943426",6
2.164601064243E+018,"3 : 0.3092609, 3 : 0.26988265, 3 : 0.13347113",6
2.16418199261338E+018,"3 : 0.5660102, 7 : 0.04045044, 2 : 0.025443777",6
2.1639655914997E+018,"3 : 0.5314733, 3 : 0.17138825, 3 : 0.092534296",6
2.16349718794687E+018,"7 : 0.52072847, 7 : 0.11858356, 3 : 0.04478646",6
2.16341712801168E+018,"2 : 0.32727313, 2 : 0.13020365, 12 : 0.061667837",6
2.16319196529824E+018,"2 : 0.08338387, 2 : 0.071917154, 13 : 0.06185127",6
2.1611524716833E+018,"3 : 0.36682126, 3 : 0.27931878, 3 : 0.14689147",6
2.16090887390411E+018,"3 : 0.295394, 13 : 0.05313769, 3 : 0.051382594",6
2.15980424776718E+018,"3 : 0.47831127, 3 : 0.17157473, 3 : 0.061958082",6
2.15833078926837E+018,"6 : 0.7375213, 7 : 0.066476345, 2 : 0.025957579",6
2.15805048677572E+018,"3 : 0.44018292, 3 : 0.0483984, 3 : 0.044632554",6
2.15672583214873E+018,"3 : 0.110310666, 7 : 0.09298746, 3 : 0.091405235",6
2.15517842791796E+018,"3 : 0.48448914, 3 : 0.13645945, 3 : 0.102352165",6
2.15328281203213E+018,"4 : 0.061058752, 14 : 0.05129247, 13 : 0.03186218",6
2.1524489074315E+018,"3 : 0.25531414, 3 : 0.22566822, 3 : 0.028507255",6
2.15103780781943E+018,"3 : 0.33292824, 3 : 0.12522759, 3 : 0.10308552",6
2.15024747083206E+018,"3 : 0.20380007, 3 : 0.077661976, 3 : 0.041264515",6
2.14790957760216E+018,"3 : 0.69090503, 3 : 0.021926334, 3 : 0.017214853",6
2.14496115812628E+018,"3 : 0.77494025, 3 : 0.17894034, 3 : 0.01639811",6
2.14445944841718E+018,"3 : 0.21936896, 3 : 0.09751628, 7 : 0.07087725",6
2.12579586734559E+018,"3 : 0.8060312, 7 : 0.021702178, 7 : 0.017212411",6
2.12459933889946E+018,"7 : 0.13468924, 13 : 0.116560325",6
2.12184733937629E+018,"3 : 0.5029334, 14 : 0.10100169, 3 : 0.073524766",6
2.10548860353788E+018,"3 : 0.9528702, 12 : 0.0140567385, 2 : 0.0025744673",6
2.10548619950542E+018,"7 : 0.063040204, 2 : 0.048059, 7 : 0.03959351",6
2.10310792551341E+018,"3 : 0.076466516, 3 : 0.07120431, 3 : 0.067559704",6
2.10190995077009E+018,"7 : 0.26242492, 3 : 0.22476639, 7 : 0.15160435",6
2.10190125706831E+018,"3 : 0.27485803, 14 : 0.23415707, 7 : 0.07539514",6
2.0909740115773E+018,"3 : 0.6867117, 3 : 0.059922654, 6 : 0.045850515",6
2.0899696588757E+018,"3 : 0.85233015, 3 : 0.015470773, 3 : 0.009772292",6
2.08658402554536E+018,"3 : 0.11482761, 3 : 0.109133, 7 : 0.09458645",6
2.07856630069674E+018,"12 : 0.2629067, 12 : 0.13314699, 2 : 0.06705838",6
2.06828332179791E+018,"3 : 0.6660495, 6 : 0.04617045, 3 : 0.029033363",6
2.06825680493611E+018,"3 : 0.55302745, 7 : 0.10046614, 3 : 0.0710378",6
2.06696742826503E+018,"13 : 0.59821874, 12 : 0.12877539, 2 : 0.04246916",6
2.06626477776593E+018,"3 : 0.27071238, 3 : 0.07687473, 3 : 0.06894313",6
2.06624021121564E+018,"2 : 0.118097536, 2 : 0.044033617, 2 : 0.04088112",6
2.06449792850612E+018,"3 : 0.23934262, 3 : 0.031619146, 3 : 0.026611382",6
2.06131785311562E+018,"7 : 0.22768335, 7 : 0.17587145, 2 : 0.079739824",6
2.06131208035043E+018,"10 : 0.22955808, 8 : 0.18674086, 8 : 0.12000456",6
2.05191717824189E+018,"3 : 0.72577155, 3 : 0.22462416, 3 : 0.015525917",6
2.051817394911E+018,"8 : 0.37640515, 7 : 0.08381115, 7 : 0.046344057",6
2.04532448237798E+018,"3 : 0.35809463, 3 : 0.113671206, 2 : 0.110476665",6
2.04140355914408E+018,"3 : 0.3415003, 3 : 0.31026214, 3 : 0.058127094",6
2.03728248402631E+018,"3 : 0.30661535, 3 : 0.24765527, 3 : 0.08935665",6
2.03582936137584E+018,"3 : 0.36208847, 3 : 0.32934687, 3 : 0.078292936",6
2.0323274689431E+018,"7 : 0.20311147, 3 : 0.13550466, 7 : 0.088188276",6
2.02913681634014E+018,"7 : 0.04350514, 3 : 0.034726545, 3 : 0.032382224",6
2.02489979956132E+018,"2 : 0.97911984, 2 : 0.004831433, 2 : 0.0008264105",6
2.01992819471211E+018,"3 : 0.56143355, 3 : 0.21633439, 3 : 0.031705588",6
2.01878188210767E+018,"13 : 0.08677438, 12 : 0.05996306, 13 : 0.05257092",6
2.01845769765842E+018,"5 : 0.15925138, 3 : 0.13388905, 3 : 0.060093503",6
2.01553147368505E+018,"3 : 0.9181428, 12 : 0.04428665, 12 : 0.003374838",6
2.01530755270275E+018,"3 : 0.34710422, 3 : 0.10098992, 3 : 0.0495289",6
2.01306840769263E+018,"2 : 0.37891084, 2 : 0.13740782, 2 : 0.039386198",6
1.99028207691954E+018,"14 : 0.08588358, 3 : 0.071401365, 3 : 0.05662808",6
1.98881179145883E+018,"3 : 0.21260199, 3 : 0.10101527, 3 : 0.074161135",6
1.98798466397391E+018,"3 : 0.67865497, 3 : 0.12123477, 3 : 0.026121633",6
1.98493960503174E+018,"8 : 0.7963387, 2 : 0.07303667, 8 : 0.017622909",6
1.97619599172173E+018,"3 : 0.2656804, 3 : 0.14454095, 3 : 0.12151921",6
1.95689204726666E+018,"3 : 0.08485139, 3 : 0.082992986, 3 : 0.03441155",6
1.95400163262269E+018,"7 : 0.215498, 7 : 0.09849873, 2 : 0.071146026",6
1.95400122523018E+018,"7 : 0.18042059, 2 : 0.10566767, 7 : 0.08956822",6
1.94370079920267E+018,"3 : 0.3983449, 3 : 0.10083129, 3 : 0.085840836",6
1.94083593266174E+018,"3 : 0.8151526, 3 : 0.056531534, 3 : 0.039649997",6
1.93924682190725E+018,"12 : 0.19823386, 2 : 0.118317455, 3 : 0.105646804",6
1.93572397576351E+018,"3 : 0.62153125, 3 : 0.28162768, 3 : 0.018512975",6
1.93514332748351E+018,"3 : 0.57380396, 3 : 0.038982194, 3 : 0.037243746",6
1.93294012126335E+018,"3 : 0.26744425, 3 : 0.26560262, 3 : 0.087616526",6
1.9306283390792E+018,"3 : 0.1486414, 3 : 0.13897334, 3 : 0.0875046",6
1.92488322544263E+018,"3 : 0.6175545, 3 : 0.15000135, 7 : 0.017088415",6
1.92437650571288E+018,"10 : 0.16766727, 3 : 0.08728857, 2 : 0.08577984",6
1.92403542027078E+018,"3 : 0.5471757, 2 : 0.23251684, 3 : 0.047749117",6
1.91528095030601E+018,"7 : 0.87702864, 10 : 0.023912929, 7 : 0.007908104",6
1.89932526214515E+018,"3 : 0.5539306, 3 : 0.32603768, 12 : 0.020447962",6
1.8981412111243E+018,"3 : 0.554809, 3 : 0.0937686, 12 : 0.032884073",6
1.89572393099259E+018,"3 : 0.14436443, 3 : 0.13809425, 3 : 0.077369496",6
1.88944688439854E+018,"2 : 0.20573401, 2 : 0.1972117, 2 : 0.08865234",6
1.88684601147003E+018,"3 : 0.3654133, 3 : 0.098651625, 3 : 0.031946957",6
1.88440148691219E+018,"2 : 0.07635289, 13 : 0.050012212, 3 : 0.044830445",6
1.8778448537411E+018,"3 : 0.47653815, 3 : 0.25533217, 3 : 0.15992327",6
1.87498742324959E+018,"3 : 0.3600221, 10 : 0.12718387, 3 : 0.057456993",6
1.8736066594536E+018,"3 : 0.7781833, 12 : 0.04813262, 3 : 0.040424187",6
2.20405473135798E+018,"3 : 0.16597706, 7 : 0.09507793, 4 : 0.07420533",0
2.2025603731612E+018,"2 : 0.9392851, 3 : 0.008351777, 3 : 0.006959555",0
2.20000453063096E+018,"3 : 0.26048502, 13 : 0.107534036, 7 : 0.057757765",0
2.1990102999858E+018,"1 : 0.15134141, 11 : 0.15052964, 11 : 0.046457507",0
2.19752139782276E+018,"7 : 0.3330788, 7 : 0.21195939, 7 : 0.08878798",0
2.19679198731829E+018,"7 : 0.07875285, 3 : 0.0746803, 3 : 0.062063273",0
2.19306475667648E+018,"9 : 0.93797094, 3 : 0.0046334346, 3 : 0.0038304224",0
2.19184265519814E+018,"3 : 0.529894, 3 : 0.37290132, 3 : 0.006839038",0
2.19183998009613E+018,"2 : 0.1470166, 3 : 0.10871114, 3 : 0.10083635",0
2.18736628876725E+018,"3 : 0.55060244, 9 : 0.23667875, 4 : 0.023164706",0
2.18426265528863E+018,"3 : 0.13625216, 7 : 0.12732624, 7 : 0.04671985",0
2.18380499775865E+018,"3 : 0.17596814, 3 : 0.04350859, 3 : 0.037645124",0
2.17937920758771E+018,"3 : 0.7380805, 3 : 0.027881164, 3 : 0.020877667",0
2.17788488178742E+018,"13 : 0.23812069, 3 : 0.20903066, 13 : 0.1715766",0
2.17632569841423E+018,"3 : 0.1706271, 2 : 0.05098672, 12 : 0.02910285",0
2.17575603414565E+018,"3 : 0.33662397, 3 : 0.20238265, 3 : 0.046991114",0
2.17393663190043E+018,"9 : 0.101701386, 7 : 0.08136603, 7 : 0.045048833",0
2.17117422010149E+018,"12 : 0.80452555, 12 : 0.032742742, 7 : 0.014184849",0
2.17114981038464E+018,"7 : 0.23120944, 7 : 0.18844202, 4 : 0.11920043",0
2.16983410687208E+018,"3 : 0.18566985, 7 : 0.13573699, 3 : 0.0857557",0
2.16852760525977E+018,"12 : 0.4396446, 3 : 0.23531818, 13 : 0.121693686",0
2.16845752451329E+018,"3 : 0.20991798, 3 : 0.11147134, 6 : 0.03080042",0
2.15979274779256E+018,"3 : 0.29480615, 3 : 0.16650203, 7 : 0.074295945",0
2.15468957558752E+018,"3 : 0.46807694, 7 : 0.07610141, 3 : 0.038222004",0
2.15329792576836E+018,"7 : 0.12027169, 10 : 0.09378451, 3 : 0.037088286",0
2.15030790407337E+018,"3 : 0.7766169, 12 : 0.014849334, 11 : 0.009875656",0
2.14949046556551E+018,"3 : 0.5644958, 3 : 0.3185018, 3 : 0.053689014",0
2.14876449419788E+018,"3 : 0.34627175, 3 : 0.01004862, 3 : 0.009902072",0
2.14746689837616E+018,"3 : 0.4235992, 3 : 0.38456023, 3 : 0.017471144",0
2.14450359918771E+018,"5 : 0.055851016, 6 : 0.04897262, 3 : 0.041676298",0
2.14072079862989E+018,"7 : 0.43749994, 7 : 0.06739429, 7 : 0.02800739",0
2.13841376388282E+018,"3 : 0.9446221, 3 : 0.009257743, 9 : 0.0036060843",0
2.13840940436505E+018,"2 : 0.39321178, 9 : 0.14993298, 3 : 0.07090807",0
2.13838977835283E+018,"3 : 0.9199726, 2 : 0.041024473, 3 : 0.03281501",0
2.1377118015766E+018,"3 : 0.44842044, 13 : 0.16530521, 4 : 0.07338688",0
2.1357773645384E+018,"3 : 0.36343074, 11 : 0.0541653, 3 : 0.04984505",0
2.13295019421091E+018,"3 : 0.49539712, 9 : 0.13636751, 3 : 0.02167675",0
2.13007663666258E+018,"3 : 0.36949354, 7 : 0.16566509, 3 : 0.11972887",0
2.11257721787523E+018,"13 : 0.18231073, 7 : 0.07117219, 9 : 0.056676134",0
2.10552218145831E+018,"3 : 0.2893161, 7 : 0.082440495, 11 : 0.059138175",0
2.10501815600781E+018,"3 : 0.16044356, 3 : 0.095682785, 3 : 0.06101368",0
2.10289319067177E+018,"3 : 0.73524, 4 : 0.02470613, 3 : 0.014296501",0
2.1008044406018E+018,"3 : 0.61713225, 3 : 0.17873551, 3 : 0.10086072",0
2.09747609254703E+018,"3 : 0.9892903, 9 : 0.002397744, 2 : 0.0019140481",0
2.09283804380013E+018,"3 : 0.3513236, 3 : 0.19351937, 3 : 0.08446635",0
2.09129157108235E+018,"7 : 0.13871734, 7 : 0.051920816, 3 : 0.040918846",0
2.08497725006893E+018,"14 : 0.14920197, 12 : 0.1422334, 11 : 0.07227284",0
2.0828920392844E+018,"7 : 0.24190144, 7 : 0.1655642, 3 : 0.087546624",0
2.08122135161784E+018,"2 : 0.060700536, 3 : 0.060442325, 2 : 0.042746685",0
2.07832111572753E+018,"3 : 0.34440333, 3 : 0.06503191, 3 : 0.043921743",0
2.07408741808611E+018,"2 : 0.27439356, 2 : 0.2114627, 5 : 0.09434452",0
2.07194763535638E+018,"3 : 0.2947604, 3 : 0.06829345, 3 : 0.06699461",0
2.06712932609266E+018,"3 : 0.49793988, 3 : 0.14219946, 3 : 0.07119757",0
2.06669712734346E+018,"3 : 0.48968536, 3 : 0.439621, 3 : 0.017285056",0
2.06667599893147E+018,"3 : 0.7104177, 3 : 0.08822878, 12 : 0.037085634",0
2.06327206029931E+018,"2 : 0.40469247, 12 : 0.12709723, 2 : 0.07506658",0
2.06238060473758E+018,"3 : 0.51721317, 7 : 0.1327913, 3 : 0.084458016",0
2.06227647117664E+018,"3 : 0.17683655, 7 : 0.080986194, 7 : 0.059825484",0
2.06201200861578E+018,"2 : 0.2152645, 10 : 0.21179046, 7 : 0.09873768",0
2.05862526689864E+018,"3 : 0.5277324, 3 : 0.21972865, 3 : 0.019038085",0
2.05295429681893E+018,"3 : 0.25667107, 3 : 0.14684738, 3 : 0.09825798",0
2.04817504166286E+018,"3 : 0.07160155, 6 : 0.06670928, 6 : 0.06098315",0
2.04425622452177E+018,"3 : 0.09355726, 3 : 0.08027375, 7 : 0.055871535",0
2.04414131983791E+018,"14 : 0.37637335, 7 : 0.08297696, 3 : 0.057770956",0
2.04249464210836E+018,"1 : 0.36621207, 7 : 0.20050411, 14 : 0.057052944",0
2.04170243373216E+018,"7 : 0.063359685, 7 : 0.053305533, 7 : 0.046256498",0
2.03957336098994E+018,"10 : 0.35159907, 7 : 0.29226607, 7 : 0.121526994",0
2.03954840688473E+018,"3 : 0.9901945, 2 : 0.0032149681, 3 : 0.0012486613",0
2.03953698941069E+018,"3 : 0.3992891, 7 : 0.24348722, 3 : 0.16527589",0
2.03950116545755E+018,"6 : 0.06497821, 3 : 0.039660126, 2 : 0.024803303",0
2.03947962424195E+018,"3 : 0.24642076, 3 : 0.16554536, 3 : 0.16534917",0
2.03946779222782E+018,"2 : 0.2239632, 7 : 0.11647226, 12 : 0.10043227",0
2.03945593785799E+018,"7 : 0.3409278, 7 : 0.1874556, 3 : 0.0232552",0
2.03590689013245E+018,"3 : 0.7956412, 12 : 0.06257235, 3 : 0.007955349",0
2.03507912215083E+018,"8 : 0.404848, 4 : 0.041471656, 2 : 0.022572406",0
2.03190407438714E+018,"3 : 0.28172442, 3 : 0.20589179, 2 : 0.06441397",0
2.03149412585888E+018,"3 : 0.30187693, 3 : 0.29114577, 3 : 0.061178487",0
2.031150304877E+018,"4 : 0.6544099, 2 : 0.29578933, 2 : 0.03531871",0
2.03046387140153E+018,"13 : 0.1029082, 3 : 0.057689313, 7 : 0.054128237",0
2.02649497407769E+018,"7 : 0.11445779, 3 : 0.071815185, 7 : 0.06827154",0
2.02546726729254E+018,"3 : 0.9018576, 3 : 0.043020397, 3 : 0.005449372",0
2.02533647991736E+018,"3 : 0.51668435, 7 : 0.052409768, 3 : 0.050533593",0
2.02506147202895E+018,"3 : 0.50653917, 3 : 0.048880924, 14 : 0.019130394",0
2.02498546614874E+018,"7 : 0.23609161, 12 : 0.07166261, 12 : 0.05835772",0
2.02354525264135E+018,"3 : 0.15688542, 12 : 0.07904173, 7 : 0.074519716",0
2.02168608982067E+018,"3 : 0.27197367, 12 : 0.20398287, 13 : 0.059595708",0
2.02141736501654E+018,"3 : 0.17979047, 2 : 0.116630174, 3 : 0.08268753",0
2.02134505440843E+018,"3 : 0.26915926, 14 : 0.17408982, 3 : 0.12570973",0
2.02020540648092E+018,"7 : 0.2277466, 3 : 0.12067268, 3 : 0.11723122",0
2.01621753032799E+018,"3 : 0.3155311, 12 : 0.06647548, 13 : 0.02977097",0
2.01547291440652E+018,"3 : 0.17441845, 3 : 0.112356044, 3 : 0.07142605",0
2.01418392406372E+018,"3 : 0.3403073, 3 : 0.18780304, 3 : 0.022054119",0
2.00875659167676E+018,"7 : 0.20857927, 7 : 0.055742875, 7 : 0.035302017",0
2.00609179228742E+018,"3 : 0.27261692, 7 : 0.12875639, 7 : 0.061363384",0
2.0053094459746E+018,"7 : 0.066810094, 7 : 0.056688745, 11 : 0.04959931",0
2.00412901803462E+018,"7 : 0.25297898, 7 : 0.070701756, 7 : 0.067337744",0
2.00331605463098E+018,"3 : 0.5034534, 7 : 0.09638753, 7 : 0.07895681",0
2.00311982815989E+018,"7 : 0.71994346, 1 : 0.03632676, 7 : 0.021179313",0
2.00236807672964E+018,"13 : 0.1798955, 3 : 0.05822206, 2 : 0.038003113",0
2.00153833530346E+018,"6 : 0.10990415, 3 : 0.056621604, 3 : 0.034311734",0
2.00047712819086E+018,"12 : 0.18349212, 7 : 0.13957919, 4 : 0.042398274",0
2.00024538588106E+018,"3 : 0.25266352, 3 : 0.1344326, 3 : 0.11873171",0
1.99876942813828E+018,"3 : 0.11759426, 3 : 0.102664314, 3 : 0.052022137",0
1.99832490635346E+018,"5 : 0.2863473, 5 : 0.27835587, 3 : 0.08236985",0
1.99539697444382E+018,"3 : 0.08455812, 3 : 0.07184514, 2 : 0.0539302",0
1.99464134130888E+018,"3 : 0.10683058, 7 : 0.07117571, 3 : 0.058611788",0
1.99417856439751E+018,"14 : 0.15847975, 12 : 0.04636517, 13 : 0.04346285",0
1.99322492327261E+018,"3 : 0.6645026, 7 : 0.027726611, 6 : 0.015181986",0
1.99322101351842E+018,"3 : 0.1190293, 3 : 0.08954171, 3 : 0.052138146",0
1.99230268807939E+018,"3 : 0.45891178, 3 : 0.18212011, 3 : 0.053287394",0
1.99174028729456E+018,"9 : 0.15880851, 5 : 0.10647887, 13 : 0.09871951",0
1.99078140779516E+018,"3 : 0.3178895, 3 : 0.19490501, 7 : 0.14686312",0
1.98950404386079E+018,"2 : 0.25905812, 7 : 0.04309488, 7 : 0.024347702",0
1.98698537760625E+018,"13 : 0.82833457, 13 : 0.019804517, 13 : 0.014956306",0
1.98651043028949E+018,"12 : 0.7406868, 3 : 0.021796886, 3 : 0.017506933",0
1.98557863590978E+018,"3 : 0.6932654, 7 : 0.04018972, 3 : 0.03813076",0
1.9848409913995E+018,"3 : 0.31443477, 7 : 0.099536486, 3 : 0.039287854",0
1.9837405522112E+018,"3 : 0.47834522, 12 : 0.27390498, 3 : 0.13309364",0
1.98056682133545E+018,"3 : 0.41037908, 3 : 0.16676702, 2 : 0.06851118",0
1.97901582498524E+018,"3 : 0.18759453, 3 : 0.029129634, 2 : 0.028123662",0
1.97848309320529E+018,"3 : 0.9358883, 3 : 0.012999812, 2 : 0.0049271258",0
1.97629326914765E+018,"3 : 0.76679164, 13 : 0.036977388, 9 : 0.0124045685",0
1.97622387927131E+018,"12 : 0.2775895, 2 : 0.070955336, 12 : 0.053427767",0
1.97433199552597E+018,"3 : 0.71864045, 13 : 0.06864915, 13 : 0.062858574",0
1.97419175343508E+018,"3 : 0.4011977, 7 : 0.18982476, 7 : 0.112199195",0
1.97327918933662E+018,"3 : 0.5810158, 7 : 0.08836848, 3 : 0.049945526",0
1.97066482546366E+018,"3 : 0.10232714, 7 : 0.04214854, 5 : 0.03885895",0
1.96856885733938E+018,"3 : 0.36815438, 3 : 0.34237537, 3 : 0.030470071",0
1.96561027724457E+018,"3 : 0.35771134, 3 : 0.14871423, 3 : 0.07344598",0
1.96539288630036E+018,"3 : 0.16472127, 3 : 0.11102839, 2 : 0.08281205",0
1.96536345813232E+018,"3 : 0.94992006, 13 : 0.009957792, 3 : 0.0089941295",0
1.96332257630414E+018,"3 : 0.6097784, 3 : 0.017268216, 3 : 0.015506973",0
1.96244290336445E+018,"3 : 0.18313842, 3 : 0.16520178, 3 : 0.124305226",0
1.96096459681243E+018,"13 : 0.53943896, 13 : 0.103358604, 13 : 0.05289503",0
1.95551024750213E+018,"3 : 0.68746907, 3 : 0.055260163, 3 : 0.041708022",0
1.95534141452065E+018,"3 : 0.11241311, 3 : 0.09988489, 3 : 0.09286428",0
1.95533756995465E+018,"3 : 0.4544867, 3 : 0.07736301, 3 : 0.022077145",0
1.95532785090507E+018,"3 : 0.5682121, 3 : 0.061493125, 2 : 0.010884742",0
1.95532443143998E+018,"3 : 0.5996058, 3 : 0.057587795, 3 : 0.039435945",0
1.95532075745606E+018,"2 : 0.7908365, 4 : 0.12634826, 3 : 0.020647602",0
1.95531355605409E+018,"3 : 0.8821378, 7 : 0.013347298, 7 : 0.007316967",0
1.95530515337841E+018,"3 : 0.43113646, 9 : 0.08977235, 3 : 0.083794184",0
1.95432350545076E+018,"3 : 0.09377494, 2 : 0.043190062, 2 : 0.03397923",0
1.95431578156441E+018,"3 : 0.17126763, 3 : 0.057720665, 12 : 0.05386416",0
1.95168931116832E+018,"3 : 0.9020775, 12 : 0.0056421743, 13 : 0.0055273673",0
1.94391360295218E+018,"3 : 0.19821826, 12 : 0.12731181, 3 : 0.05968612",0
1.94030214940989E+018,"3 : 0.36222574, 12 : 0.1322136, 2 : 0.08414426",0
1.93927317767256E+018,"3 : 0.1519609, 3 : 0.14776622, 3 : 0.11114267",0
1.93734359427268E+018,"4 : 0.18192957, 2 : 0.098988086, 7 : 0.09888052",0
1.93571617478592E+018,"3 : 0.65351635, 3 : 0.092485555, 3 : 0.029532038",0
1.93327592259549E+018,"2 : 0.7576325, 3 : 0.017920397, 12 : 0.017832827",0
1.9326271722476E+018,"3 : 0.24682121, 3 : 0.11710737, 3 : 0.108446345",0
1.93132648850408E+018,"8 : 0.093024395, 7 : 0.08868991, 10 : 0.06314108",0
1.92943037211266E+018,"3 : 0.43864736, 3 : 0.121697776, 12 : 0.041252263",0
1.92893654310613E+018,"3 : 0.4600533, 3 : 0.3213859, 3 : 0.031858515",0
1.92747413583363E+018,"2 : 0.4423291, 12 : 0.31187373, 2 : 0.008789812",0
1.9248258330762E+018,"3 : 0.22084743, 3 : 0.21207702, 3 : 0.08263688",0
1.92408982953902E+018,"3 : 0.9270787, 3 : 0.005092229, 12 : 0.0024015205",0
1.9226056270685E+018,"3 : 0.34162363, 3 : 0.23216021, 3 : 0.16643564",0
1.91975930759673E+018,"8 : 0.44526872, 13 : 0.08690582, 12 : 0.051375367",0
1.91808683810468E+018,"7 : 0.6976739, 7 : 0.2732521, 2 : 0.0011068563",0
1.91752161143342E+018,"3 : 0.773672, 6 : 0.03764491, 5 : 0.032025114",0
1.91752048393726E+018,"3 : 0.12666537, 3 : 0.06215201, 3 : 0.059854656",0
1.91751949018084E+018,"3 : 0.23701185, 3 : 0.10246267, 3 : 0.06316312",0
1.91751835853253E+018,"9 : 0.270947, 3 : 0.15459694, 7 : 0.061620984",0
1.91661547606071E+018,"2 : 0.60419095, 14 : 0.06292218, 7 : 0.050047617",0
1.91548855264964E+018,"3 : 0.24887705, 3 : 0.20995657, 3 : 0.10187034",0
1.91547894128652E+018,"12 : 0.47917104, 2 : 0.22546022, 7 : 0.026795354",0
1.91457785065503E+018,"7 : 0.24340487, 7 : 0.14077623, 14 : 0.11694626",0
1.91416508091033E+018,"3 : 0.18554758, 3 : 0.060959335, 13 : 0.06053166",0
1.91343961064374E+018,"12 : 0.30897677, 2 : 0.05648633, 3 : 0.027176397",0
1.91299132870022E+018,"2 : 0.13232294, 3 : 0.05667756, 2 : 0.040987667",0
1.91085870040471E+018,"3 : 0.36586934, 3 : 0.20108965, 3 : 0.123469666",0
1.90814346947589E+018,"12 : 0.06322012, 3 : 0.046387695, 3 : 0.042660154",0
1.90594307197387E+018,"3 : 0.25806144, 3 : 0.12921661, 3 : 0.08824223",0
1.90525025411269E+018,"12 : 0.96369565, 2 : 0.035422858, 2 : 0.0001792365",0
1.90520340510445E+018,"3 : 0.7790344, 3 : 0.031108001, 3 : 0.030426532",0
1.903676859825E+018,"2 : 0.6457555, 3 : 0.25301972, 2 : 0.009868255",0
1.90299267593244E+018,"2 : 0.4870735, 10 : 0.2732691, 12 : 0.03446516",0
1.90228901814428E+018,"13 : 0.119223006, 12 : 0.1157142, 3 : 0.041627027",0
1.90002404007857E+018,"7 : 0.259884, 7 : 0.18708168, 7 : 0.058108754",0
1.89877400267388E+018,"9 : 0.69858944, 9 : 0.018404186, 13 : 0.014351346",0
1.89604632512268E+018,"3 : 0.1510569, 7 : 0.10940282, 4 : 0.06991471",0
1.89512965754228E+018,"3 : 0.22235301, 3 : 0.1299997, 2 : 0.0865132",0
1.89506397534555E+018,"12 : 0.9454311, 11 : 0.008364289, 3 : 0.005415866",0
1.89457368982989E+018,"13 : 0.7734119, 3 : 0.035379574, 3 : 0.03353962",0
1.89419382441558E+018,"7 : 0.8286718, 14 : 0.050771404, 7 : 0.010162597",0
1.89416120606973E+018,"7 : 0.12905297, 7 : 0.05270626, 7 : 0.040092982",0
1.89390799463716E+018,"14 : 0.1938395, 7 : 0.12874015, 8 : 0.049555663",0
1.8935826347248E+018,"12 : 0.7809912, 2 : 0.21801291, 2 : 0.0001050762",0
1.8921963737992E+018,"9 : 0.68317354, 2 : 0.081674874, 12 : 0.011156804",0
1.88992406715301E+018,"2 : 0.2972942, 13 : 0.064494245, 2 : 0.027765201",0
1.88872735376311E+018,"7 : 0.54995227, 7 : 0.25073767, 7 : 0.01654841",0
1.88652770689856E+018,"3 : 0.19670779, 3 : 0.13458912, 3 : 0.077626675",0
1.8847824315685E+018,"3 : 0.822685, 3 : 0.037548255, 3 : 0.021045174",0
1.88304412685438E+018,"13 : 0.45547718, 3 : 0.10380294, 2 : 0.020552013",0
1.88116874094416E+018,"3 : 0.8650197, 9 : 0.06410997, 12 : 0.00735584",0
1.879839378479E+018,"2 : 0.35186028, 3 : 0.07662279, 7 : 0.020160345",0
1.87897407650997E+018,"7 : 0.8422067, 7 : 0.050397407, 3 : 0.019712197",0
1.87795377473247E+018,"3 : 0.7760535, 12 : 0.050549235, 7 : 0.019880509",0
1.87783759292255E+018,"9 : 0.12876824, 3 : 0.07381204, 7 : 0.03429357",0
1.87758784678199E+018,"3 : 0.16709521, 2 : 0.13794751, 3 : 0.12435529",0
1.87678660727819E+018,"3 : 0.09914366, 3 : 0.07336138, 3 : 0.057727057",0
1.87638481349063E+018,"3 : 0.5196136, 3 : 0.16709167, 2 : 0.033763457",0
1.87505295103526E+018,"3 : 0.40206987, 3 : 0.019298717, 13 : 0.016132858",0
1.87479074052339E+018,"3 : 0.44645068, 3 : 0.057072837, 3 : 0.02689651",0
1.87429911158948E+018,"13 : 0.3014694, 12 : 0.05328871, 13 : 0.034128737",0
1.8737384355942E+018,"12 : 0.9735537, 3 : 0.002290684, 12 : 0.0020305759",0
1.87328434850658E+018,"3 : 0.08515959, 3 : 0.04884608, 3 : 0.03956893",0
1.87216071442139E+018,"3 : 0.111861184, 12 : 0.08046601, 9 : 0.05256238",0
1.8690164589239E+018,"3 : 0.37296626, 3 : 0.10928393, 3 : 0.080243304",0
1.86884529525966E+018,"1 : 0.21079183, 7 : 0.06627545, 2 : 0.03588719",0
1.86461306880398E+018,"7 : 0.23802607, 6 : 0.031465933, 3 : 0.030558035",0
1.86457608920277E+018,"3 : 0.67011684, 8 : 0.052381046, 7 : 0.027603544",0
1.86382646771499E+018,"12 : 0.7119665, 2 : 0.26294345, 7 : 0.0017418361",0
1.85936414164071E+018,"3 : 0.57282037, 9 : 0.21041295, 3 : 0.09552775",0
1.8580560007768E+018,"3 : 0.39870006, 3 : 0.32457826, 3 : 0.05647782",0
1.85615211126623E+018,"3 : 0.10336571, 2 : 0.07941295, 7 : 0.07619889",0
1.8554848638114E+018,"4 : 0.15016818, 7 : 0.12095265, 12 : 0.08529789",0
1.84098666772544E+018,"3 : 0.8973071, 3 : 0.007000708, 3 : 0.006609144",0
1.83873204242926E+018,"13 : 0.4536787, 13 : 0.116060466, 2 : 0.084760755",0
1.83842273272577E+018,"6 : 0.40304628, 3 : 0.36512136, 2 : 0.01967459",0
1.83687808887499E+018,"7 : 0.6399174, 7 : 0.031136947, 3 : 0.019554252",0
1.83393133814377E+018,"3 : 0.35317048, 3 : 0.08869472, 3 : 0.08314777",0
1.83355936110942E+018,"3 : 0.88798916, 3 : 0.026113069, 12 : 0.021793125",0
1.83347726686975E+018,"7 : 0.31311768, 3 : 0.090448074, 5 : 0.057621013",0
1.83314228097934E+018,"3 : 0.9759294, 13 : 0.0009698864, 12 : 0.00081822416",0
1.82856987137207E+018,"3 : 0.7799746, 3 : 0.042949855, 12 : 0.029994598",0
1.82680581388152E+018,"3 : 0.25486282, 12 : 0.1874307, 3 : 0.18216674",0
1.82354197606766E+018,"4 : 0.070728764, 2 : 0.05751853, 3 : 0.04899841",0
1.82338618242187E+018,"3 : 0.2681664, 3 : 0.19859469, 2 : 0.11794202",0
1.82338436096996E+018,"2 : 0.19374007, 3 : 0.04240246, 6 : 0.03764831",0
1.82338179856892E+018,"7 : 0.14563821, 2 : 0.103138894, 2 : 0.09691503",0
1.82337947976471E+018,"3 : 0.39856806, 3 : 0.16985212, 3 : 0.06051654",0
1.82337761339191E+018,"3 : 0.36791986, 3 : 0.069621146, 7 : 0.044542406",0
1.82337145152308E+018,"3 : 0.34222206, 3 : 0.114489645, 3 : 0.06758169",0
1.82336858345803E+018,"3 : 0.49124894, 3 : 0.074712284, 6 : 0.06267427",0
1.82319121947829E+018,"3 : 0.24630481, 3 : 0.14105038, 3 : 0.070031464",0
1.82143697274318E+018,"7 : 0.04342733, 7 : 0.042089205, 8 : 0.031649046",0
1.82024187931105E+018,"12 : 0.39083818, 12 : 0.16827784, 4 : 0.05313891",0
1.81852139540588E+018,"3 : 0.17910743, 3 : 0.121079825, 3 : 0.07277223",0
1.81840622861778E+018,"7 : 0.49583653, 3 : 0.04385955, 7 : 0.039622005",0
1.81830096511716E+018,"12 : 0.094795555, 13 : 0.09413574, 12 : 0.07993586",0
1.81736280504329E+018,"7 : 0.67119795, 13 : 0.10161919, 7 : 0.09559122",0
1.81668074494291E+018,"2 : 0.2865914, 7 : 0.20540565, 3 : 0.15689161",0
1.81663194615205E+018,"13 : 0.081476636, 2 : 0.02534875, 7 : 0.02488395",0
1.81552140536038E+018,"2 : 0.13092303, 2 : 0.064960115, 7 : 0.060378138",0
1.81198513945533E+018,"7 : 0.21768163, 7 : 0.053370215, 1 : 0.037342597",0
1.80807732931108E+018,"3 : 0.40289184, 2 : 0.029592706, 11 : 0.02255755",0
1.80643977849918E+018,"3 : 0.45368016, 12 : 0.075470895, 2 : 0.02116597",0
1.80361206494435E+018,"13 : 0.08472105, 2 : 0.061471425, 3 : 0.043371923",0
1.80259955389314E+018,"12 : 0.13837765, 2 : 0.12560947, 3 : 0.12393179",0
1.80069237023464E+018,"7 : 0.21584398, 7 : 0.17298843, 14 : 0.08205822",0
1.80014642805864E+018,"13 : 0.77710664, 2 : 0.016630681, 3 : 0.015042065",0
1.79990506107123E+018,"3 : 0.16798657, 3 : 0.11568263, 3 : 0.039860107",0
1.79821975221019E+018,"3 : 0.8457797, 10 : 0.035589505, 7 : 0.02866787",0
1.79791530241196E+018,"3 : 0.2784636, 3 : 0.06556173, 3 : 0.043119643",0
2.1711543178186E+018,"3 : 0.29533753, 2 : 0.053969987, 13 : 0.020313825",0
1.81667763345568E+018,"3 : 0.09835273, 5 : 0.095599495, 7 : 0.049670085",0
2.13412972418474E+018,"7 : 0.1652126, 3 : 0.1010461, 7 : 0.09892221",0
2.06191470280985E+018,"5 : 0.073797286, 5 : 0.06825234, 3 : 0.052486025",0
2.1841635434993E+018,"3 : 0.105297424, 3 : 0.07749631, 3 : 0.04300133",0
1.89392375714033E+018,"13 : 0.39017707, 7 : 0.044997398, 13 : 0.044908784",0
1.80015462969103E+018,"3 : 0.9221482, 3 : 0.018017802, 3 : 0.0054153637",0
1.97320136778461E+018,"3 : 0.76876724, 8 : 0.06614518, 14 : 0.026210371",0
2.19508762960768E+018,"3 : 0.90762764, 3 : 0.020857623, 3 : 0.009198489",0
2.04602472776389E+018,"3 : 0.52101487, 2 : 0.031748317, 10 : 0.025679806",0
1.93208839813539E+018,"3 : 0.40399054, 3 : 0.18841806, 3 : 0.047358606",0
2.17656245634888E+018,"7 : 0.066782266, 7 : 0.06398021, 4 : 0.035542898",0
1.9986741716109E+018,"2 : 0.60561997, 7 : 0.11826091, 2 : 0.0141078",0
2.10622623008808E+018,"3 : 0.09254922, 3 : 0.068408, 3 : 0.05322113",0
1.88259336315093E+018,"3 : 0.12775865, 3 : 0.070317335, 3 : 0.069083266",0
2.20962248391753E+018,"9 : 0.33278573, 2 : 0.09741938, 12 : 0.054323293",0
2.20525514380525E+018,"8 : 0.50291884, 8 : 0.096192166, 8 : 0.048511136",0
2.20454439027856E+018,"9 : 0.44216982, 9 : 0.11207292, 9 : 0.034703076",0
2.20399716540004E+018,"7 : 0.9979862, 14 : 0.00041670626, 7 : 0.0002208553",0
2.20370847878581E+018,"14 : 0.7450287, 7 : 0.15577781, 13 : 0.023501681",0
2.20319754160776E+018,"7 : 0.124196604, 13 : 0.09087644, 3 : 0.03593088",0
2.20300338279775E+018,"7 : 0.59412175, 7 : 0.13546316, 7 : 0.053105462",0
2.20267332523115E+018,"7 : 0.8139392, 7 : 0.042781606, 13 : 0.006933007",0
2.20265651824389E+018,"7 : 0.2422213, 7 : 0.18778953, 14 : 0.18126993",0
2.20254031423799E+018,"7 : 0.5771754, 3 : 0.14917475, 2 : 0.036475822",0
2.20231877209048E+018,"13 : 0.5684334, 13 : 0.2457223, 13 : 0.025694989",0
2.20180341217664E+018,"9 : 0.44338912, 2 : 0.029106177, 12 : 0.028943637",0
2.20148453315364E+018,"10 : 0.15562318, 2 : 0.101420864, 12 : 0.08629319",0
2.20099143896426E+018,"3 : 0.7045929, 3 : 0.08309095, 3 : 0.04235808",0
2.19950555503803E+018,"3 : 0.7500325, 3 : 0.18516865, 3 : 0.047609106",0
2.19901396960849E+018,"7 : 0.27440917, 8 : 0.166839, 13 : 0.10620053",0
2.19821306154499E+018,"2 : 0.35859656, 2 : 0.12716377, 12 : 0.062570445",0
2.19763049925252E+018,"2 : 0.06570503, 7 : 0.04721322, 3 : 0.038595434",0
2.19674003729821E+018,"2 : 0.116821006, 2 : 0.08470867, 13 : 0.07072549",0
2.19583437838327E+018,"13 : 0.4394369, 7 : 0.15526195, 12 : 0.056426022",0
2.19456747892802E+018,"13 : 0.98569655, 12 : 0.0017715383, 2 : 0.0009930272",0
2.19365804622034E+018,"7 : 0.21824175, 7 : 0.1589352, 7 : 0.110177964",0
2.19241751958209E+018,"8 : 0.5792467, 8 : 0.1100035, 8 : 0.061271787",0
2.19164548150453E+018,"13 : 0.8483444, 13 : 0.122114, 13 : 0.004748605",0
2.19073652659491E+018,"2 : 0.16095597, 7 : 0.09062416, 7 : 0.08233831",0
2.1900499103978E+018,"9 : 0.28141347, 9 : 0.07665172, 11 : 0.051154613",0
2.18934559947937E+018,"7 : 0.11502844, 7 : 0.056630053, 7 : 0.047946207",0
2.18878040434249E+018,"7 : 0.2904251, 2 : 0.11571736, 7 : 0.037087314",0
2.18870798829074E+018,"4 : 0.7838501, 9 : 0.06930953, 11 : 0.00396826",0
2.18869985276712E+018,"9 : 0.26028427, 9 : 0.23747818, 9 : 0.17586623",0
2.18805526528339E+018,"7 : 0.5235981, 7 : 0.10100609, 7 : 0.07518023",0
2.18727264486388E+018,"13 : 0.08870687, 7 : 0.04864828, 7 : 0.03944818",0
2.18566002865295E+018,"7 : 0.45203617, 7 : 0.19338427, 7 : 0.1274716",0
2.18451821564838E+018,"8 : 0.23318681, 8 : 0.122666374, 8 : 0.11283632",0
2.18411673199681E+018,"13 : 0.20286416, 7 : 0.055218816, 12 : 0.051978532",0
2.18284630603727E+018,"13 : 0.08607804, 13 : 0.07537544, 13 : 0.04399114",0
2.18223294369375E+018,"13 : 0.32823378, 3 : 0.21534413, 8 : 0.13608655",0
2.1814688613214E+018,"3 : 0.42710465, 3 : 0.3353777, 3 : 0.092032544",0
2.18135735631771E+018,"2 : 0.31696305, 4 : 0.21903627, 2 : 0.08160501",0
2.18010248818378E+018,"8 : 0.35751855, 13 : 0.12792808, 2 : 0.037905715",0
2.17922796705874E+018,"2 : 0.29991508, 2 : 0.19356808, 13 : 0.055295657",0
2.17798624019537E+018,"4 : 0.3955556, 11 : 0.049594175, 1 : 0.031664398",0
2.17772893693544E+018,"13 : 0.45902672, 13 : 0.050724585, 13 : 0.035065997",0
2.1776381072698E+018,"2 : 0.4709627, 7 : 0.05051362, 14 : 0.0370702",0
2.17709971604774E+018,"13 : 0.31069136, 13 : 0.12450122, 13 : 0.109547645",0
2.17687666890012E+018,"13 : 0.20814963, 13 : 0.14765848, 13 : 0.07004376",0
2.17651204662655E+018,"3 : 0.2585171, 3 : 0.11366749, 12 : 0.10588884",0
2.17648244025269E+018,"3 : 0.100195944, 3 : 0.091779694, 3 : 0.089394584",0
2.17633308941702E+018,"12 : 0.4945063, 12 : 0.22336885, 14 : 0.03779318",0
2.1756361458457E+018,"9 : 0.80489606, 9 : 0.0131223295, 5 : 0.010882062",0
2.17551693840562E+018,"3 : 0.5483965, 3 : 0.17474288, 3 : 0.0831749",0
2.17492912107164E+018,"2 : 0.19957815, 2 : 0.058226716, 1 : 0.03827707",0
2.17432482455027E+018,"4 : 0.48335513, 2 : 0.29104945, 7 : 0.04536968",0
2.17359349378455E+018,"2 : 0.21292971, 2 : 0.15033221, 7 : 0.10796316",0
2.17287158387034E+018,"2 : 0.3067813, 8 : 0.07713749, 5 : 0.06135269",0
2.17259096325654E+018,"11 : 0.8456272, 2 : 0.024927571, 13 : 0.007327599",0
2.17150858687907E+018,"3 : 0.14514188, 12 : 0.059868176, 7 : 0.052331164",0
2.17067963182375E+018,"13 : 0.97242445, 13 : 0.010934606, 8 : 0.00095741905",0
2.17050014488027E+018,"13 : 0.40431333, 13 : 0.09043855, 2 : 0.047428098",0
2.17032864743345E+018,"2 : 0.09390114, 12 : 0.060613606, 13 : 0.05856703",0
2.16958872355399E+018,"9 : 0.39121193, 9 : 0.11297374, 8 : 0.04914657",0
2.16921973095778E+018,"4 : 0.8660802, 13 : 0.030195486, 12 : 0.016611105",0
2.16916794610303E+018,"3 : 0.98178273, 8 : 0.006911134, 3 : 0.0005588715",0
2.16910155983209E+018,"12 : 0.4968103, 10 : 0.14072579, 13 : 0.0665084",0
2.16901002153746E+018,"13 : 0.09140208, 12 : 0.064728566, 2 : 0.06422742",0
2.16895418743463E+018,"2 : 0.10577959, 9 : 0.08966539, 13 : 0.0806335",0
2.16892882922402E+018,"13 : 0.9804637, 13 : 0.004189601, 13 : 0.0015457018",0
2.16884540709497E+018,"2 : 0.40071955, 5 : 0.22573517, 3 : 0.13259357",0
2.16853262649601E+018,"2 : 0.5068934, 13 : 0.09780932, 3 : 0.04186619",0
2.16838902277739E+018,"7 : 0.5150623, 12 : 0.26096585, 2 : 0.15462305",0
2.16832846816999E+018,"2 : 0.7796246, 2 : 0.049079604, 7 : 0.046936154",0
2.16827153575269E+018,"7 : 0.7987083, 7 : 0.03031993, 2 : 0.022546656",0
2.16825449819627E+018,"3 : 0.2102531, 2 : 0.06748853, 7 : 0.054242622",0
2.16823052682533E+018,"2 : 0.28093693, 2 : 0.1967297, 7 : 0.07043604",0
2.16818176646292E+018,"7 : 0.08547799, 2 : 0.061570458, 2 : 0.052280337",0
2.16813342455292E+018,"3 : 0.25045112, 3 : 0.21866392, 2 : 0.062527",0
2.16773720735246E+018,"14 : 0.1440127, 13 : 0.13298735, 12 : 0.03496353",0
2.16763153538413E+018,"4 : 0.2196608, 4 : 0.122844376, 2 : 0.075321406",0
2.16758542245223E+018,"2 : 0.6461723, 7 : 0.13409644, 7 : 0.022577355",0
2.16748986460565E+018,"7 : 0.6743623, 12 : 0.138152, 7 : 0.054711428",0
2.16745919793531E+018,"12 : 0.19583303, 12 : 0.14810863, 12 : 0.07633106",0
2.16738706931032E+018,"2 : 0.14384465, 2 : 0.07633913, 2 : 0.07578566",0
2.16691808869462E+018,"12 : 0.49870667, 13 : 0.057058115, 12 : 0.051687244",0
2.16457379491675E+018,"10 : 0.6819756, 11 : 0.0322645, 9 : 0.020337246",0
2.16344396456116E+018,"9 : 0.13479333, 7 : 0.062412087, 7 : 0.032590367",0
2.16318945261539E+018,"4 : 0.16843058, 7 : 0.16025215, 3 : 0.06194283",0
2.16307199294438E+018,"7 : 0.39480034, 4 : 0.10256458, 3 : 0.06958738",0
2.16273718979284E+018,"8 : 0.17060646, 4 : 0.05362504, 7 : 0.050923746",0
2.16266862974E+018,"12 : 0.1266695, 13 : 0.046795834, 7 : 0.04656772",0
2.16261497449363E+018,"13 : 0.81558913, 11 : 0.094216205, 13 : 0.028342342",0
2.16256500343822E+018,"2 : 0.39029318, 13 : 0.23813532, 13 : 0.03478212",0
2.16192723197525E+018,"7 : 0.1683238, 7 : 0.05054824, 7 : 0.026156042",0
2.16124614367631E+018,"13 : 0.83110315, 9 : 0.03943892, 4 : 0.010528409",0
2.16100146371171E+018,"9 : 0.31306773, 2 : 0.2978253, 3 : 0.10288034",0
2.15984473670022E+018,"8 : 0.21292184, 13 : 0.03730752, 8 : 0.032562766",0
2.15937683613638E+018,"2 : 0.4197067, 2 : 0.15383185, 7 : 0.021517906",0
2.15906332409914E+018,"13 : 0.9148225, 13 : 0.029623548, 13 : 0.017727304",0
2.15894246295827E+018,"9 : 0.39999112, 13 : 0.030460365, 10 : 0.026734278",0
2.15891135686573E+018,"12 : 0.10726341, 6 : 0.094880015, 13 : 0.046652123",0
2.15885832724844E+018,"2 : 0.25486833, 3 : 0.17669734, 7 : 0.08417492",0
2.158776779837E+018,"13 : 0.96953166, 13 : 0.012014402, 13 : 0.0069313156",0
2.15867448700509E+018,"9 : 0.37691683, 3 : 0.11986019, 2 : 0.117960304",0
2.15828106856275E+018,"7 : 0.37822542, 7 : 0.16448183, 7 : 0.07778109",0
2.15822701323683E+018,"5 : 0.059358705, 12 : 0.052330498, 4 : 0.038130436",0
2.15822103582359E+018,"7 : 0.089185484, 2 : 0.079395145, 2 : 0.076550245",0
2.15804636239927E+018,"13 : 0.35861894, 13 : 0.03780771, 8 : 0.02761152",0
2.1579853584035E+018,"2 : 0.37546015, 2 : 0.18829155, 2 : 0.043139204",0
2.15753650428974E+018,"2 : 0.12458505, 13 : 0.115216285, 8 : 0.11252107",0
2.15748358167735E+018,"3 : 0.3189116, 3 : 0.059300102, 2 : 0.050129224",0
2.15735712782447E+018,"7 : 0.58727926, 2 : 0.10425142, 2 : 0.062014796",0
2.15680114465183E+018,"2 : 0.09893247, 7 : 0.08642047, 2 : 0.05666982",0
2.15591115489193E+018,"14 : 0.9789828, 4 : 0.0011998717, 2 : 0.00096490636",0
2.15550694096537E+018,"7 : 0.466321, 3 : 0.24091469, 3 : 0.05602799",0
2.15528234654742E+018,"11 : 0.15900797, 1 : 0.05432119, 2 : 0.047169466",0
2.15302106480329E+018,"3 : 0.15669599, 10 : 0.1436867, 7 : 0.04489863",0
2.15226682694868E+018,"13 : 0.9932545, 13 : 0.0020026143, 13 : 0.0013586131",0
2.15178546390029E+018,"9 : 0.14570144, 2 : 0.037135586, 9 : 0.024340633",0
2.15105408750906E+018,"9 : 0.82230914, 9 : 0.012529578, 7 : 0.004475247",0
2.15034781145889E+018,"2 : 0.13194978, 3 : 0.09537595, 2 : 0.08613397",0
2.14944720001979E+018,"3 : 0.788321, 7 : 0.021960117, 7 : 0.016103072",0
2.14873968882404E+018,"9 : 0.15639052, 9 : 0.13436408, 2 : 0.060515646",0
2.14722308204885E+018,"12 : 0.12683587, 7 : 0.12100726, 7 : 0.09359513",0
2.14600308298201E+018,"7 : 0.22489165, 7 : 0.20203038, 3 : 0.18583639",0
2.14434791986901E+018,"2 : 0.20638207, 7 : 0.11317916, 2 : 0.08325867",0
2.14305878020886E+018,"2 : 0.17618802, 3 : 0.09041062, 2 : 0.07239833",0
2.142239736755E+018,"7 : 0.1941738, 2 : 0.14734846, 7 : 0.14146593",0
2.14077130202479E+018,"12 : 0.11212932, 3 : 0.031032305, 3 : 0.02634749",0
2.14028616884408E+018,"8 : 0.401851, 8 : 0.23638916, 8 : 0.07408072",0
2.1393345724492E+018,"13 : 0.86269456, 13 : 0.02507292, 7 : 0.012655846",0
2.13849497033255E+018,"7 : 0.99914026, 3 : 5.5587407e-05, 13 : 2.3144583e-05",0
2.13734027735081E+018,"3 : 0.3199943, 3 : 0.19218169, 3 : 0.16982861",0
2.13702227427292E+018,"7 : 0.48569015, 7 : 0.37690803, 7 : 0.037117135",0
2.13700562772633E+018,"4 : 0.4608482, 4 : 0.027226722, 7 : 0.023330308",0
2.13666480420138E+018,"13 : 0.7838475, 7 : 0.058570594, 2 : 0.017813696",0
2.13582240861864E+018,"7 : 0.316835, 3 : 0.049938202, 3 : 0.032576162",0
2.13363081689767E+018,"13 : 0.48626596, 3 : 0.21188767, 8 : 0.14237592",0
2.13120262766965E+018,"8 : 0.34278148, 13 : 0.100878194, 9 : 0.09468188",0
2.12629097459111E+018,"2 : 0.35974434, 9 : 0.17718723, 10 : 0.15038438",0
2.12060937418453E+018,"4 : 0.16719343, 1 : 0.06675108, 4 : 0.04294474",0
2.11819541632861E+018,"8 : 0.45518348, 8 : 0.14895925, 8 : 0.059395347",0
2.11526001519046E+018,"9 : 0.8653569, 9 : 0.015657622, 9 : 0.013669357",0
2.11231670838873E+018,"2 : 0.2862368, 2 : 0.16742946, 12 : 0.1489476",0
2.10673161110506E+018,"2 : 0.39187676, 2 : 0.31061882, 14 : 0.032941177",0
2.10658318754834E+018,"3 : 0.68475, 7 : 0.02781081, 7 : 0.017131556",0
2.10591707583431E+018,"7 : 0.039518267, 7 : 0.38845775",0
2.10392819391965E+018,"14 : 0.3905892, 7 : 0.052161917, 7 : 0.035391893",0
2.10150011303689E+018,"3 : 0.5091675, 2 : 0.16088346, 5 : 0.027248288",0
2.10096127591275E+018,"4 : 0.56288886, 12 : 0.1600813, 7 : 0.090899944",0
2.09893369626781E+018,"3 : 0.2955655, 8 : 0.17635898, 8 : 0.120415285",0
2.09729495475896E+018,"8 : 0.097665586, 9 : 0.09586465, 5 : 0.08948475",0
2.09498651333618E+018,"14 : 0.10668667, 2 : 0.10042827, 8 : 0.080598705",0
2.09373495847344E+018,"10 : 0.5508805, 2 : 0.06454326, 12 : 0.05920366",0
2.09280740631359E+018,"8 : 0.80875456, 2 : 0.004957471, 9 : 0.00392502",0
2.09077061993644E+018,"3 : 0.7618446, 3 : 0.133938, 3 : 0.0067934687",0
2.09059576395762E+018,"7 : 0.10467678, 2 : 0.07153159, 13 : 0.07109679",0
2.09023497574929E+018,"2 : 0.2705729, 2 : 0.05462377, 9 : 0.044001177",0
2.08997440550237E+018,"7 : 0.27532497, 10 : 0.21660395, 7 : 0.10801898",0
2.08949095455486E+018,"2 : 0.57013774, 3 : 0.029563395, 10 : 0.022359047",0
2.00551202047233E+018,"14 : 0.23443168, 13 : 0.21945131, 2 : 0.08816725",1
1.76267529322576E+018,"6 : 0.114962414, 6 : 0.10369505, 3 : 0.08512214",1
1.51301322655052E+018,"3 : 0.9879218, 2 : 0.0015792395, 5 : 0.00049616356",1
1.4999603963568E+018,"3 : 0.13236862, 3 : 0.10599315, 3 : 0.033944845",1
1.4876332846987E+018,"3 : 0.82903916, 3 : 0.10736102, 2 : 0.013599107",1
1.9271654678987E+018,"8 : 0.48592457, 1 : 0.47502226, 8 : 0.006052696",1
1.94351732536214E+018,"8 : 0.48247823, 8 : 0.10122875, 8 : 0.07466632",1
2.14210401906211E+018,"7 : 0.17423248, 7 : 0.104555696, 7 : 0.10082697",1
2.14796044222009E+018,"13 : 0.11599089, 2 : 0.08413618, 9 : 0.079622194",1
1.91701042498728E+018,"10 : 0.14669384, 7 : 0.048340023, 2 : 0.040462524",1
2.13871357653291E+018,"2 : 0.3636033, 2 : 0.12556964, 9 : 0.07161525",1
1.96338927656605E+018,"7 : 0.6459022, 4 : 0.0609816, 7 : 0.04919713",1
2.10664204916915E+018,"5 : 0.8897805, 9 : 0.049356855, 5 : 0.0061091376",1
1.99100119869354E+018,"9 : 0.5553443, 5 : 0.110851705, 1 : 0.018043458",1
1.93194567467772E+018,"5 : 0.6866121, 9 : 0.12553033, 8 : 0.05215264",1
1.87337606562911E+018,"2 : 0.24553423, 2 : 0.07017112, 2 : 0.054222383",1
1.87272096441727E+018,"5 : 0.6199, 9 : 0.20105216, 6 : 0.052430563",1
1.87238557522051E+018,"5 : 0.27968472, 13 : 0.119389966, 8 : 0.11283221",1
1.86991310888762E+018,"12 : 0.4698045, 2 : 0.038838867, 13 : 0.0370564",1
1.86745365315169E+018,"8 : 0.59597325, 2 : 0.40355307, 13 : 4.7067104e-05",1
1.86677251281178E+018,"13 : 0.9982116, 13 : 0.0005296683, 13 : 0.00022282002",1
1.86628445234943E+018,"7 : 0.1620079, 13 : 0.046346862, 7 : 0.031690005",1
1.86619567683341E+018,"5 : 0.411543, 5 : 0.34210482, 9 : 0.06642636",1
1.86605111273933E+018,"7 : 0.23898236, 7 : 0.1800182, 7 : 0.09030947",1
1.81303631978356E+018,"7 : 0.13222331, 7 : 0.09342316, 7 : 0.09156347",1
1.58795991308663E+018,"9 : 0.56480294, 5 : 0.10040218, 1 : 0.08215158",1
1.44345789628974E+018,"7 : 0.14113072, 8 : 0.11254835, 3 : 0.025696665",1
1.4376318325431E+018,"9 : 0.92246234, 5 : 0.021852294, 9 : 0.013585354",1
1.43339838152736E+018,"5 : 0.8173766, 5 : 0.024163093, 5 : 0.01791222",1
1.43302532249588E+018,"8 : 0.17122144, 1 : 0.07035044, 3 : 0.069015205",1
1.42767857708397E+018,"9 : 0.33095592, 1 : 0.08076212, 1 : 0.074204415",1
1.42203365115174E+018,"12 : 0.7716898, 13 : 0.0202349, 4 : 0.019456595",1
2.19314806558673E+018,"11 : 0.52510583, 2 : 0.14749797, 10 : 0.038596384",2
2.16547350332284E+018,"1 : 0.8788639, 1 : 0.020362325, 11 : 0.011054373",2
2.10087240043147E+018,"7 : 0.09403071, 7 : 0.020485207, 2 : 0.018888602",2
2.09008359422428E+018,"8 : 0.6464104, 9 : 0.027135357, 4 : 0.020726984",2
2.04143997407504E+018,"1 : 0.88045603, 11 : 0.012716056, 11 : 0.0126850605",2
1.97920568218565E+018,"11 : 0.62955445, 11 : 0.14503993, 11 : 0.043495964",2
1.94642126682033E+018,"13 : 0.13029401, 7 : 0.12988937, 7 : 0.11169706",2
1.94567109904951E+018,"10 : 0.3902751, 10 : 0.11872533, 11 : 0.045158647",2
1.92102273405862E+018,"11 : 0.45957094, 4 : 0.10505141, 2 : 0.032882806",2
1.91971587908516E+018,"1 : 0.64343417, 1 : 0.109474115, 11 : 0.028360298",2
1.88125930855865E+018,"14 : 0.15360454, 7 : 0.09079848, 7 : 0.07856792",2
1.87055638277311E+018,"2 : 0.28782764, 2 : 0.14800774, 14 : 0.104356766",2
1.868959540323E+018,"7 : 0.95240414, 2 : 0.0046161623, 7 : 0.00084241113",2
1.8666785327016E+018,"13 : 0.12140624, 13 : 0.050668642, 1 : 0.05024397",2
1.86667780819423E+018,"13 : 0.14180465, 13 : 0.08313606, 13 : 0.07854671",2
1.86194528643239E+018,"2 : 0.49486282, 11 : 0.08877666, 2 : 0.038051628",2
1.81090635465337E+018,"12 : 0.9989561, 4 : 0.00043126612, 2 : 7.213582e-05",2
1.7566241641007E+018,"12 : 0.33062264, 4 : 0.10718699, 4 : 0.072363846",2
1.71023147307098E+018,"11 : 0.25873718, 1 : 0.22341506, 11 : 0.12791683",2
1.69700968899799E+018,"6 : 0.84880936, 2 : 0.016670518, 11 : 0.011581402",2
1.64057678645671E+018,"11 : 0.58749104, 1 : 0.13052686, 1 : 0.09316989",2
1.63873578543392E+018,"1 : 0.2247339, 11 : 0.2233399, 11 : 0.1109314",2
1.62400382966552E+018,"7 : 0.19342676, 12 : 0.100466065, 7 : 0.06716223",2
1.62256447796924E+018,"11 : 0.78600335, 1 : 0.034124605, 11 : 0.02189426",2
1.52621092423014E+018,"4 : 0.9878413, 2 : 0.009910164, 4 : 4.5234603e-05",2
2.19367957174055E+018,"11 : 0.43848017, 11 : 0.34970358, 11 : 0.032028906",2
1.47611253979635E+018,"11 : 0.9023935, 2 : 0.011295846, 2 : 0.009963807",2
2.18414068184984E+018,"10 : 0.19730967, 13 : 0.1453367, 10 : 0.11048692",2
2.18344554314603E+018,"8 : 0.27597207, 2 : 0.15585859, 9 : 0.0876669",2
2.19217764145753E+018,"7 : 0.1524537, 12 : 0.122406624, 13 : 0.1014742",2
1.89778707854523E+018,"7 : 0.8268684, 7 : 0.032370474, 2 : 0.012068936",2
1.58724240807115E+018,"7 : 0.23671103, 1 : 0.1633842, 1 : 0.06980809",2
1.58284444582537E+018,"3 : 0.20743762, 3 : 0.12845078, 3 : 0.09638018",2
1.57968242051278E+018,"1 : 0.8053313, 1 : 0.038499724, 11 : 0.0351521",2
1.57845031225408E+018,"1 : 0.9504726, 13 : 0.0022137824, 1 : 0.0019065915",2
1.57555583996688E+018,"1 : 0.8549757, 11 : 0.060416758, 1 : 0.008607533",2
1.57381092340395E+018,"1 : 0.83452934, 1 : 0.008250687, 11 : 0.0045688855",2
1.56981063278961E+018,"1 : 0.19721964, 12 : 0.08985919, 7 : 0.068771884",2
1.56724140914733E+018,"4 : 0.6468232, 1 : 0.12128225, 1 : 0.037218038",2
1.5660455457247E+018,"2 : 0.29559764, 8 : 0.058894042, 2 : 0.037011497",2
1.56387560115091E+018,"7 : 0.1320412, 10 : 0.065691, 12 : 0.040400576",2
1.56270900644577E+018,"1 : 0.7447616, 1 : 0.03524899, 11 : 0.026975073",2
1.56190027680613E+018,"13 : 0.10568254, 8 : 0.09090634, 8 : 0.049626265",2
1.56044721913062E+018,"1 : 0.17259973, 1 : 0.15333605, 11 : 0.1225564",2
1.56008053205291E+018,"1 : 0.6868857, 11 : 0.10242916, 1 : 0.030389998",2
1.55825569165094E+018,"1 : 0.9733757, 4 : 0.0020819618, 1 : 0.0018826446",2
1.55651424609086E+018,"1 : 0.75355697, 1 : 0.0851917, 11 : 0.031398147",2
1.55529663227313E+018,"1 : 0.90851915, 1 : 0.025291298, 11 : 0.012184176",2
1.55451484481968E+018,"1 : 0.8337307, 4 : 0.053797722, 1 : 0.028400121",2
1.5530533791761E+018,"4 : 0.12159909, 3 : 0.090391144, 7 : 0.06152242",2
1.55160860582406E+018,"7 : 0.5462622, 7 : 0.17179628, 7 : 0.059481096",2
1.55051302827604E+018,"1 : 0.97358537, 1 : 0.0014421318, 1 : 0.0012400262",2
1.54938415735199E+018,"1 : 0.060883496, 2 : 0.045661252, 4 : 0.042890932",2
1.54877265047856E+018,"2 : 0.49772215, 2 : 0.4599193, 7 : 0.026354032",2
1.54737374719824E+018,"1 : 0.6226111, 1 : 0.018610978, 13 : 0.016515875",2
1.54457075096959E+018,"7 : 0.33854687, 7 : 0.19365613, 7 : 0.098578766",2
1.54161602100561E+018,"13 : 0.28652865, 1 : 0.179095, 4 : 0.12783857",2
1.5398011103641E+018,"9 : 0.101303354, 12 : 0.04378175, 12 : 0.03231119",2
1.53905604420107E+018,"2 : 0.36227104, 7 : 0.03209938, 8 : 0.029913655",2
1.53853892870523E+018,"7 : 0.101078115, 7 : 0.0824039, 10 : 0.07088586",2
1.53670557916668E+018,"1 : 0.048486087, 6 : 0.035239313, 1 : 0.033960637",2
1.53482079452571E+018,"12 : 0.24442735, 2 : 0.15410687, 2 : 0.0759255",2
1.53345788671355E+018,"7 : 0.35636112, 7 : 0.09037306, 10 : 0.035406433",2
1.53039838670012E+018,"1 : 0.9639199, 9 : 0.007574492, 1 : 0.002502232",2
1.52934821681418E+018,"13 : 0.10966066, 1 : 0.10005492, 1 : 0.04574097",2
1.5284894861701E+018,"11 : 0.48904753, 1 : 0.32864833, 1 : 0.014806836",2
1.52779030332677E+018,"3 : 0.4505164, 7 : 0.08730111, 2 : 0.0360585",2
1.52669661113667E+018,"7 : 0.6090009, 7 : 0.2037372, 13 : 0.032528356",2
1.52455801627631E+018,"2 : 0.099608034, 2 : 0.059752997, 2 : 0.03498944",2
1.52387165643428E+018,"1 : 0.95870745, 1 : 0.015024765, 11 : 0.0057976167",2
1.52265400322511E+018,"3 : 0.3809, 12 : 0.03498119, 7 : 0.03366098",2
1.520463317567E+018,"2 : 0.36332965, 3 : 0.19542715, 2 : 0.028307017",2
1.5190919329308E+018,"3 : 0.25939548, 13 : 0.11672318, 14 : 0.11217833",2
1.518236619924E+018,"8 : 0.56733555, 8 : 0.1418533, 8 : 0.047123246",2
1.516617529979E+018,"4 : 0.9457991, 6 : 0.008582198, 1 : 0.003811285",2
1.51595998644066E+018,"4 : 0.70519704, 1 : 0.08380626, 1 : 0.009753967",2
1.51458262644159E+018,"4 : 0.7760512, 13 : 0.19176748, 2 : 0.0030312708",2
1.51386152202653E+018,"1 : 0.5593948, 1 : 0.16119628, 4 : 0.12537995",2
1.51262657404089E+018,"7 : 0.25045803, 7 : 0.14369132, 10 : 0.10861942",2
1.51160718697418E+018,"6 : 0.25255933, 6 : 0.02626745, 6 : 0.024179852",2
1.51085433222415E+018,"13 : 0.83334416, 1 : 0.072739415, 5 : 0.009941085",2
1.51008828137915E+018,"14 : 0.23612857, 7 : 0.16254622, 12 : 0.06808007",2
1.50887923599618E+018,"7 : 0.18671305, 7 : 0.17680149, 7 : 0.050023954",2
1.50751780709562E+018,"4 : 0.5610392, 9 : 0.16639832, 1 : 0.07641791",2
1.50663402716198E+018,"1 : 0.4724777, 1 : 0.37612882, 1 : 0.025354883",2
1.50599073972785E+018,"1 : 0.88608956, 13 : 0.012535504, 1 : 0.0037088748",2
1.50505119346107E+018,"13 : 0.9751521, 13 : 0.00087841135, 6 : 0.0004146499",2
1.50392916030821E+018,"7 : 0.37509775, 11 : 0.072029926, 1 : 0.06390383",2
1.50364119510739E+018,"1 : 0.9296212, 1 : 0.0040128147, 11 : 0.0022378874",2
1.50219383375111E+018,"1 : 0.66970783, 3 : 0.021753587, 3 : 0.013928754",2
1.50091137103741E+018,"13 : 0.65498763, 7 : 0.014997755, 7 : 0.012135457",2
1.49950277409396E+018,"4 : 0.49783137, 2 : 0.09580982, 12 : 0.07312948",2
1.49843443612743E+018,"1 : 0.41970405, 8 : 0.09932158, 8 : 0.034991432",2
1.496404197418E+018,"13 : 0.5718781, 1 : 0.22647052, 11 : 0.010701567",2
1.49510134756005E+018,"13 : 0.15658918, 13 : 0.1051977, 13 : 0.102991216",2
1.49442179002471E+018,"7 : 0.31252196, 2 : 0.14522274, 7 : 0.14234231",2
1.49349213406952E+018,"1 : 0.3455194, 1 : 0.110593036, 1 : 0.044580895",2
1.49287089870051E+018,"3 : 0.32215807, 7 : 0.21129224, 7 : 0.03880215",2
1.49204181126679E+018,"2 : 0.68847156, 2 : 0.2275953, 7 : 0.020062203",2
1.4901061440631E+018,"1 : 0.22613963, 7 : 0.048165128, 1 : 0.035167072",2
1.48927022574385E+018,"13 : 0.7074979, 7 : 0.27528656, 2 : 0.0009995247",2
1.48912555993854E+018,"8 : 0.20423232, 1 : 0.09157205, 8 : 0.06995511",2
1.4884918541223E+018,"2 : 0.47928834, 2 : 0.3817712, 7 : 0.0064143143",2
1.48789744855813E+018,"1 : 0.77282566, 1 : 0.0524796, 11 : 0.019775562",2
1.48709266891088E+018,"1 : 0.3046777, 1 : 0.07626206, 1 : 0.05646876",2
1.48516025047391E+018,"9 : 0.1449136, 4 : 0.12745564, 7 : 0.054903895",2
1.48437918405459E+018,"10 : 0.3373671, 8 : 0.13681354, 2 : 0.1134894",2
1.48323124001791E+018,"13 : 0.70504975, 1 : 0.060854778, 7 : 0.019698257",2
1.48206620769907E+018,"13 : 0.9842854, 7 : 0.0037347877, 12 : 0.0009828685",2
1.48104544705647E+018,"4 : 0.3798077, 1 : 0.069975145, 13 : 0.029128935",2
1.48029546023623E+018,"1 : 0.77855575, 1 : 0.06342509, 8 : 0.021227455",2
1.47843387471145E+018,"1 : 0.7265713, 4 : 0.059690934, 11 : 0.030754639",2
1.47714138160352E+018,"2 : 0.46482718, 8 : 0.07947752, 9 : 0.077609845",2
1.47574373701938E+018,"2 : 0.33706325, 7 : 0.063822486, 2 : 0.03674999",2
1.47424517798434E+018,"1 : 0.66360205, 11 : 0.015527298, 1 : 0.011841007",2
1.47259055639498E+018,"1 : 0.81827354, 1 : 0.03121688, 11 : 0.0063486565",2
1.46915482529934E+018,"1 : 0.45175663, 1 : 0.07124257, 11 : 0.026618714",2
1.46757784844145E+018,"1 : 0.84762865, 9 : 0.043463796, 1 : 0.01031929",2
1.46551961834012E+018,"1 : 0.8201132, 1 : 0.033260085, 11 : 0.030784879",2
1.46437757703215E+018,"1 : 0.35573962, 1 : 0.17295617, 1 : 0.1233459",2
1.46321144985783E+018,"7 : 0.18829258, 7 : 0.09033528, 6 : 0.06378466",2
1.45891513274191E+018,"11 : 0.52415705, 1 : 0.34794095, 1 : 0.011490809",2
1.45764130280436E+018,"7 : 0.3811764, 10 : 0.054419935, 13 : 0.049291518",2
1.45511492895966E+018,"8 : 0.38168666, 8 : 0.044030387, 8 : 0.039867677",2
1.45227341221103E+018,"4 : 0.42912906, 13 : 0.10816309, 9 : 0.036297742",2
1.45136003433129E+018,"1 : 0.57523686, 13 : 0.019909041, 13 : 0.017435052",2
1.44998866975447E+018,"4 : 0.37547585, 7 : 0.22120765, 7 : 0.032414313",2
1.44794574218562E+018,"1 : 0.9493557, 11 : 0.0040614707, 1 : 0.0018625427",2
1.44452339212774E+018,"9 : 0.50941277, 4 : 0.120811306, 1 : 0.10725114",2
1.44362229898796E+018,"7 : 0.7255724, 7 : 0.064276665, 7 : 0.05679465",2
1.43944784418834E+018,"1 : 0.75647587, 1 : 0.034499537, 11 : 0.009310537",2
1.43702594924979E+018,"1 : 0.7788992, 12 : 0.03495254, 1 : 0.02484708",2
1.4349106844914E+018,"9 : 0.56945884, 12 : 0.042659953, 1 : 0.021764679",2
1.43349094438021E+018,"13 : 0.21782197, 13 : 0.09264424, 13 : 0.075820506",2
1.43118443675763E+018,"1 : 0.326226, 11 : 0.09000738, 1 : 0.088533685",2
1.42900376836395E+018,"1 : 0.89129657, 11 : 0.010855724, 1 : 0.0044803335",2
1.42778651273322E+018,"7 : 0.33972928, 3 : 0.27670667, 4 : 0.042227525",2
1.42764050742487E+018,"4 : 0.20448521, 13 : 0.07636133, 13 : 0.03796593",2
1.42629840586015E+018,"1 : 0.45243743, 1 : 0.11760603, 7 : 0.012456621",2
1.42520583556249E+018,"1 : 0.95947933, 1 : 0.0010312826, 13 : 0.0010032263",2
1.42482951348065E+018,"13 : 0.18468302, 1 : 0.13590279, 9 : 0.13186672",2
1.4239555420619E+018,"7 : 0.3858422, 8 : 0.03614791, 2 : 0.03315498",2
1.42336497553513E+018,"1 : 0.3843189, 4 : 0.17287137, 1 : 0.028990524",2
1.42198877849905E+018,"7 : 0.30531588, 13 : 0.27395105, 13 : 0.08830901",2
1.41960074655093E+018,"1 : 0.36670715, 13 : 0.08221958, 4 : 0.030291319",2
1.41902049230821E+018,"2 : 0.18774912, 10 : 0.15284711, 2 : 0.15140787",2
2.21056065251531E+018,"3 : 0.8958708, 2 : 0.019183911, 3 : 0.0038851053",2
2.20744109156165E+018,"3 : 0.51665485, 3 : 0.22949225, 3 : 0.03236509",2
2.20305715161901E+018,"14 : 0.2657592, 5 : 0.20162508, 3 : 0.05935273",2
2.19944885957392E+018,"3 : 0.9157948, 3 : 0.03541285, 3 : 0.009089336",2
2.19797217864172E+018,"3 : 0.06811604, 12 : 0.04991326, 3 : 0.03999435",2
2.19601077229606E+018,"7 : 0.22689159, 7 : 0.19779524, 10 : 0.056447547",2
2.19389584801488E+018,"3 : 0.590489, 2 : 0.30027983, 3 : 0.050341774",2
2.19104923709752E+018,"3 : 0.7623877, 3 : 0.1069975, 3 : 0.01093749",2
2.18784857310069E+018,"2 : 0.09012877, 13 : 0.088730775, 2 : 0.07558371",2
2.1862690021339E+018,"3 : 0.80051523, 7 : 0.041146006, 7 : 0.016002428",2
2.18434587331511E+018,"12 : 0.13134106, 2 : 0.07615292, 3 : 0.049258742",2
2.18159048206964E+018,"2 : 0.99990976, 11 : 9.057148e-06, 7 : 5.602791e-06",2
2.17511384086234E+018,"7 : 0.3870464, 7 : 0.25790077, 3 : 0.027784677",2
2.17368822126594E+018,"9 : 0.30109018, 8 : 0.08610224, 7 : 0.03761015",2
2.16924787149326E+018,"3 : 0.7851177, 3 : 0.10922605, 3 : 0.022930074",2
2.16720164348613E+018,"7 : 0.07871342, 7 : 0.07841986, 3 : 0.0779955",2
2.16462524739018E+018,"3 : 0.16467634, 2 : 0.16449301, 2 : 0.08831659",2
2.16330875884809E+018,"4 : 0.17176051, 7 : 0.068754114, 13 : 0.03873962",2
2.16260298729874E+018,"2 : 0.6250327, 3 : 0.0504397, 7 : 0.037990678",2
2.16184662813102E+018,"3 : 0.6323107, 3 : 0.06061239, 3 : 0.036197368",2
2.15983897411446E+018,"2 : 0.553433, 7 : 0.15805605, 7 : 0.06455328",2
2.1537271054106E+018,"3 : 0.8641825, 3 : 0.02487723, 3 : 0.02441277",2
2.14965978785658E+018,"3 : 0.8622158, 3 : 0.016162585, 3 : 0.013673059",2
2.14810021539619E+018,"7 : 0.96265286, 7 : 0.016136413, 7 : 0.0045138965",2
2.14454507458656E+018,"3 : 0.73535186, 3 : 0.11058405, 3 : 0.028575705",2
2.1423499459933E+018,"2 : 0.1757198, 3 : 0.15407354, 7 : 0.04260806",2
2.13917384638583E+018,"7 : 0.20142719, 6 : 0.03560268, 7 : 0.023662698",2
2.13563718739905E+018,"2 : 0.092231944, 7 : 0.08564104, 3 : 0.08241848",2
2.13376232266458E+018,"13 : 0.10472274, 8 : 0.04296753, 13 : 0.03316525",2
2.13353838927895E+018,"2 : 0.46052274, 13 : 0.042161576, 13 : 0.030378852",2
2.13141044966159E+018,"6 : 0.3786424, 6 : 0.19127941, 6 : 0.052854043",2
2.13009560381508E+018,"3 : 0.7551151, 3 : 0.08992738, 3 : 0.014752111",2
2.12712470741814E+018,"2 : 0.30792546, 2 : 0.13827273, 2 : 0.02125919",2
2.12547989822838E+018,"2 : 0.65624404, 2 : 0.29748154, 13 : 0.016807923",2
2.12427886072088E+018,"7 : 0.9426279, 7 : 0.0055920053, 7 : 0.0054366784",2
2.12205164973745E+018,"9 : 0.39474943, 5 : 0.06164029, 9 : 0.05600417",2
2.11841119482298E+018,"3 : 0.9631931, 7 : 0.004367764, 3 : 0.0028708475",2
2.10512147645472E+018,"2 : 0.35807624, 7 : 0.22913033, 7 : 0.08619689",2
2.10177384754503E+018,"2 : 0.63528025, 2 : 0.2439419, 3 : 0.022148393",2
2.09823626316074E+018,"3 : 0.2652259, 3 : 0.16834074, 3 : 0.023169579",2
2.0930200571475E+018,"3 : 0.11158235, 3 : 0.06771004, 4 : 0.062285423",2
2.0866979562135E+018,"9 : 0.6765032, 13 : 0.26192093, 4 : 0.008271968",2
2.08163411279755E+018,"3 : 0.75439924, 3 : 0.09581461, 3 : 0.026789822",2
2.07561775636337E+018,"3 : 0.27535585, 7 : 0.2597814, 3 : 0.047524393",2
2.07198985464178E+018,"3 : 0.12704633, 7 : 0.04208711, 2 : 0.033961106",2
2.06906917766827E+018,"3 : 0.86177737, 3 : 0.018330319, 3 : 0.017459482",2
2.06263749150632E+018,"3 : 0.20186931, 3 : 0.111817904, 3 : 0.078299284",2
2.05960894845088E+018,"7 : 0.3205812, 2 : 0.17149054, 3 : 0.105217874",2
2.05512894087598E+018,"7 : 0.16546442, 7 : 0.13765202, 7 : 0.08842919",2
2.05291532941326E+018,"3 : 0.11207031, 2 : 0.072159566, 5 : 0.056279257",2
2.04883020634922E+018,"3 : 0.2351883, 7 : 0.15323192, 3 : 0.09237534",2
2.04659795043341E+018,"3 : 0.41697317, 3 : 0.031764116, 6 : 0.029937068",2
2.04376549282666E+018,"8 : 0.13359307, 8 : 0.09205692, 9 : 0.063632295",2
2.04092236605788E+018,"7 : 0.531807, 7 : 0.17024405, 7 : 0.1195859",2
2.03785268411274E+018,"3 : 0.7845377, 7 : 0.08012394, 2 : 0.014483494",2
2.03501446151897E+018,"3 : 0.47036913, 3 : 0.14558917, 3 : 0.059611056",2
2.03282959672376E+018,"3 : 0.5208074, 3 : 0.13496315, 3 : 0.067693315",2
2.02644375543499E+018,"12 : 0.1505851, 12 : 0.119609274, 13 : 0.097690925",2
2.02483846361009E+018,"3 : 0.5619303, 3 : 0.23467918, 6 : 0.040647324",2
2.02319747361995E+018,"3 : 0.75665885, 3 : 0.013667005, 3 : 0.00910629",2
2.01947830727999E+018,"10 : 0.49600017, 7 : 0.015827436, 7 : 0.014277331",2
2.01771161075299E+018,"7 : 0.9123017, 7 : 0.01973335, 7 : 0.012463461",2
2.2103944990463E+018,"12 : 0.16409299, 12 : 0.085242346, 12 : 0.063730575",2
2.2061203798069E+018,"7 : 0.34366047, 12 : 0.16861798, 12 : 0.13330445",2
2.20611967087492E+018,"7 : 0.6247215, 2 : 0.047853515, 2 : 0.026795419",2
2.20087085021593E+018,"2 : 0.17749727, 2 : 0.11476507, 4 : 0.04069456",2
2.19784872425329E+018,"2 : 0.1564126, 2 : 0.07685653, 12 : 0.030853927",2
2.19021601852627E+018,"7 : 0.621487, 12 : 0.041465312, 7 : 0.03998234",2
2.1885907438792E+018,"2 : 0.20316409, 2 : 0.06996018, 2 : 0.036179524",2
2.18649668966632E+018,"12 : 0.55901206, 11 : 0.11078339, 7 : 0.018735258",2
2.18511707724163E+018,"2 : 0.12614614, 6 : 0.104728125, 7 : 0.06336512",2
2.18350726807576E+018,"2 : 0.11465536, 12 : 0.08733869, 9 : 0.05393666",2
2.1819960113968E+018,"12 : 0.3794571, 12 : 0.09098584, 12 : 0.036244668",2
2.18064708923995E+018,"12 : 0.16586773, 12 : 0.065753, 2 : 0.042543612",2
2.17045564452472E+018,"3 : 0.8540882, 7 : 0.026788956, 13 : 0.016591096",2
2.15239157879533E+018,"12 : 0.5206487, 13 : 0.03053092, 3 : 0.025707833",2
2.14936610602919E+018,"2 : 0.5272377, 2 : 0.09744308, 12 : 0.019953704",2
2.1471935535462E+018,"10 : 0.6694422, 13 : 0.09378, 7 : 0.03743795",2
2.13621758116026E+018,"7 : 0.33707803, 7 : 0.09729869, 7 : 0.047602262",2
2.1349702118463E+018,"2 : 0.93152523, 12 : 0.003181588, 6 : 0.00073709735",2
2.13076817628418E+018,"3 : 0.11136968, 12 : 0.10367568, 7 : 0.10293639",2
2.13013980424816E+018,"13 : 0.40273634, 2 : 0.057772614, 3 : 0.032290608",2
2.1276319360181E+018,"13 : 0.91684276, 8 : 0.033787675, 13 : 0.009156465",2
2.12475938328073E+018,"2 : 0.38566363, 2 : 0.070636325, 6 : 0.026591877",2
2.12419854480716E+018,"2 : 0.707211, 10 : 0.08768826, 12 : 0.020562014",2
2.12035411599014E+018,"12 : 0.21155488, 12 : 0.18061672, 2 : 0.07394991",2
2.11742479427102E+018,"3 : 0.550572, 12 : 0.053265594, 12 : 0.047872033",2
2.11524824183154E+018,"12 : 0.30372998, 7 : 0.10742273, 12 : 0.056521256",2
2.11455167642685E+018,"2 : 0.29739815, 10 : 0.26478776, 13 : 0.08136898",2
2.11381845292296E+018,"1 : 0.3740586, 2 : 0.05025036, 13 : 0.04096085",2
2.11098802192825E+018,"12 : 0.41657862, 12 : 0.3478345, 13 : 0.03869567",2
2.10726363215176E+018,"2 : 0.027678285, 12 : 0.021138983, 2 : 0.018690912",2
2.10602672433578E+018,"4 : 0.29720274, 7 : 0.22968423, 13 : 0.04641747",2
2.1050859071609E+018,"2 : 0.27628428, 13 : 0.019494852, 2 : 0.014664356",2
2.10434530390476E+018,"13 : 0.059614077, 4 : 0.04673073, 2 : 0.044360843",2
2.10229282987642E+018,"2 : 0.19134696, 7 : 0.056379244, 7 : 0.04531055",2
2.10219052181564E+018,"2 : 0.21095516, 13 : 0.14242557, 13 : 0.065405756",2
2.10100901239188E+018,"3 : 0.32944214, 3 : 0.076410525, 7 : 0.054340024",2
2.10080221676513E+018,"2 : 0.15717182, 2 : 0.12909837, 2 : 0.07925912",2
2.09933415906651E+018,"13 : 0.30388653, 7 : 0.29900894, 7 : 0.066203915",2
2.09864895842434E+018,"7 : 0.19232547, 12 : 0.08001061, 3 : 0.049277898",2
2.09425259809907E+018,"13 : 0.22697027, 10 : 0.100530416, 7 : 0.07981281",2
2.09350490923735E+018,"12 : 0.17395274, 12 : 0.114128545, 12 : 0.053563587",2
2.09260076029567E+018,"2 : 0.0765695, 13 : 0.046222344, 12 : 0.04176478",2
2.09203879687609E+018,"13 : 0.17328529, 3 : 0.0739169, 6 : 0.073179096",2
2.09063679497143E+018,"2 : 0.99999857, 13 : 1.3965064e-07, 5 : 7.888734e-08",2
2.08993898914349E+018,"2 : 0.30613965, 2 : 0.16651987, 13 : 0.054005764",2
2.08843434178174E+018,"7 : 0.4314653, 12 : 0.06258102, 2 : 0.060318287",2
2.0863019415136E+018,"12 : 0.056663178, 12 : 0.043310966, 7 : 0.04055359",2
2.08479954508399E+018,"4 : 0.36949515, 7 : 0.15551877, 7 : 0.14764655",2
2.08356568967261E+018,"9 : 0.1456463, 13 : 0.09248431, 12 : 0.04782383",2
2.08192184887185E+018,"2 : 0.22794853, 12 : 0.07990494, 7 : 0.07499541",2
2.08061398965552E+018,"12 : 0.053707864, 4 : 0.04952129, 2 : 0.04138776",2
2.07972599623337E+018,"2 : 0.32598814, 2 : 0.23322053, 2 : 0.0694277",2
2.07900782055825E+018,"10 : 0.34602898, 2 : 0.16372436, 2 : 0.041142993",2
2.07844706941824E+018,"3 : 0.20369777, 12 : 0.15291114, 12 : 0.057743296",2
2.07508917769266E+018,"12 : 0.9449694, 2 : 0.020146871, 4 : 0.0020354588",2
2.07200241253899E+018,"7 : 0.054015283, 3 : 0.050865095, 7 : 0.044987842",2
2.07198826896833E+018,"7 : 0.18293588, 2 : 0.0570089, 3 : 0.025164997",2
2.07099214794907E+018,"2 : 0.6100447, 2 : 0.04873216, 13 : 0.04476218",2
2.06888059530123E+018,"7 : 0.5952619, 13 : 0.22990705, 2 : 0.049910083",2
2.06825408420237E+018,"12 : 0.08285359, 2 : 0.069446735, 2 : 0.037047178",2
2.06524488455575E+018,"2 : 0.0693139, 7 : 0.044745035, 13 : 0.040179614",2
2.06380541677888E+018,"7 : 0.77056843, 13 : 0.09767149, 2 : 0.011531232",2
2.06321711944689E+018,"3 : 0.07740467, 3 : 0.06530325, 3 : 0.0499037",2
2.06173496077731E+018,"2 : 0.94458467, 2 : 0.0073619876, 2 : 0.0044482616",2
2.06036781676001E+018,"13 : 0.25121382, 4 : 0.16763887, 7 : 0.08554704",2
2.05797739213724E+018,"12 : 0.41785592, 12 : 0.026017278, 12 : 0.02415201",2
2.05676744508091E+018,"2 : 0.21990028, 2 : 0.081949964, 2 : 0.03785602",2
2.05388909513612E+018,"13 : 0.30117482, 7 : 0.051214974, 7 : 0.050515972",2
2.0500677480774E+018,"7 : 0.09271139, 12 : 0.035664022, 7 : 0.03366942",2
2.0492892329771E+018,"13 : 0.1928537, 7 : 0.14813346, 2 : 0.14302363",2
2.04868151147096E+018,"2 : 0.13677835, 7 : 0.11542392, 7 : 0.041623402",2
2.04780157345276E+018,"7 : 0.09744777, 13 : 0.05230566, 13 : 0.029080864",2
2.04643889924648E+018,"2 : 0.16068716, 10 : 0.14690784, 2 : 0.12985086",2
2.04433912515228E+018,"2 : 0.7938506, 10 : 0.12798055, 2 : 0.013716913",2
2.04235763995829E+018,"4 : 0.09865259, 3 : 0.076667346, 7 : 0.064414",2
2.04135242862412E+018,"2 : 0.35314888, 7 : 0.16559017, 7 : 0.044798337",2
2.04127715663101E+018,"2 : 0.13850409, 10 : 0.11447557, 12 : 0.081512205",2
2.04005210196836E+018,"7 : 0.19409303, 2 : 0.048713334, 10 : 0.03763616",2
2.03933940901211E+018,"2 : 0.7608855, 2 : 0.038079444, 2 : 0.014964845",2
2.03918131192711E+018,"2 : 0.6668408, 6 : 0.112599, 5 : 0.017026873",2
2.03287543553383E+018,"13 : 0.48130172, 7 : 0.036321983, 2 : 0.026266169",2
2.02929382296315E+018,"7 : 0.4346075, 7 : 0.116797894, 2 : 0.11220583",2
2.01816651004993E+018,"7 : 0.1347232, 2 : 0.07729983, 8 : 0.066717185",2
2.01743867787905E+018,"12 : 0.69131756, 13 : 0.22984931, 12 : 0.010656451",2
2.00912769556613E+018,"4 : 0.5707795, 13 : 0.1310335, 12 : 0.050553698",2
2.00809106957445E+018,"3 : 0.87555635, 7 : 0.047941677, 3 : 0.025448862",2
2.0075079394823E+018,"13 : 0.5152777, 7 : 0.13633098, 3 : 0.026371296",2
1.99580363786022E+018,"3 : 0.81706876, 3 : 0.018501785, 3 : 0.009035557",2
1.99227118048604E+018,"2 : 0.9678179, 12 : 0.012759629, 12 : 0.0024475215",2
1.98934957427291E+018,"2 : 0.16296493, 5 : 0.09276743, 2 : 0.075915396",2
1.98853855237737E+018,"7 : 0.2601462, 7 : 0.07412802, 7 : 0.029968383",2
1.98725450466944E+018,"12 : 0.08025924, 3 : 0.05566342, 2 : 0.027491137",2
1.98431502735761E+018,"3 : 0.28143254, 7 : 0.12976111, 3 : 0.108495705",2
1.97859521410665E+018,"12 : 0.32079357, 12 : 0.078841224, 3 : 0.078361705",2
1.9775942028227E+018,"12 : 0.17016205, 12 : 0.10946119, 12 : 0.09337917",2
1.97330720900766E+018,"10 : 0.12953156, 13 : 0.059036456, 13 : 0.052589145",2
1.972508924433E+018,"12 : 0.25355592, 12 : 0.23974597, 12 : 0.13459045",2
1.96962227015895E+018,"7 : 0.40771872, 12 : 0.116519414, 7 : 0.070460476",2
1.96910574443988E+018,"7 : 0.8910628, 3 : 0.014674611, 13 : 0.007671503",2
1.91624538358404E+018,"7 : 0.45253214, 7 : 0.16651028, 12 : 0.08182846",2
1.82563101096581E+018,"3 : 0.10751598, 12 : 0.06099368, 12 : 0.050785888",2
1.82102550823906E+018,"12 : 0.18950896, 12 : 0.09658631, 2 : 0.036679383",2
1.77779592508886E+018,"12 : 0.3166532, 3 : 0.07273084, 7 : 0.046099577",2
1.77776214676589E+018,"12 : 0.49457958, 12 : 0.053161055, 13 : 0.02310569",2
1.77706742001677E+018,"7 : 0.12393874, 12 : 0.087546475, 12 : 0.04711565",2
1.77686033363925E+018,"2 : 0.50267184, 2 : 0.11696345, 7 : 0.026615351",2
1.77611784126912E+018,"7 : 0.25730455, 2 : 0.2509744, 12 : 0.066890165",2
1.77532035822661E+018,"2 : 0.75217706, 12 : 0.026930792, 13 : 0.013756373",2
1.7631149882804E+018,"7 : 0.13244458, 2 : 0.11970301, 8 : 0.11546646",2
1.73418016039859E+018,"12 : 0.20931491, 13 : 0.082185484, 1 : 0.051519927",2
1.66586177189183E+018,"7 : 0.1591057, 9 : 0.13905644, 3 : 0.047287665",2
1.66452837162908E+018,"7 : 0.5362878, 12 : 0.03594287, 12 : 0.019394107",2
1.66384819681917E+018,"7 : 0.58712935, 7 : 0.21048531, 3 : 0.0488764",2
1.65141329474292E+018,"9 : 0.29950497, 7 : 0.19374606, 2 : 0.07805662",2
1.93487347944468E+018,"6 : 0.83088607, 7 : 0.027089603, 5 : 0.01416614",2
2.17265096552685E+018,"7 : 0.5386556, 2 : 0.046399556, 3 : 0.02899762",2
1.8499513588094E+018,"12 : 0.6768801, 2 : 0.08674999, 2 : 0.07855096",2
1.60943054842574E+018,"12 : 0.7167216, 12 : 0.10068287, 10 : 0.008433861",2
2.15677404043744E+018,"14 : 0.33864352, 2 : 0.17548575, 2 : 0.04593938",2
1.88842150144961E+018,"13 : 0.47097674, 3 : 0.034817897, 13 : 0.021540904",2
1.6093641976562E+018,"12 : 0.49356493, 13 : 0.06396077, 12 : 0.043932766",2
2.19205292297254E+018,"5 : 0.7939027, 6 : 0.029265393, 5 : 0.018892968",2
1.91753430475558E+018,"6 : 0.079004616, 6 : 0.07814531, 3 : 0.06429725",2
1.81012513134949E+018,"2 : 0.7837282, 2 : 0.11337817, 7 : 0.021434018",2
2.01170196055126E+018,"2 : 0.9321325, 2 : 0.006106347, 11 : 0.0023100164",2
2.00683657509971E+018,"3 : 0.94507545, 3 : 0.0052088043, 3 : 0.0045045977",2
2.00626052500113E+018,"12 : 0.07826806, 12 : 0.04182926, 2 : 0.02031828",2
2.00544444057268E+018,"3 : 0.45367584, 14 : 0.077061914, 3 : 0.069710955",2
2.00388284257326E+018,"7 : 0.3006596, 2 : 0.13787982, 2 : 0.11429091",2
2.00160760858622E+018,"10 : 0.24965596, 5 : 0.19299702, 12 : 0.06374173",2
1.9980732753357E+018,"12 : 0.49633175, 2 : 0.18975757, 2 : 0.059774816",2
1.99394745845632E+018,"3 : 0.9036572, 3 : 0.008510303, 3 : 0.0068978993",2
1.99028753262684E+018,"14 : 0.11052404, 13 : 0.05033164, 2 : 0.034709163",2
1.98735957540528E+018,"3 : 0.9213834, 2 : 0.011861762, 3 : 0.0057406332",2
1.98376594851212E+018,"3 : 0.950315, 3 : 0.00794205, 3 : 0.0018040353",2
1.97985629904682E+018,"3 : 0.8822675, 3 : 0.013825105, 3 : 0.0073117428",2
1.97646254033538E+018,"3 : 0.5945985, 3 : 0.107238956, 3 : 0.06135263",2
1.9721021613494E+018,"3 : 0.9729375, 2 : 0.0028623545, 3 : 0.0009955342",2
1.96844011310216E+018,"10 : 0.0678117, 7 : 0.040043388, 7 : 0.039631184",2
1.96400069812749E+018,"3 : 0.8503804, 3 : 0.06258704, 3 : 0.0179999",2
1.96121029870442E+018,"3 : 0.43211263, 3 : 0.18418458, 3 : 0.13918224",2
1.95910293940419E+018,"3 : 0.18307196, 3 : 0.14259984, 3 : 0.13991694",2
1.95759958262175E+018,"13 : 0.28595638, 13 : 0.1652767, 3 : 0.118506916",2
1.94886728231076E+018,"3 : 0.09011424, 3 : 0.06726947, 9 : 0.06607691",2
1.94743811957153E+018,"7 : 0.61202574, 7 : 0.083946936, 3 : 0.06665838",2
1.94508666790799E+018,"3 : 0.07771589, 3 : 0.070755996, 3 : 0.07051322",2
1.94289242766075E+018,"7 : 0.36093825, 7 : 0.31800786, 7 : 0.18272282",2
1.93994272216084E+018,"4 : 0.24365644, 10 : 0.1296914, 10 : 0.034760483",2
1.93726462968198E+018,"3 : 0.99061865, 3 : 0.0021979648, 7 : 0.00046629927",2
1.93576134399073E+018,"3 : 0.1679997, 3 : 0.11966998, 3 : 0.07217406",2
1.93299305240706E+018,"7 : 0.7567807, 7 : 0.08278941, 7 : 0.012949955",2
1.93074571617318E+018,"3 : 0.6687412, 3 : 0.111476265, 3 : 0.02163619",2
1.92978610331388E+018,"3 : 0.81787086, 3 : 0.05729172, 7 : 0.040995732",2
1.92578222719321E+018,"3 : 0.7926347, 3 : 0.065161005, 3 : 0.038159147",2
1.92328392744459E+018,"7 : 0.461974, 7 : 0.016277349, 7 : 0.0139352875",2
1.92188353923069E+018,"11 : 0.15580666, 1 : 0.106903434, 11 : 0.07434864",2
1.91913952105683E+018,"3 : 0.26785088, 12 : 0.10572492, 12 : 0.06776417",2
1.91770985824671E+018,"9 : 0.16713643, 7 : 0.15570103, 7 : 0.03492185",2
1.91565381311126E+018,"2 : 0.39520153, 7 : 0.30817595, 2 : 0.035977762",2
1.91444382802919E+018,"7 : 0.16024235, 7 : 0.09305775, 3 : 0.044504248",2
1.91316016435067E+018,"7 : 0.935999, 7 : 0.005689052, 3 : 0.0039926907",2
1.91187059569664E+018,"3 : 0.648072, 3 : 0.053901546, 3 : 0.01838622",2
1.90905206739188E+018,"3 : 0.5073793, 3 : 0.26052883, 3 : 0.055274848",2
1.90756403164499E+018,"13 : 0.10525174, 3 : 0.07558283, 7 : 0.056140598",2
1.9062223905898E+018,"2 : 0.25273383, 3 : 0.19935678, 2 : 0.057457447",2
1.90250933026856E+018,"7 : 0.7561713, 3 : 0.0077577434, 3 : 0.006878461",2
1.89894087581833E+018,"2 : 0.3493861, 7 : 0.113981545, 6 : 0.032186482",2
1.89820465563346E+018,"3 : 0.8024275, 3 : 0.14919627, 3 : 0.005964775",2
1.89661499163511E+018,"3 : 0.12652655, 3 : 0.061774507, 4 : 0.057486102",2
1.89315131236373E+018,"2 : 0.8972099, 2 : 0.033904128, 7 : 0.01838085",2
1.89148661295424E+018,"7 : 0.2996555, 7 : 0.20048518, 7 : 0.045689806",2
1.88808142549395E+018,"3 : 0.7337328, 3 : 0.08659443, 3 : 0.024559047",2
1.88255856550209E+018,"8 : 0.10542095, 8 : 0.07257118, 8 : 0.052048232",2
1.87944043405803E+018,"13 : 0.103383824, 13 : 0.083341464, 3 : 0.04453201",2
1.87704736466671E+018,"7 : 0.1797309, 12 : 0.16672212, 3 : 0.11403829",2
1.87420561795143E+018,"3 : 0.4718201, 3 : 0.35411268, 3 : 0.03473021",2
1.87130055139831E+018,"7 : 0.2203224, 7 : 0.1164987, 7 : 0.05014665",2
1.86773860747132E+018,"13 : 0.12981416, 13 : 0.107106194, 7 : 0.050778978",2
1.86401066939108E+018,"4 : 0.11453123, 2 : 0.072393104, 7 : 0.067474805",2
1.85726232797368E+018,"13 : 0.2905715, 4 : 0.23388894, 13 : 0.06943866",2
1.85247779482915E+018,"3 : 0.57445234, 3 : 0.02067835, 3 : 0.018556923",2
1.8495577310299E+018,"5 : 0.29447633, 5 : 0.11595596, 1 : 0.10666426",2
1.84731768587071E+018,"3 : 0.9830941, 3 : 0.001670957, 3 : 0.00068126386",2
1.84374262419822E+018,"2 : 0.05288634, 7 : 0.05113477, 7 : 0.0240125",2
1.84021547218918E+018,"3 : 0.41849154, 3 : 0.07158324, 3 : 0.041766938",2
1.83718678434775E+018,"3 : 0.8917637, 7 : 0.019976148, 3 : 0.0060482426",2
1.8335751685369E+018,"4 : 0.117031135, 2 : 0.10801497, 2 : 0.089499064",2
1.83139220823209E+018,"3 : 0.18202725, 3 : 0.07675911, 4 : 0.054351203",2
1.82849991855975E+018,"3 : 0.73265153, 3 : 0.021421406, 3 : 0.009141268",2
1.82561958610999E+018,"3 : 0.6111173, 3 : 0.041866306, 3 : 0.015478669",2
1.82347688423703E+018,"2 : 0.0830692, 2 : 0.08100882, 7 : 0.023278112",2
1.81982961296616E+018,"3 : 0.09611609, 3 : 0.08291993, 3 : 0.07665287",2
1.81695132920632E+018,"3 : 0.66765314, 3 : 0.0111597795, 7 : 0.0092995055",2
1.81542189214179E+018,"3 : 0.35556933, 3 : 0.09583357, 13 : 0.092646755",2
1.81318569508035E+018,"3 : 0.8970179, 3 : 0.013282203, 3 : 0.011145956",2
1.81037028480277E+018,"3 : 0.5999605, 3 : 0.14270501, 3 : 0.050006367",2
1.80762201932457E+018,"3 : 0.79437894, 14 : 0.030080084, 3 : 0.020051723",2
1.80675849111028E+018,"2 : 0.20183861, 2 : 0.113400094, 12 : 0.0946466",2
1.80457862243637E+018,"3 : 0.1838324, 3 : 0.15077305, 3 : 0.10123538",2
1.80095416497489E+018,"3 : 0.5996626, 3 : 0.08209567, 3 : 0.04537992",2
1.79810928472872E+018,"3 : 0.38150215, 3 : 0.18975389, 3 : 0.033268545",2
1.79670182286237E+018,"7 : 0.20926262, 7 : 0.105047286, 3 : 0.095577665",2
1.79453201457953E+018,"7 : 0.20260762, 12 : 0.1085125, 3 : 0.02248977",2
1.79313528052003E+018,"7 : 0.9775497, 10 : 0.0009746959, 7 : 0.00080033136",2
1.79298624527186E+018,"3 : 0.41004762, 3 : 0.1432571, 3 : 0.080207855",2
1.79165171681728E+018,"2 : 0.25802323, 3 : 0.14704111, 3 : 0.102432385",2
1.78870604288118E+018,"6 : 0.2058735, 6 : 0.18443835, 6 : 0.10238623",2
1.7880132705703E+018,"3 : 0.34357288, 3 : 0.044659603, 3 : 0.04131985",2
1.78652941364421E+018,"1 : 0.2238063, 11 : 0.14651439, 9 : 0.08135396",2
1.78572148846235E+018,"3 : 0.74266094, 3 : 0.06026963, 3 : 0.03014863",2
1.77993018127708E+018,"7 : 0.24893749, 7 : 0.16726147, 7 : 0.033512082",2
1.77716185248976E+018,"3 : 0.98886245, 7 : 0.0013133467, 7 : 0.0011599212",2
1.77629671968516E+018,"2 : 0.5326407, 2 : 0.16804488, 3 : 0.099844225",2
1.77421686110396E+018,"3 : 0.538478, 3 : 0.2410341, 3 : 0.048731826",2
1.77195124079811E+018,"3 : 0.35404095, 3 : 0.32681555, 3 : 0.12322868",2
1.77131279443707E+018,"3 : 0.46790674, 3 : 0.07059109, 3 : 0.037238665",2
1.7701938848506E+018,"3 : 0.33552554, 3 : 0.17727132, 3 : 0.13406809",2
1.76777377141731E+018,"3 : 0.24273042, 3 : 0.076461315, 14 : 0.052400026",2
1.76744599752366E+018,"3 : 0.3779685, 3 : 0.1340283, 14 : 0.08648015",2
1.7655728498958E+018,"3 : 0.27577573, 4 : 0.15737441, 3 : 0.07319745",2
1.76359490531651E+018,"12 : 0.093629345, 9 : 0.08865798, 10 : 0.057696655",2
1.7616118470328E+018,"7 : 0.11983397, 7 : 0.10998245, 3 : 0.04350691",2
1.75957299821697E+018,"3 : 0.3394825, 3 : 0.23892036, 3 : 0.09014528",2
1.75805935184239E+018,"9 : 0.15112814, 9 : 0.072642095, 8 : 0.06878878",2
1.75604181854529E+018,"7 : 0.4474127, 13 : 0.16423315, 2 : 0.07353665",2
1.75389222369384E+018,"3 : 0.930967, 2 : 0.0036969134, 13 : 0.0017240152",2
1.75300938268856E+018,"2 : 0.18130313, 3 : 0.13747908, 7 : 0.07964009",2
1.75184188713151E+018,"13 : 0.20282333, 2 : 0.15687537, 5 : 0.09587564",2
1.74734984508436E+018,"3 : 0.2099835, 7 : 0.03143917, 3 : 0.03130318",2
1.74517124618511E+018,"3 : 0.792295, 3 : 0.041390464, 3 : 0.018955437",2
1.7420460844854E+018,"13 : 0.60353315, 2 : 0.13984738, 8 : 0.028964065",2
1.7407499819435E+018,"7 : 0.10113918, 6 : 0.10100717, 4 : 0.08612192",2
1.73866941134414E+018,"1 : 0.7567938, 9 : 0.044516686, 11 : 0.02860133",2
1.73709761735449E+018,"3 : 0.9558663, 3 : 0.0077686184, 3 : 0.005048726",2
1.73589045323422E+018,"3 : 0.22308585, 7 : 0.13075414, 7 : 0.07473106",2
1.73330749025244E+018,"7 : 0.49850044, 2 : 0.36469015, 3 : 0.017987017",2
1.73004221528613E+018,"3 : 0.9785938, 3 : 0.006230202, 3 : 0.00079394365",2
1.7270723527757E+018,"7 : 0.38947484, 13 : 0.0859094, 2 : 0.06823424",2
1.72472609944987E+018,"3 : 0.9345036, 3 : 0.014148589, 3 : 0.013234672",2
1.72268573008052E+018,"3 : 0.78969514, 3 : 0.05646456, 3 : 0.033804793",2
1.72132799826491E+018,"3 : 0.4242262, 3 : 0.16740279, 7 : 0.09087044",2
1.72049651999481E+018,"3 : 0.85716426, 3 : 0.010717721, 3 : 0.007414789",2
1.71742959093775E+018,"3 : 0.90628624, 7 : 0.006374714, 7 : 0.0054760813",2
1.71342600374354E+018,"3 : 0.72710985, 7 : 0.033944745, 2 : 0.033217795",2
1.71238440192376E+018,"3 : 0.9192469, 3 : 0.0075702383, 3 : 0.0054583037",2
1.70969873012632E+018,"7 : 0.16212262, 14 : 0.14708267, 3 : 0.0896678",2
1.70733913483768E+018,"13 : 0.3904879, 10 : 0.06948541, 7 : 0.050994035",2
1.70617685028135E+018,"3 : 0.17035516, 3 : 0.09647448, 13 : 0.09426006",2
1.70301436878105E+018,"10 : 0.4765896, 3 : 0.11865675, 2 : 0.049875855",2
1.70176783888775E+018,"8 : 0.24597952, 14 : 0.07439515, 7 : 0.04495073",2
1.6981351550529E+018,"3 : 0.92539024, 3 : 0.027094062, 3 : 0.0036387402",2
1.69360546240004E+018,"3 : 0.63706946, 3 : 0.10458739, 3 : 0.016030356",2
1.68715971117696E+018,"3 : 0.7973545, 3 : 0.06375196, 3 : 0.033168525",2
1.68283645375293E+018,"7 : 0.7205291, 10 : 0.03914722, 3 : 0.019332597",2
1.67928671371612E+018,"3 : 0.09286006, 3 : 0.08708276, 3 : 0.05171135",2
1.67499169702856E+018,"7 : 0.34490892, 2 : 0.11943743, 7 : 0.0712355",2
1.67066778951271E+018,"7 : 0.15383147, 7 : 0.14588137, 7 : 0.047236655",2
1.6688825659453E+018,"7 : 0.18307526, 13 : 0.10846344, 6 : 0.04711082",2
1.66616532738879E+018,"7 : 0.90564096, 3 : 0.015376922, 3 : 0.0044371015",2
1.66459626420744E+018,"3 : 0.7503804, 3 : 0.054135025, 3 : 0.046060715",2
1.66198519178127E+018,"7 : 0.5897142, 7 : 0.065840475, 13 : 0.016397925",2
1.65761986793828E+018,"13 : 0.49268168, 11 : 0.18725401, 3 : 0.034249835",2
1.65610662774E+018,"3 : 0.94261086, 12 : 0.0019746432, 7 : 0.0018363313",2
1.65432552217333E+018,"9 : 0.6742962, 12 : 0.1442096, 9 : 0.024983365",2
1.65160418839935E+018,"7 : 0.6199642, 2 : 0.034862727, 2 : 0.032795694",2
1.64959240520653E+018,"3 : 0.40044972, 3 : 0.24337184, 3 : 0.19019383",2
1.64715643479619E+018,"3 : 0.5993457, 12 : 0.047041498, 7 : 0.02300513",2
1.64232512342737E+018,"3 : 0.99147284, 3 : 0.00082934124, 3 : 0.00043683607",2
1.63925918494628E+018,"3 : 0.13696478, 3 : 0.11192057, 6 : 0.10417635",2
1.63717333044785E+018,"2 : 0.12514804, 3 : 0.11762307, 2 : 0.0851947",2
1.63607555844947E+018,"13 : 0.4813395, 2 : 0.20435226, 8 : 0.028940268",2
1.63403017417705E+018,"7 : 0.10873748, 7 : 0.055691697, 7 : 0.046319876",2
1.63213302780656E+018,"12 : 0.23974197, 7 : 0.0989138, 2 : 0.06178432",2
1.63079582632883E+018,"3 : 0.99338114, 8 : 0.00072125247, 7 : 0.0006586679",2
1.6299188268495E+018,"3 : 0.9300739, 7 : 0.005099277, 3 : 0.003351603",2
1.62853099247233E+018,"3 : 0.46992803, 3 : 0.44232887, 3 : 0.05807185",2
1.62639963380143E+018,"2 : 0.99250716, 2 : 0.0015063449, 2 : 0.001143777",2
1.62491911545608E+018,"3 : 0.5088374, 6 : 0.16777284, 3 : 0.0818252",2
1.61774497032882E+018,"3 : 0.5828884, 3 : 0.1787977, 3 : 0.026064357",2
1.61520063285079E+018,"3 : 0.099434786, 3 : 0.0799317, 2 : 0.044612397",2
1.61222273088995E+018,"7 : 0.52322483, 3 : 0.19858466, 2 : 0.04093374",2
1.61102109945359E+018,"3 : 0.8669962, 3 : 0.039575726, 3 : 0.033611994",2
1.60895484026275E+018,"3 : 0.1269832, 3 : 0.09637243, 3 : 0.08073945",2
1.60753122009406E+018,"3 : 0.87514466, 3 : 0.025227431, 3 : 0.0073845224",2
1.60534534418735E+018,"3 : 0.7444336, 12 : 0.046404883, 7 : 0.03561717",2
1.60434259644383E+018,"3 : 0.26515806, 3 : 0.24128851, 3 : 0.068064295",2
1.60177923091999E+018,"13 : 0.30582607, 2 : 0.1360544, 12 : 0.050917543",2
1.60101536360399E+018,"3 : 0.22808893, 13 : 0.14012413, 9 : 0.069013454",2
1.59732109806809E+018,"4 : 0.20642535, 2 : 0.114776164, 13 : 0.10400735",2
1.59449758923396E+018,"3 : 0.59024835, 7 : 0.09388468, 2 : 0.04650038",2
1.59290329858164E+018,"3 : 0.9174993, 3 : 0.017220223, 3 : 0.004017032",2
1.5926891749332E+018,"3 : 0.9495191, 3 : 0.009572104, 4 : 0.002261325",2
1.59009168206894E+018,"3 : 0.7870017, 3 : 0.10530177, 3 : 0.016980896",2
1.58801493665926E+018,"3 : 0.8669304, 7 : 0.017024253, 7 : 0.0061054425",2
1.58440764815193E+018,"3 : 0.13591605, 9 : 0.08101735, 7 : 0.07775",2
1.57714539186093E+018,"13 : 0.38728318, 3 : 0.05092091, 7 : 0.0397257",2
1.57351255565711E+018,"7 : 0.40455633, 3 : 0.16789219, 3 : 0.070027605",2
1.56686561936498E+018,"3 : 0.3982296, 3 : 0.36851227, 3 : 0.040030323",2
1.5603577309128E+018,"3 : 0.713755, 2 : 0.033378772, 3 : 0.016567012",2
1.55525455317973E+018,"3 : 0.30046874, 2 : 0.27601594, 3 : 0.0720031",2
1.55390013973791E+018,"3 : 0.3753784, 6 : 0.12165624, 3 : 0.095972486",2
1.54949555757024E+018,"3 : 0.49064863, 3 : 0.12036878, 7 : 0.07971756",2
1.54739571313746E+018,"9 : 0.21085607, 3 : 0.10463672, 9 : 0.09018572",2
1.54437756985034E+018,"2 : 0.72194403, 3 : 0.058529384, 3 : 0.024873849",2
1.53978876729209E+018,"4 : 0.5241249, 2 : 0.033030886, 7 : 0.020006837",2
1.53142176384172E+018,"7 : 0.27770725, 2 : 0.050869994, 3 : 0.035318855",2
1.52663898732147E+018,"12 : 0.21308012, 11 : 0.05242498, 1 : 0.0497966",2
1.52425370004169E+018,"12 : 0.17331505, 7 : 0.1238967, 3 : 0.061781857",2
1.52060085690684E+018,"13 : 0.1368081, 8 : 0.08291696, 9 : 0.038991608",2
1.51874294138795E+018,"13 : 0.16524169, 7 : 0.113122195, 3 : 0.08866408",2
1.5153492698158E+018,"13 : 0.39418775, 3 : 0.07272278, 7 : 0.03491612",2
1.51413009496383E+018,"3 : 0.88177353, 3 : 0.002877823, 3 : 0.001761745",2
1.51256197805247E+018,"3 : 0.55521804, 3 : 0.04909853, 3 : 0.035843693",2
1.50966494956203E+018,"12 : 0.073854476, 7 : 0.05106104, 7 : 0.04683496",2
1.50754509100197E+018,"3 : 0.19995275, 7 : 0.050846525, 6 : 0.022911811",2
1.50450555006983E+018,"8 : 0.36223, 1 : 0.19112371, 9 : 0.031511452",2
1.50283365324354E+018,"7 : 0.18219413, 2 : 0.099291265, 2 : 0.098866165",2
1.49999295335899E+018,"3 : 0.21582088, 3 : 0.0948998, 3 : 0.07294406",2
1.49746682257508E+018,"3 : 0.35394093, 3 : 0.29147738, 7 : 0.0650192",2
1.49603091817894E+018,"2 : 0.80481374, 2 : 0.06403056, 3 : 0.008904521",2
1.49490019912507E+018,"5 : 0.1626492, 6 : 0.07587088, 2 : 0.05698337",2
1.49063904682799E+018,"1 : 0.7901988, 11 : 0.029678116, 9 : 0.021171918",2
1.48780904482659E+018,"13 : 0.07001891, 7 : 0.048181567, 3 : 0.040731415",2
1.4836709701115E+018,"7 : 0.5611529, 7 : 0.050112598, 10 : 0.04747512",2
1.48326689577206E+018,"13 : 0.30821782, 7 : 0.07013915, 13 : 0.04825717",2
1.48275761250033E+018,"2 : 0.21265864, 8 : 0.18578131, 2 : 0.11486645",2
1.47907567029036E+018,"3 : 0.57754976, 3 : 0.10345998, 3 : 0.07244702",2
1.47421632336118E+018,"3 : 0.86768043, 3 : 0.02638489, 3 : 0.024629498",2
1.47272880875101E+018,"3 : 0.52002174, 3 : 0.09719507, 3 : 0.06472244",2
1.46986963952488E+018,"3 : 0.9022342, 3 : 0.00288931, 3 : 0.002758661",2
1.4690880636985E+018,"3 : 0.5028333, 3 : 0.12882657, 3 : 0.07660213",2
1.46693977248879E+018,"3 : 0.9322045, 3 : 0.011151947, 3 : 0.003789731",2
1.46272370244119E+018,"3 : 0.9550393, 3 : 0.01298706, 2 : 0.0024676456",2
1.46193387771953E+018,"3 : 0.12758261, 3 : 0.10408725, 3 : 0.10006517",2
1.45874465029077E+018,"7 : 0.234537, 7 : 0.096898645, 7 : 0.056185156",2
1.45682849109692E+018,"3 : 0.23964444, 2 : 0.07686798, 3 : 0.056911316",2
1.45439152242684E+018,"3 : 0.73977506, 3 : 0.031173714, 3 : 0.027582437",2
1.44927051121684E+018,"3 : 0.7638743, 3 : 0.08210151, 3 : 0.052012723",2
1.44507032323726E+018,"13 : 0.4222972, 4 : 0.08761578, 10 : 0.0660337",2
1.44237358886263E+018,"7 : 0.371433, 3 : 0.11717545, 7 : 0.10123863",2
1.43833765373691E+018,"3 : 0.46839905, 2 : 0.28976613, 2 : 0.017360501",2
1.43437617491433E+018,"3 : 0.370021, 3 : 0.13642618, 3 : 0.11662208",2
1.43215829833003E+018,"3 : 0.85766464, 3 : 0.011204301, 7 : 0.010713909",2
1.42855163033782E+018,"13 : 0.15961185, 3 : 0.13411434, 2 : 0.058140308",2
1.4271845321126E+018,"6 : 0.40328267, 7 : 0.18026811, 2 : 0.09197466",2
1.42560063220256E+018,"3 : 0.66785944, 3 : 0.0894398, 3 : 0.021220198",2
1.42341720885553E+018,"13 : 0.5338711, 13 : 0.06689121, 13 : 0.03336163",2
2.19932586547844E+018,"13 : 0.93573815, 13 : 0.050588273, 6 : 0.0040756846",2
2.18921982445088E+018,"7 : 0.092109896, 7 : 0.07529411, 7 : 0.073609635",2
2.18921015962478E+018,"2 : 0.20261575, 7 : 0.03376807, 7 : 0.023374664",2
2.18865641557334E+018,"12 : 0.09165519, 2 : 0.09094864, 7 : 0.07182057",2
2.17648488116187E+018,"8 : 0.14626421, 9 : 0.10657436, 3 : 0.07716338",2
2.16281484352993E+018,"2 : 0.9817837, 3 : 0.0056767305, 7 : 0.0028665967",2
2.15592518486356E+018,"6 : 0.08462521, 2 : 0.031144716, 7 : 0.016740894",2
2.14605422461058E+018,"9 : 0.08130487, 1 : 0.06662063, 9 : 0.054432027",2
2.14518532099074E+018,"13 : 0.981008, 13 : 0.0021729893, 7 : 0.0007276423",2
2.14024974752128E+018,"7 : 0.852586, 2 : 0.012494723, 7 : 0.0056457575",2
2.13985009879943E+018,"12 : 0.787886, 3 : 0.06973041, 7 : 0.018872997",2
2.13884976414858E+018,"3 : 0.7279259, 3 : 0.08462392, 3 : 0.044812415",2
2.10651841920458E+018,"13 : 0.19808184, 13 : 0.16717738, 13 : 0.15684184",2
2.09648119038255E+018,"9 : 0.15256302, 9 : 0.15224355, 12 : 0.14546153",2
2.08070050111684E+018,"12 : 0.58610815, 3 : 0.1579521, 12 : 0.05663434",2
2.06983128517148E+018,"9 : 0.22087885, 4 : 0.18469796, 4 : 0.028061315",2
2.06264360648281E+018,"6 : 0.095193386, 5 : 0.09376551, 6 : 0.08240407",2
2.06262193364152E+018,"7 : 0.67861444, 4 : 0.029419124, 9 : 0.011904603",2
2.06261510796462E+018,"12 : 0.94621795, 12 : 0.041315623, 7 : 0.009130191",2
2.06250370798086E+018,"7 : 0.8196527, 2 : 0.077526554, 2 : 0.023574341",2
2.05757213247015E+018,"1 : 0.958162, 1 : 0.0053390735, 1 : 0.0020756694",2
2.05361955431322E+018,"13 : 0.260461, 7 : 0.0727741, 2 : 0.0328757",2
2.04572402630076E+018,"13 : 0.10716076, 13 : 0.09747151, 7 : 0.07146555",2
2.04425832387158E+018,"2 : 0.4495761, 3 : 0.02291109, 10 : 0.016531534",2
2.01755938781597E+018,"7 : 0.08778938, 13 : 0.075216986, 13 : 0.06989704",2
2.0167427703997E+018,"13 : 0.40994796, 7 : 0.121365555, 7 : 0.084492244",2
2.01673960303732E+018,"13 : 0.13157551, 7 : 0.04198145, 8 : 0.04069624",2
2.01666173398147E+018,"5 : 0.8283029, 3 : 0.046779014, 14 : 0.0046207593",2
2.00646687113372E+018,"7 : 0.22221382, 3 : 0.094656914, 7 : 0.05629483",2
1.9979037630434E+018,"7 : 0.4609629, 13 : 0.41504568, 13 : 0.03503426",2
1.99517230018329E+018,"13 : 0.5249748, 7 : 0.3603048, 3 : 0.04573356",2
1.98985013939852E+018,"7 : 0.2384469, 7 : 0.09722762, 4 : 0.06146513",2
1.98857160449955E+018,"9 : 0.43264577, 8 : 0.37303725, 4 : 0.018198354",2
1.95754039426275E+018,"3 : 0.80304176, 14 : 0.015642703, 3 : 0.013835524",2
1.9340760935414E+018,"11 : 0.4663678, 13 : 0.09746036, 2 : 0.07196218",2
1.92869291459227E+018,"13 : 0.3260336, 7 : 0.31479508, 13 : 0.023566172",2
1.92862784616488E+018,"13 : 0.5547307, 7 : 0.2836253, 13 : 0.031043958",2
1.92860597479064E+018,"13 : 0.78771746, 13 : 0.0721288, 7 : 0.017555278",2
1.92785948274697E+018,"14 : 0.5809465, 7 : 0.076855056, 13 : 0.030985761",2
1.92431290972094E+018,"11 : 0.56298715, 1 : 0.17874248, 11 : 0.047434773",2
1.92354963943932E+018,"12 : 0.7625636, 7 : 0.01940418, 7 : 0.017917117",2
1.92051433115624E+018,"13 : 0.14204796, 13 : 0.080898784, 13 : 0.033172943",2
1.91036694762784E+018,"13 : 0.22109142, 13 : 0.21950826, 13 : 0.12285141",2
1.91017187063284E+018,"13 : 0.7177791, 7 : 0.058549657, 7 : 0.010720948",2
1.88778126097488E+018,"9 : 0.21738185, 9 : 0.15984693, 12 : 0.04558501",2
1.88771640261424E+018,"14 : 0.5433816, 13 : 0.13514929, 13 : 0.04088309",2
1.88124504831228E+018,"13 : 0.32340327, 10 : 0.18353005, 11 : 0.06842133",2
1.87601407363318E+018,"10 : 0.062138565, 13 : 0.03520052, 7 : 0.034595348",2
1.87279842266838E+018,"9 : 0.89610237, 12 : 0.0100961365, 3 : 0.006003351",2
1.83134571651176E+018,"1 : 0.41147187, 1 : 0.08578399, 8 : 0.05314426",2
1.80599364041467E+018,"12 : 0.8764763, 13 : 0.0100562945, 13 : 0.0066842358",2
1.79424132430646E+018,"2 : 0.09154202, 14 : 0.069573924, 7 : 0.06538193",2
1.78832178760163E+018,"14 : 0.1291099, 13 : 0.10027171, 7 : 0.08960127",2
1.78790975710307E+018,"13 : 0.09499346, 13 : 0.06978685, 6 : 0.045511752",2
1.77572787888172E+018,"2 : 0.5323046, 7 : 0.09852774, 3 : 0.058570787",2
1.76251727584119E+018,"7 : 0.09527447, 13 : 0.060422897, 8 : 0.057949193",2
1.72866396393044E+018,"13 : 0.053758826, 2 : 0.040242806, 7 : 0.030797258",2
1.72839229477374E+018,"4 : 0.25621203, 8 : 0.13438217, 8 : 0.029896015",2
1.70659793305321E+018,"13 : 0.564538, 13 : 0.4200779, 13 : 0.009348596",2
1.69376180675952E+018,"2 : 0.9937296, 3 : 0.0011427933, 2 : 0.0006986801",2
1.68989117794549E+018,"9 : 0.17787974, 9 : 0.15338309, 8 : 0.14031652",2
1.68269416003506E+018,"13 : 0.6784034, 13 : 0.3046792, 13 : 0.00045329137",2
1.67608641748559E+018,"13 : 0.06546179, 7 : 0.049717687, 2 : 0.029280737",2
1.67379674707361E+018,"13 : 0.43326256, 7 : 0.10699004, 2 : 0.039336808",2
1.65672355580063E+018,"7 : 0.19034733, 3 : 0.09070114, 2 : 0.07145377",2
1.6269055422345E+018,"13 : 0.85276186, 2 : 0.018436825, 8 : 0.009444279",2
1.62060948944517E+018,"13 : 0.70132846, 13 : 0.035849847, 13 : 0.03503415",2
1.62039105798837E+018,"7 : 0.27578294, 6 : 0.0491448, 10 : 0.047714885",2
1.61963997407094E+018,"13 : 0.21098274, 12 : 0.15176754, 13 : 0.13095789",2
1.64665498261697E+018,"7 : 0.14470965, 2 : 0.08298485, 2 : 0.073522955",2
1.80599964571145E+018,"13 : 0.5870343, 13 : 0.35540494, 13 : 0.011271686",2
2.20798591211431E+018,"3 : 0.13901214, 2 : 0.08089714, 3 : 0.07941708",2
2.20541135472738E+018,"3 : 0.7604564, 3 : 0.026969044, 3 : 0.016874833",2
2.20536772389086E+018,"7 : 0.2531991, 7 : 0.112424105, 2 : 0.031666283",2
2.20531394712548E+018,"7 : 0.105485685, 13 : 0.048044205, 10 : 0.04413172",2
2.20234523509542E+018,"3 : 0.73192257, 3 : 0.016924169, 3 : 0.010101735",2
2.20234338683336E+018,"3 : 0.61461234, 2 : 0.21950214, 3 : 0.04915178",2
2.20231163928235E+018,"3 : 0.6502667, 3 : 0.016005876, 3 : 0.008208218",2
2.2011590390382E+018,"3 : 0.90172464, 3 : 0.00518593, 3 : 0.0046879086",2
2.20107753591207E+018,"6 : 0.6460243, 3 : 0.0477965, 3 : 0.028725978",2
2.20082547360134E+018,"2 : 0.08899653, 2 : 0.07564611, 7 : 0.061204698",2
2.20034457347004E+018,"3 : 0.7331493, 3 : 0.026881691, 3 : 0.009342185",2
2.20026424786744E+018,"12 : 0.17942972, 12 : 0.06927525, 2 : 0.058590297",2
2.20018178151704E+018,"3 : 0.07042545, 3 : 0.027480785, 2 : 0.024300339",2
2.19943713141217E+018,"3 : 0.09291952, 3 : 0.08310198, 2 : 0.046923816",2
2.19941428230333E+018,"3 : 0.9301444, 3 : 0.0035926239, 3 : 0.0025645874",2
2.19873191087668E+018,"3 : 0.4302768, 7 : 0.17557275, 3 : 0.10140374",2
2.19869167541342E+018,"3 : 0.8837241, 3 : 0.021568457, 3 : 0.013544027",2
2.19794192823919E+018,"3 : 0.85400516, 3 : 0.06406838, 3 : 0.0032583417",2
2.19752733289856E+018,"2 : 0.77481866, 3 : 0.040657144, 3 : 0.018951882",2
2.19534499434116E+018,"3 : 0.9424703, 3 : 0.004094125, 3 : 0.0038097037",2
2.19509660726383E+018,"2 : 0.7220677, 3 : 0.11050175, 3 : 0.013486251",2
2.19455680313944E+018,"3 : 0.1043151, 3 : 0.10275775, 3 : 0.083504386",2
2.19431680605597E+018,"3 : 0.2675587, 3 : 0.1367217, 3 : 0.091812015",2
2.19326555627952E+018,"3 : 0.9475924, 3 : 0.0013956462, 3 : 0.0011745382",2
2.19326443694547E+018,"3 : 0.9049235, 3 : 0.0017666038, 2 : 0.0015189595",2
2.19326380380686E+018,"3 : 0.47833833, 7 : 0.19357938, 3 : 0.047967654",2
2.19216876130228E+018,"3 : 0.69497633, 3 : 0.124444336, 3 : 0.054438982",2
2.19152311749972E+018,"2 : 0.368479, 2 : 0.20870124, 2 : 0.020295687",2
2.19069204886094E+018,"3 : 0.47960073, 12 : 0.44890398, 3 : 0.017935192",2
2.19003199716276E+018,"3 : 0.9443127, 3 : 0.0038874722, 3 : 0.0025514977",2
2.18634404324669E+018,"3 : 0.6021171, 3 : 0.10543828, 3 : 0.057339355",2
2.18511278348229E+018,"2 : 0.6248851, 3 : 0.25083074, 3 : 0.008837801",2
2.18294680923649E+018,"3 : 0.48144946, 3 : 0.07523523, 7 : 0.03366233",2
2.18064097685547E+018,"3 : 0.41998154, 3 : 0.12957072, 2 : 0.046937253",2
2.18060095173647E+018,"3 : 0.69820124, 13 : 0.06982665, 2 : 0.027034003",2
2.17905194685874E+018,"3 : 0.931978, 3 : 0.008652784, 3 : 0.0064841593",2
2.17792633362412E+018,"3 : 0.1079279, 7 : 0.057854548, 7 : 0.05243688",2
2.17728456946076E+018,"3 : 0.89117205, 3 : 0.06840446, 3 : 0.005696578",2
2.1772021817369E+018,"7 : 0.27785465, 3 : 0.19599012, 2 : 0.18514971",2
2.17718069979545E+018,"13 : 0.48759025, 13 : 0.11719208, 13 : 0.033400044",2
2.17636401226695E+018,"3 : 0.9321238, 3 : 0.0042871702, 2 : 0.0033318137",2
2.17622769129723E+018,"3 : 0.8255162, 12 : 0.019809421, 14 : 0.01564524",2
2.17554829553455E+018,"14 : 0.26760644, 3 : 0.032775413, 2 : 0.031810496",2
2.17547042698202E+018,"2 : 0.88518876, 2 : 0.07942022, 3 : 0.00897481",2
2.17422600579852E+018,"3 : 0.28869388, 7 : 0.066413835, 7 : 0.039267007",2
2.17395842545357E+018,"3 : 0.2692286, 3 : 0.12337845, 3 : 0.0408354",2
2.17363291719718E+018,"3 : 0.96431047, 3 : 0.0010469627, 3 : 0.00045382453",2
2.17330214833564E+018,"2 : 0.96167827, 3 : 0.00829618, 2 : 0.002173428",2
2.17258523862685E+018,"3 : 0.4004512, 3 : 0.18147045, 3 : 0.10753435",2
2.17188192039334E+018,"3 : 0.79463613, 3 : 0.019461142, 3 : 0.018303458",2
2.17024318581364E+018,"3 : 0.7020324, 3 : 0.04543724, 3 : 0.013371836",2
2.1697876081215E+018,"3 : 0.34254932, 3 : 0.20467275, 3 : 0.09983691",2
2.16965573666205E+018,"12 : 0.7665602, 12 : 0.05643782, 2 : 0.018652646",2
2.16919709503099E+018,"3 : 0.28195018, 2 : 0.101484254, 3 : 0.04670593",2
2.16606433512993E+018,"3 : 0.98195434, 3 : 0.00088605133, 3 : 0.0005323776",2
2.16556063109717E+018,"3 : 0.27852988, 3 : 0.104887016, 3 : 0.08596888",2
2.16553070151725E+018,"3 : 0.68105763, 3 : 0.06768211, 3 : 0.016222203",2
2.1653873814028E+018,"3 : 0.3523605, 3 : 0.05353226, 3 : 0.033934057",2
2.16464277975026E+018,"3 : 0.58684504, 3 : 0.049803752, 6 : 0.040651716",2
2.16088927997967E+018,"3 : 0.2377273, 3 : 0.078044474, 7 : 0.06265879",2
2.16029719218799E+018,"3 : 0.95687956, 3 : 0.026681257, 2 : 0.00048062",2
2.15953182921699E+018,"13 : 0.098513626, 7 : 0.047772355, 7 : 0.032692216",2
2.15949095023844E+018,"3 : 0.9638764, 3 : 0.004241507, 3 : 0.0003182787",2
2.15909219586975E+018,"12 : 0.5237559, 3 : 0.21389017, 9 : 0.011357969",2
2.15766133212884E+018,"3 : 0.23035751, 9 : 0.061300624, 12 : 0.053861886",2
2.15765869485791E+018,"3 : 0.829487, 3 : 0.042175334, 7 : 0.024609547",2
2.15686879995608E+018,"3 : 0.92071927, 3 : 0.004906105, 3 : 0.0028266143",2
2.15652066962234E+018,"7 : 0.5377698, 2 : 0.25991237, 13 : 0.05097986",2
2.1554422386082E+018,"3 : 0.95343316, 3 : 0.0010838968, 3 : 0.00086977513",2
2.15509268505297E+018,"14 : 0.12217048, 2 : 0.08710027, 7 : 0.038244616",2
2.15428464753041E+018,"3 : 0.6012949, 3 : 0.059772555, 3 : 0.026760226",2
2.14869634558254E+018,"12 : 0.6342256, 13 : 0.019087333, 13 : 0.0079858545",2
2.14865156752037E+018,"2 : 0.38535768, 2 : 0.20422888, 3 : 0.1051553",2
2.14789847045605E+018,"3 : 0.6030994, 6 : 0.04485914, 3 : 0.0415206",2
2.14639208527677E+018,"3 : 0.7925225, 3 : 0.062113415, 3 : 0.019903682",2
2.14577698080555E+018,"12 : 0.50166893, 3 : 0.41068605, 3 : 0.01926437",2
2.14531041536266E+018,"3 : 0.22820278, 3 : 0.15585424, 3 : 0.13167785",2
2.1435018268138E+018,"3 : 0.96189475, 3 : 0.0058866716, 3 : 0.0021258178",2
2.14298910314732E+018,"3 : 0.18628427, 5 : 0.113080375, 5 : 0.028114006",2
2.142890446591E+018,"3 : 0.42440292, 3 : 0.10968312, 3 : 0.07325465",2
2.14277148654968E+018,"3 : 0.9457719, 3 : 0.009051126, 3 : 0.0075949905",2
2.14232047250155E+018,"3 : 0.8682767, 3 : 0.01958679, 3 : 0.0080492385",2
2.14209753799835E+018,"3 : 0.8834389, 3 : 0.021975448, 3 : 0.003287762",2
2.14143533873262E+018,"3 : 0.19074757, 7 : 0.118732065, 7 : 0.08840698",2
2.14141669662024E+018,"3 : 0.6265297, 12 : 0.19860664, 3 : 0.02602191",2
2.14099492860875E+018,"12 : 0.5236364, 2 : 0.016665135, 2 : 0.010836422",2
2.14097064325298E+018,"8 : 0.3455598, 8 : 0.11177452, 8 : 0.053903017",2
2.14086998518307E+018,"3 : 0.57542574, 13 : 0.21039277, 3 : 0.1122615",2
2.13936702789944E+018,"7 : 0.8322989, 3 : 0.041386597, 2 : 0.0077941115",2
2.13844146298419E+018,"3 : 0.25300053, 3 : 0.21341291, 3 : 0.16255414",2
2.13728770846948E+018,"3 : 0.9085098, 3 : 0.031323086, 3 : 0.0059356117",2
2.13713286444635E+018,"3 : 0.21101288, 7 : 0.1766261, 3 : 0.050797902",2
2.13703022026434E+018,"3 : 0.9154659, 3 : 0.009761556, 3 : 0.0054971054",2
2.13635248595947E+018,"3 : 0.32417813, 7 : 0.17450929, 3 : 0.09824957",2
2.13631811509773E+018,"3 : 0.9423112, 3 : 0.0015524665, 3 : 0.00079263386",2
2.13557844445977E+018,"3 : 0.863231, 3 : 0.0055201617, 7 : 0.005326569",2
2.13545498211203E+018,"3 : 0.37867504, 3 : 0.18510318, 5 : 0.11679195",2
2.13498018267152E+018,"3 : 0.48790532, 3 : 0.42827094, 3 : 0.0040910975",2
2.1333569893639E+018,"3 : 0.91026795, 3 : 0.023282863, 3 : 0.008797183",2
2.13310612391436E+018,"7 : 0.05854876, 2 : 0.036888633, 2 : 0.03275962",2
2.1326370076216E+018,"3 : 0.9548472, 3 : 0.0014322768, 3 : 0.0009929398",2
2.13128206053145E+018,"3 : 0.90577495, 3 : 0.011647184, 3 : 0.0020325084",2
2.13127594412883E+018,"3 : 0.6724192, 7 : 0.03386231, 3 : 0.033313345",2
2.13054608084102E+018,"3 : 0.83382004, 7 : 0.040685944, 3 : 0.016128482",2
2.1291838086171E+018,"3 : 0.9538488, 3 : 0.00088174234, 2 : 0.0005702308",2
2.12863693925615E+018,"3 : 0.9341861, 6 : 0.0006921137, 3 : 0.00061032124",2
2.12830403796826E+018,"3 : 0.1054007, 2 : 0.047463436, 7 : 0.044880368",2
2.1271233359881E+018,"7 : 0.16309296, 14 : 0.098972306, 7 : 0.03537935",2
2.12475355292136E+018,"3 : 0.89167476, 3 : 0.0220211, 3 : 0.004011411",2
2.12337706843934E+018,"3 : 0.8686986, 3 : 0.002400643, 3 : 0.0017630244",2
2.12319259686092E+018,"3 : 0.71708757, 3 : 0.064884275, 3 : 0.015577418",2
2.12285867852848E+018,"3 : 0.8910185, 3 : 0.009289222, 3 : 0.008078724",2
2.1228101052098E+018,"13 : 0.31889042, 2 : 0.30424267, 3 : 0.051831886",2
2.12247905884459E+018,"7 : 0.26835588, 7 : 0.062426988, 3 : 0.05264066",2
2.12208652054162E+018,"3 : 0.9781918, 3 : 0.0029585704, 3 : 0.0012299105",2
2.11892515958182E+018,"3 : 0.30154377, 3 : 0.18652855, 3 : 0.13243622",2
2.10838082023974E+018,"3 : 0.5502255, 3 : 0.044023745, 3 : 0.02622957",2
2.10375694923663E+018,"3 : 0.766898, 3 : 0.087982826, 3 : 0.0048950342",2
2.10212483939227E+018,"3 : 0.20955718, 3 : 0.1759695, 3 : 0.17449564",2
2.10174795397381E+018,"3 : 0.9301101, 3 : 0.0022813499, 3 : 0.0021366237",2
2.10075800026123E+018,"3 : 0.32867053, 3 : 0.19147466, 3 : 0.13241406",2
2.0994145160591E+018,"3 : 0.793849, 3 : 0.09596472, 3 : 0.0035676663",2
2.09931517193882E+018,"7 : 0.2594427, 7 : 0.15717614, 3 : 0.10563428",2
2.09798490528484E+018,"3 : 0.9849895, 3 : 0.0031099047, 3 : 0.00038747353",2
2.09641497192884E+018,"3 : 0.14477192, 3 : 0.11660819, 5 : 0.041853327",2
2.09641108011821E+018,"5 : 0.26640683, 3 : 0.08792843, 5 : 0.086941294",2
2.09639985712527E+018,"3 : 0.25020742, 3 : 0.23943843, 3 : 0.20067896",2
2.09608316864134E+018,"3 : 0.9729365, 2 : 0.001083682, 3 : 0.000791933",2
2.09517436112123E+018,"3 : 0.68202585, 3 : 0.11251817, 3 : 0.0066917334",2
2.0928193363656E+018,"3 : 0.09955254, 3 : 0.052330382, 3 : 0.048364222",2
2.09201701968888E+018,"7 : 0.5728744, 2 : 0.041509, 2 : 0.036164675",2
2.09142580177079E+018,"3 : 0.5693411, 3 : 0.08329955, 3 : 0.023375843",2
2.08996211434435E+018,"7 : 0.580135, 2 : 0.03502599, 2 : 0.032403667",2
2.08769752134341E+018,"3 : 0.85800004, 3 : 0.03080845, 3 : 0.0070623416",2
2.0876850062112E+018,"3 : 0.659077, 3 : 0.09536872, 3 : 0.011576166",2
2.08694970604022E+018,"3 : 0.92254657, 3 : 0.0012622415, 3 : 0.0011275988",2
2.08663030077282E+018,"3 : 0.28863198, 3 : 0.21080317, 3 : 0.057706576",2
2.08662840888163E+018,"3 : 0.47150135, 3 : 0.13661721, 3 : 0.07595526",2
2.08657819946402E+018,"3 : 0.84761924, 3 : 0.0020912478, 3 : 0.0011667247",2
2.0865605582718E+018,"3 : 0.69284856, 3 : 0.02515183, 3 : 0.017448286",2
2.08474037476256E+018,"3 : 0.5609421, 3 : 0.14815214, 3 : 0.050602935",2
2.08407309745302E+018,"3 : 0.7062366, 3 : 0.080181174, 3 : 0.021929482",2
2.08261162302704E+018,"3 : 0.9326514, 3 : 0.00610327, 3 : 0.0010861688",2
2.08225735918456E+018,"12 : 0.310141, 7 : 0.03540844, 7 : 0.034872863",2
2.08199943686885E+018,"3 : 0.66017604, 3 : 0.042206015, 3 : 0.03976876",2
2.08185087897478E+018,"3 : 0.67325664, 3 : 0.044135734, 3 : 0.036688536",2
2.08085253114938E+018,"3 : 0.89631915, 3 : 0.0076559084, 3 : 0.0064672674",2
2.08085039755726E+018,"3 : 0.93112546, 3 : 0.00059415115, 13 : 0.0005927159",2
2.08079769319982E+018,"3 : 0.49268648, 3 : 0.067475006, 3 : 0.05080098",2
2.08079004122923E+018,"3 : 0.16594622, 3 : 0.077540204, 3 : 0.0650067",2
2.07861345791931E+018,"3 : 0.95949024, 3 : 0.0013824018, 3 : 0.0005117996",2
2.07761759203137E+018,"14 : 0.18947579, 3 : 0.14567818, 14 : 0.043092195",2
2.07710864525041E+018,"3 : 0.3473705, 3 : 0.17960563, 3 : 0.05018292",2
2.07685459966452E+018,"3 : 0.7381087, 3 : 0.037521053, 3 : 0.018287225",2
2.07611370297466E+018,"3 : 0.30641323, 3 : 0.095807806, 3 : 0.056122724",2
2.07392904529442E+018,"3 : 0.24874766, 2 : 0.22795065, 13 : 0.050332434",2
2.07327257949961E+018,"3 : 0.87790805, 12 : 0.03463144, 7 : 0.012214075",2
2.07250937200666E+018,"3 : 0.31858352, 3 : 0.1366111, 3 : 0.10569241",2
2.07178589669447E+018,"3 : 0.5020966, 7 : 0.064217724, 3 : 0.04867183",2
2.0717212286133E+018,"3 : 0.9384361, 3 : 0.0038020834, 10 : 0.003310048",2
2.07114291067127E+018,"3 : 0.55169135, 3 : 0.017565459, 3 : 0.016370788",2
2.06969772896916E+018,"3 : 0.9215638, 3 : 0.0033956345, 3 : 0.002874321",2
2.06965606527805E+018,"3 : 0.9310669, 3 : 0.011821309, 3 : 0.0028781528",2
2.06911033833638E+018,"3 : 0.89494896, 3 : 0.0032035662, 13 : 0.0030045668",2
2.06842393719863E+018,"2 : 0.54961735, 2 : 0.17428474, 2 : 0.09622554",2
2.06741090693501E+018,"3 : 0.44048348, 3 : 0.3677367, 3 : 0.022173967",2
2.06613485726168E+018,"7 : 0.07134441, 2 : 0.038720705, 3 : 0.034542553",2
2.06606678143439E+018,"3 : 0.083100006, 3 : 0.063701645, 3 : 0.05307651",2
2.06559866481181E+018,"13 : 0.6849055, 13 : 0.035384856, 2 : 0.012367784",2
2.06555765026491E+018,"3 : 0.5123706, 3 : 0.07752414, 3 : 0.057782203",2
2.06552920041671E+018,"2 : 0.14221987, 3 : 0.064816296, 2 : 0.03402881",2
2.06519286577393E+018,"3 : 0.88037646, 3 : 0.0057413443, 3 : 0.0041741934",2
2.06259677082901E+018,"3 : 0.40723482, 3 : 0.28833258, 3 : 0.011705823",2
2.06236221404146E+018,"3 : 0.47749543, 3 : 0.07139398, 3 : 0.070997626",2
2.0618025413999E+018,"3 : 0.59913486, 9 : 0.029334059, 12 : 0.01715861",2
2.06047979528015E+018,"3 : 0.7784979, 3 : 0.03573717, 3 : 0.019220948",2
2.06003191967394E+018,"13 : 0.4714532, 13 : 0.0441369, 13 : 0.037284702",2
2.05947306539974E+018,"3 : 0.21401353, 3 : 0.13434243, 3 : 0.09256116",2
2.05898510393944E+018,"3 : 0.2969961, 3 : 0.08875126, 3 : 0.026697306",2
2.05844855789317E+018,"3 : 0.32376954, 3 : 0.26418155, 3 : 0.16355436",2
2.05836753778115E+018,"2 : 0.23699068, 7 : 0.09446276, 2 : 0.06702432",2
2.05829264178934E+018,"2 : 0.35003155, 5 : 0.17200853, 6 : 0.08825569",2
2.05820101670632E+018,"3 : 0.641547, 3 : 0.11774091, 3 : 0.04764334",2
2.0575970872454E+018,"7 : 0.13769329, 10 : 0.10113612, 2 : 0.07084707",2
2.05741745811491E+018,"3 : 0.16250266, 6 : 0.07060194, 3 : 0.05219021",2
2.05736614475668E+018,"3 : 0.6930744, 3 : 0.036079504, 3 : 0.03312414",2
2.05550392341605E+018,"3 : 0.9556831, 10 : 0.032880586, 7 : 0.0040642237",2
2.05533285672259E+018,"3 : 0.5320551, 3 : 0.24544713, 3 : 0.043739602",2
2.05501134525022E+018,"3 : 0.19957872, 3 : 0.07137311, 3 : 0.070009194",2
2.05470908634115E+018,"3 : 0.8628055, 3 : 0.005106245, 3 : 0.0016519985",2
2.05467586874323E+018,"3 : 0.9828137, 13 : 0.00052437774, 3 : 0.00032325438",2
2.05447001547601E+018,"3 : 0.8498985, 3 : 0.01773603, 3 : 0.01398887",2
2.0544659165907E+018,"3 : 0.9071229, 3 : 0.012729753, 3 : 0.006614266",2
2.05362144401497E+018,"3 : 0.7638088, 3 : 0.016957365, 3 : 0.0143785495",2
2.05294703465208E+018,"3 : 0.95095295, 3 : 0.004635032, 3 : 0.0021840942",2
2.05072365160045E+018,"3 : 0.20930879, 3 : 0.08393225, 3 : 0.038483664",2
2.04935548387096E+018,"3 : 0.24531811, 3 : 0.24468154, 6 : 0.07044466",2
2.04856989386077E+018,"3 : 0.27848876, 7 : 0.26869997, 3 : 0.08770437",2
2.04826822117965E+018,"3 : 0.47428036, 3 : 0.15830006, 6 : 0.056596573",2
2.04826467175814E+018,"3 : 0.13481176, 3 : 0.13285428, 7 : 0.11699152",2
2.04826109908359E+018,"3 : 0.5824483, 3 : 0.121855445, 3 : 0.090337485",2
2.04825302602157E+018,"3 : 0.28836742, 3 : 0.10072651, 3 : 0.03665462",2
2.04821693192015E+018,"3 : 0.6995259, 3 : 0.19664347, 3 : 0.031518273",2
2.04820487392696E+018,"3 : 0.88964456, 3 : 0.013496873, 7 : 0.01092959",2
2.04820354009615E+018,"7 : 0.17310487, 10 : 0.110817656, 12 : 0.05257346",2
2.04820026898375E+018,"3 : 0.7828865, 3 : 0.097308755, 3 : 0.008150379",2
2.04816327058362E+018,"3 : 0.8225219, 3 : 0.088111944, 3 : 0.003714891",2
2.04814151808422E+018,"2 : 0.8162077, 3 : 0.05818253, 3 : 0.027625632",2
2.04813905711823E+018,"3 : 0.3182425, 3 : 0.06105907, 7 : 0.03968547",2
2.04813623185179E+018,"3 : 0.9712407, 3 : 0.01137072, 2 : 0.0023490065",2
2.04813284287928E+018,"3 : 0.45804048, 12 : 0.06041327, 14 : 0.027062237",2
2.0481315047705E+018,"3 : 0.93971413, 12 : 0.009509086, 8 : 0.004240277",2
2.04582526202688E+018,"3 : 0.9670647, 3 : 0.0022538996, 3 : 0.00090563187",2
2.04563888824607E+018,"3 : 0.53381425, 2 : 0.4071406, 7 : 0.015896872",2
2.04426613603342E+018,"3 : 0.055601187, 3 : 0.050272748, 7 : 0.048769973",2
2.04300856428224E+018,"3 : 0.7642521, 3 : 0.058446668, 3 : 0.030989338",2
2.04300667336406E+018,"3 : 0.35343638, 7 : 0.06924949, 12 : 0.041881226",2
2.04236968638502E+018,"7 : 0.24287936, 7 : 0.08686206, 7 : 0.063458644",2
2.04236150772906E+018,"3 : 0.38330868, 3 : 0.27578232, 3 : 0.03718746",2
2.04226973595491E+018,"3 : 0.095667146, 3 : 0.071851805, 9 : 0.05134544",2
2.04205644686393E+018,"3 : 0.51744056, 3 : 0.13026647, 3 : 0.08342574",2
2.04130287809979E+018,"3 : 0.48847458, 3 : 0.13683572, 3 : 0.08925155",2
2.04129540357316E+018,"3 : 0.8808579, 3 : 0.013491991, 3 : 0.010891399",2
2.04082910552541E+018,"3 : 0.20555961, 3 : 0.12666884, 3 : 0.11132676",2
2.03991940383684E+018,"3 : 0.6999189, 3 : 0.02837667, 3 : 0.02642833",2
2.03985585008995E+018,"3 : 0.53381425, 2 : 0.4071406, 7 : 0.015896872",2
2.03875390141212E+018,"3 : 0.8297914, 7 : 0.024282817, 7 : 0.014924796",2
2.03838551054138E+018,"3 : 0.76994795, 3 : 0.15381244, 3 : 0.0073784",2
2.03838434408865E+018,"3 : 0.40283188, 3 : 0.3879616, 3 : 0.06955275",2
2.03778514036463E+018,"3 : 0.95554245, 3 : 0.0005599934, 3 : 0.00051262695",2
2.03719135029808E+018,"13 : 0.24446742, 7 : 0.10824242, 3 : 0.040579025",2
2.03695840398241E+018,"3 : 0.40571263, 3 : 0.36405462, 3 : 0.021012545",2
2.03557478213872E+018,"3 : 0.8647934, 3 : 0.006273995, 3 : 0.0050297207",2
2.03477615704529E+018,"3 : 0.2715426, 7 : 0.1962376, 6 : 0.11027102",2
2.03376558585026E+018,"3 : 0.96487933, 3 : 0.00043496842, 3 : 0.00029845402",2
2.03362786119927E+018,"7 : 0.7656447, 3 : 0.08222324, 12 : 0.026079778",2
2.03349803479845E+018,"7 : 0.17033908, 4 : 0.058436546, 3 : 0.0545396",2
2.03336161143654E+018,"3 : 0.75258213, 3 : 0.030247487, 3 : 0.011836702",2
2.03260199723801E+018,"3 : 0.9200436, 3 : 0.017604006, 3 : 0.0050949347",2
2.03195887624215E+018,"3 : 0.6810945, 3 : 0.16770798, 2 : 0.017463434",2
2.03185109834136E+018,"3 : 0.8828627, 3 : 0.019345373, 3 : 0.0057973503",2
2.03183588966071E+018,"3 : 0.96489, 3 : 0.001118329, 3 : 0.0009027125",2
2.03139713074183E+018,"2 : 0.21802755, 3 : 0.13211988, 8 : 0.041991234",2
2.03113996683193E+018,"3 : 0.7118172, 6 : 0.12091392, 7 : 0.039171606",2
2.03083471815431E+018,"3 : 0.2893699, 3 : 0.2283074, 3 : 0.05588517",2
2.03080481360566E+018,"3 : 0.5403249, 3 : 0.025670156, 3 : 0.012789331",2
2.03072873091024E+018,"3 : 0.31450072, 3 : 0.21954557, 3 : 0.05894513",2
2.02898610778306E+018,"3 : 0.4336969, 3 : 0.18879907, 3 : 0.03470867",2
2.02827042721554E+018,"3 : 0.48590383, 2 : 0.090965286, 3 : 0.08737407",2
2.02708649000298E+018,"3 : 0.9839806, 3 : 0.00032824007, 3 : 0.00023338544",2
2.02636498991399E+018,"3 : 0.88373214, 3 : 0.036359634, 3 : 0.03510307",2
2.02472971142406E+018,"3 : 0.50530946, 3 : 0.12749094, 2 : 0.0758043",2
2.02286377718408E+018,"3 : 0.4705558, 2 : 0.16201055, 7 : 0.030825976",2
2.02280711467029E+018,"3 : 0.8598181, 3 : 0.03321864, 3 : 0.016469665",2
2.02214634699765E+018,"3 : 0.95671445, 3 : 0.0044958782, 3 : 0.0031380735",2
2.0218030907109E+018,"3 : 0.16494513, 3 : 0.06270422, 7 : 0.037190635",2
2.02138344634277E+018,"3 : 0.7356125, 2 : 0.053860407, 3 : 0.03891915",2
2.02138115037179E+018,"3 : 0.31246296, 3 : 0.10683522, 3 : 0.039543398",2
2.02100357516685E+018,"3 : 0.8599281, 3 : 0.002753333, 3 : 0.0020826748",2
2.02043157311693E+018,"3 : 0.55364233, 3 : 0.09897283, 3 : 0.050987456",2
2.01985003299304E+018,"3 : 0.2244561, 3 : 0.19723827, 3 : 0.12864256",2
2.0196490991139E+018,"3 : 0.5590253, 3 : 0.17912085, 3 : 0.0105223125",2
2.01962848055282E+018,"3 : 0.31989744, 3 : 0.2302092, 3 : 0.08885985",2
2.01894283575691E+018,"3 : 0.18285874, 3 : 0.073692635, 3 : 0.043762323",2
2.01818915461069E+018,"3 : 0.17299107, 7 : 0.0705538, 3 : 0.0442662",2
2.01750480176121E+018,"3 : 0.6749895, 3 : 0.0934267, 3 : 0.016468382",2
2.0174176724859E+018,"3 : 0.23888211, 3 : 0.22396225, 3 : 0.13565",2
2.0160989993472E+018,"3 : 0.8733419, 12 : 0.048650652, 9 : 0.005055496",2
2.01599307641099E+018,"2 : 0.75011677, 11 : 0.025812194, 7 : 0.020511784",2
2.01523525287762E+018,"3 : 0.116982, 3 : 0.029275022, 10 : 0.028376315",2
2.01383327675185E+018,"3 : 0.9837765, 3 : 0.002240891, 3 : 0.0005762777",2
2.01383201940784E+018,"3 : 0.56969583, 3 : 0.3120006, 3 : 0.053223625",2
2.01381694225238E+018,"3 : 0.1886465, 3 : 0.12540025, 3 : 0.086151645",2
2.01320682091637E+018,"7 : 0.5185644, 3 : 0.2652973, 3 : 0.02928386",2
2.01310690978492E+018,"3 : 0.73101664, 2 : 0.118432604, 3 : 0.024060136",2
2.0130905236878E+018,"3 : 0.8244066, 2 : 0.06633137, 3 : 0.0162619",2
2.01246320656111E+018,"3 : 0.90162235, 3 : 0.02270512, 3 : 0.0052813217",2
2.01232704639229E+018,"3 : 0.858661, 3 : 0.019459695, 3 : 0.009555551",2
2.01173865649175E+018,"3 : 0.62891716, 3 : 0.0638671, 3 : 0.062391814",2
2.01173790982195E+018,"3 : 0.14085586, 3 : 0.11305896, 9 : 0.088678055",2
2.01173674610384E+018,"3 : 0.1411703, 3 : 0.12741292, 3 : 0.07977624",2
2.01173548447386E+018,"3 : 0.9081276, 3 : 0.013371704, 3 : 0.004758391",2
2.01173460815811E+018,"3 : 0.5137524, 3 : 0.109804675, 3 : 0.07386491",2
2.01170006499427E+018,"3 : 0.23949105, 3 : 0.21570244, 3 : 0.06204746",2
2.01169914173572E+018,"3 : 0.14726485, 3 : 0.071995154, 3 : 0.041958794",2
2.01167438944506E+018,"3 : 0.1993876, 3 : 0.090685666, 3 : 0.059203293",2
2.01160341942219E+018,"3 : 0.5020996, 3 : 0.22490923, 6 : 0.025872814",2
2.01160220692441E+018,"3 : 0.69887406, 7 : 0.057085603, 3 : 0.054437608",2
2.01121534619077E+018,"3 : 0.41335618, 3 : 0.3440874, 6 : 0.033344112",2
2.0103368252031E+018,"3 : 0.31731495, 3 : 0.18119882, 3 : 0.17294548",2
2.01024609203933E+018,"3 : 0.9309493, 3 : 0.009375723, 3 : 0.0032162713",2
2.0102377314659E+018,"3 : 0.93098515, 3 : 0.0050222445, 3 : 0.0030713459",2
2.01020704414277E+018,"3 : 0.30758885, 3 : 0.1869514, 3 : 0.17160754",2
2.01011436279959E+018,"3 : 0.25813884, 3 : 0.16981257, 3 : 0.13188824",2
2.00951689956339E+018,"3 : 0.2086525, 3 : 0.04742934, 3 : 0.038464475",2
2.00942009138646E+018,"3 : 0.4179246, 3 : 0.12770401, 3 : 0.041285675",2
2.00877775681431E+018,"3 : 0.9745024, 3 : 0.001755699, 3 : 0.0012518592",2
2.00875448294842E+018,"3 : 0.267308, 3 : 0.15814774, 3 : 0.090535305",2
2.00875015664143E+018,"3 : 0.97086406, 3 : 0.002925336, 3 : 0.0014496144",2
2.0087300238228E+018,"3 : 0.62770694, 3 : 0.27981353, 3 : 0.061475728",2
2.00871275054633E+018,"3 : 0.9378281, 3 : 0.0032862988, 3 : 0.0031257446",2
2.00869856854768E+018,"7 : 0.12249971, 3 : 0.08776796, 3 : 0.07397086",2
2.00843326073336E+018,"3 : 0.490464, 3 : 0.1741085, 3 : 0.059100654",2
2.00842345739547E+018,"3 : 0.28925893, 3 : 0.04790153, 3 : 0.040705774",2
2.00837500659082E+018,"3 : 0.7118289, 3 : 0.10516437, 3 : 0.056381367",2
2.0083697070457E+018,"3 : 0.6269308, 3 : 0.29442587, 3 : 0.037622772",2
2.00835768794881E+018,"3 : 0.5177185, 3 : 0.4498351, 3 : 0.000965927",2
2.00835661575881E+018,"3 : 0.6162612, 3 : 0.31306878, 3 : 0.014539957",2
2.00834318599979E+018,"3 : 0.90515935, 3 : 0.009959564, 3 : 0.005350138",2
2.00833118646562E+018,"5 : 0.2708636, 3 : 0.09709128, 5 : 0.07842629",2
2.00832688748847E+018,"3 : 0.97653496, 3 : 0.0053471336, 3 : 0.0003811951",2
2.00831941931207E+018,"3 : 0.29940438, 3 : 0.25506788, 3 : 0.045679845",2
2.00831941934571E+018,"3 : 0.29940438, 3 : 0.25506788, 3 : 0.045679845",2
2.00829232625584E+018,"3 : 0.21489309, 7 : 0.17510867, 2 : 0.08510582",2
2.0082545717316E+018,"10 : 0.2330222, 3 : 0.15131581, 3 : 0.12935127",2
2.0072645034287E+018,"14 : 0.24109347, 3 : 0.11039453, 14 : 0.099535316",2
2.00720254046394E+018,"3 : 0.14683063, 14 : 0.09693779, 7 : 0.037445504",2
2.00718712762999E+018,"3 : 0.24423335, 14 : 0.12013232, 3 : 0.11246617",2
2.00679489323972E+018,"3 : 0.43565112, 3 : 0.15223348, 7 : 0.11266368",2
2.00667010343451E+018,"3 : 0.8906477, 3 : 0.013875468, 3 : 0.011071522",2
2.00662408992316E+018,"3 : 0.47053522, 3 : 0.0824083, 3 : 0.045947004",2
2.00657701832332E+018,"3 : 0.60823905, 3 : 0.28840825, 3 : 0.07154205",2
2.0058930786546E+018,"3 : 0.7931563, 3 : 0.039797544, 3 : 0.026505204",2
2.00586221080847E+018,"3 : 0.591429, 3 : 0.049481668, 3 : 0.048220303",2
2.00581540130211E+018,"3 : 0.7892652, 3 : 0.03980125, 3 : 0.027471364",2
2.00579826049872E+018,"3 : 0.2442586, 3 : 0.1272563, 3 : 0.07956285",2
2.00542686597744E+018,"3 : 0.56921977, 3 : 0.06000668, 9 : 0.040914837",2
2.00530037774776E+018,"3 : 0.50922656, 3 : 0.29570195, 2 : 0.036299124",2
2.00508317304767E+018,"3 : 0.21141809, 3 : 0.18530643, 5 : 0.07593846",2
2.00444978866734E+018,"7 : 0.34910402, 2 : 0.061953742, 3 : 0.03635141",2
2.00436812951109E+018,"3 : 0.60906386, 3 : 0.112487584, 3 : 0.06589804",2
2.00378036591254E+018,"13 : 0.11630873, 7 : 0.04488135, 7 : 0.025005583",2
2.00370382238108E+018,"3 : 0.19355494, 3 : 0.18459588, 3 : 0.07003787",2
2.00369211695109E+018,"3 : 0.963742, 3 : 0.0036175617, 3 : 0.0011547386",2
2.0036455470317E+018,"3 : 0.5484139, 3 : 0.16108714, 3 : 0.029253926",2
2.00358814104368E+018,"13 : 0.20934968, 6 : 0.08496559, 7 : 0.061319612",2
2.00325902229708E+018,"3 : 0.36318046, 3 : 0.13488753, 3 : 0.03921109",2
2.00325707223926E+018,"3 : 0.87576884, 3 : 0.0066039013, 3 : 0.0059068603",2
2.00324275505628E+018,"3 : 0.8325695, 3 : 0.010227232, 13 : 0.0022796765",2
2.00323481341209E+018,"3 : 0.9381254, 3 : 0.0029827894, 3 : 0.0021594749",2
2.00316508640412E+018,"3 : 0.9411346, 3 : 0.005130326, 3 : 0.004503938",2
2.00295673689514E+018,"3 : 0.64631236, 2 : 0.06302394, 3 : 0.051550582",2
2.0029036763996E+018,"3 : 0.251969, 3 : 0.18517022, 3 : 0.05924147",2
2.00216250349817E+018,"3 : 0.35810706, 3 : 0.14764123, 3 : 0.096309796",2
1.9908436860126E+018,"3 : 0.9545868, 2 : 0.0006838203, 3 : 0.0006329903",2
1.84452476933492E+018,"3 : 0.20255232, 2 : 0.16967182, 12 : 0.13705212",2
1.60801514737298E+018,"7 : 0.19800715, 3 : 0.109305054, 2 : 0.08230106",2
1.60790704327269E+018,"3 : 0.74996424, 3 : 0.07007152, 3 : 0.01954406",2
1.60724957191871E+018,"3 : 0.3860714, 3 : 0.17240678, 3 : 0.1187199",2
1.60520334121871E+018,"3 : 0.427024, 3 : 0.08542871, 3 : 0.02947088",2
1.60509051780513E+018,"3 : 0.3633741, 3 : 0.084919214, 3 : 0.07738537",2
1.60478926217975E+018,"7 : 0.26088417, 8 : 0.048219107, 13 : 0.040847503",2
1.60441000160274E+018,"3 : 0.8635796, 3 : 0.01107986, 3 : 0.009562533",2
1.60355492152146E+018,"3 : 0.53346753, 3 : 0.13813204, 3 : 0.096828565",2
1.60314768680648E+018,"3 : 0.31346714, 3 : 0.2163439, 3 : 0.08576992",2
1.60292909916074E+018,"3 : 0.3360866, 3 : 0.25782517, 12 : 0.13433109",2
1.60285065456118E+018,"3 : 0.4462164, 2 : 0.13458169, 3 : 0.029490206",2
1.60209212956356E+018,"3 : 0.50356364, 3 : 0.2309113, 3 : 0.028074807",2
1.60208751989811E+018,"3 : 0.9296249, 3 : 0.0145177655, 3 : 0.01426376",2
1.60137037712014E+018,"3 : 0.23496585, 3 : 0.17350964, 3 : 0.16143954",2
1.60076165301651E+018,"3 : 0.63991135, 3 : 0.03549287, 3 : 0.028858237",2
1.60009905959543E+018,"3 : 0.7840947, 3 : 0.1203188, 3 : 0.019760886",2
1.99495507721263E+018,"3 : 0.20540804, 3 : 0.13380842, 3 : 0.07752188",2
1.70657402790345E+018,"3 : 0.9122142, 3 : 0.009740696, 3 : 0.0013807027",2
1.92778837253506E+018,"3 : 0.88887286, 3 : 0.014312549, 3 : 0.006656915",2
1.93599090808148E+018,"3 : 0.6680528, 3 : 0.054520354, 3 : 0.035528094",2
1.95374310613564E+018,"3 : 0.19317822, 3 : 0.18550885, 3 : 0.0419655",2
1.8711773102638E+018,"3 : 0.8526419, 3 : 0.009365207, 3 : 0.009241783",2
1.81090872365496E+018,"3 : 0.296357, 3 : 0.13229741, 3 : 0.058258396",2
1.64155034654123E+018,"3 : 0.9116001, 3 : 0.009972607, 3 : 0.004814203",2
1.4778126452977E+018,"3 : 0.5961002, 3 : 0.1811746, 3 : 0.028957445",2
1.9893126215903E+018,"3 : 0.9663276, 3 : 0.00032527608, 3 : 0.00031914533",2
1.96341218726375E+018,"3 : 0.9394685, 3 : 0.0028922104, 3 : 0.0008282119",2
2.14594481714653E+018,"12 : 0.22372887, 12 : 0.17656896, 2 : 0.06462438",2
2.07789807711891E+018,"12 : 0.093295075, 2 : 0.089487664, 2 : 0.060845863",2
2.06780786322918E+018,"9 : 0.11438617, 12 : 0.09161232, 9 : 0.039212007",2
2.06753254481968E+018,"12 : 0.27336717, 13 : 0.12398489, 12 : 0.06582848",2
2.06318061417924E+018,"13 : 0.6115792, 12 : 0.13036767, 12 : 0.03670868",2
2.06233404928849E+018,"12 : 0.46233103, 2 : 0.03580918, 12 : 0.029149983",2
2.05828767626822E+018,"6 : 0.9590078, 6 : 0.0029904442, 6 : 0.0009618274",2
2.03541857444647E+018,"7 : 0.5504335, 7 : 0.03790311, 7 : 0.019716125",2
1.97721285799301E+018,"5 : 0.10002241, 2 : 0.09144302, 12 : 0.059288144",2
1.97721037495719E+018,"13 : 0.24841163, 2 : 0.09184742, 2 : 0.0483084",2
1.9761300397461E+018,"3 : 0.66509575, 3 : 0.21554188, 3 : 0.033455316",2
1.97433595597224E+018,"12 : 0.15335138, 2 : 0.10881768, 2 : 0.06659127",2
1.97360721142281E+018,"12 : 0.19155231, 2 : 0.042520117, 4 : 0.03990475",2
1.95613826381284E+018,"5 : 0.3382124, 12 : 0.09998274, 3 : 0.06323103",2
1.95097689876885E+018,"12 : 0.15816766, 3 : 0.15401904, 2 : 0.056963902",2
1.94426351464223E+018,"6 : 0.23951003, 6 : 0.166151, 6 : 0.11593557",2
1.94385449130219E+018,"2 : 0.9448804, 2 : 0.033694685, 4 : 0.0068453597",2
1.94085924854608E+018,"3 : 0.35776332, 7 : 0.19080083, 2 : 0.027948126",2
1.89770053190913E+018,"2 : 0.31292042, 2 : 0.10535041, 2 : 0.051086824",2
1.87918310235085E+018,"2 : 0.24768668, 12 : 0.19155858, 6 : 0.15623973",2
1.86555453828362E+018,"12 : 0.27042946, 12 : 0.16254163, 2 : 0.070812225",2
1.85394752538027E+018,"2 : 0.07330924, 12 : 0.04858334, 7 : 0.042004496",2
1.8060520149339E+018,"7 : 0.11395405, 7 : 0.07002652, 13 : 0.04937411",2
1.80446819742628E+018,"1 : 0.81568515, 4 : 0.061545078, 13 : 0.022935413",2
1.80090300112712E+018,"3 : 0.1398115, 7 : 0.0990698, 3 : 0.060657486",2
1.80028839460367E+018,"12 : 0.4024628, 12 : 0.16613485, 12 : 0.0967014",2
1.80011243063946E+018,"2 : 0.6859908, 2 : 0.055794332, 12 : 0.033412263",2
1.79957860058916E+018,"12 : 0.9269548, 12 : 0.0057239486, 2 : 0.0035927235",2
1.79946906425225E+018,"12 : 0.34094253, 9 : 0.27380848, 12 : 0.032625552",2
1.79869435716064E+018,"9 : 0.20676805, 12 : 0.14581028, 2 : 0.06367018",2
1.79862760930816E+018,"12 : 0.5954506, 12 : 0.041291174, 2 : 0.040880874",2
1.79854607500127E+018,"12 : 0.11894766, 2 : 0.09596604, 12 : 0.07617559",2
1.79854471423468E+018,"6 : 0.08158589, 7 : 0.077236384, 2 : 0.07465599",2
1.79853184471703E+018,"12 : 0.5906085, 2 : 0.04795012, 4 : 0.046563864",2
1.79816682843104E+018,"12 : 0.69594985, 13 : 0.051139023, 12 : 0.046988804",2
1.79786106276498E+018,"2 : 0.551557, 2 : 0.19726667, 2 : 0.03470968",2
1.79359361867453E+018,"2 : 0.50061023, 12 : 0.08792001, 12 : 0.07369288",2
1.79278729740246E+018,"4 : 0.66350234, 7 : 0.1594435, 2 : 0.0122564705",2
1.7699169788622E+018,"2 : 0.55544585, 2 : 0.098301545, 12 : 0.022492757",2
1.69599079481061E+018,"7 : 0.3496245, 14 : 0.084771395, 13 : 0.026513962",2
1.69529794812734E+018,"12 : 0.16629405, 13 : 0.10648139, 13 : 0.06547306",2
1.69451946188299E+018,"12 : 0.1637478, 12 : 0.06871738, 13 : 0.04302474",2
1.69383917722299E+018,"2 : 0.35897136, 2 : 0.07648964, 2 : 0.0709042",2
1.69307388936489E+018,"2 : 0.16716689, 2 : 0.16412145, 2 : 0.044925172",2
1.69303499670685E+018,"13 : 0.05720753, 12 : 0.030765919, 2 : 0.026365872",2
1.69232898057197E+018,"13 : 0.6773775, 12 : 0.03222447, 7 : 0.024100168",2
1.69205734829174E+018,"4 : 0.221088, 10 : 0.022137547, 2 : 0.016202506",2
1.69166936728654E+018,"13 : 0.15872462, 13 : 0.12720065, 2 : 0.0448991",2
1.64673665955713E+018,"7 : 0.18001978, 13 : 0.15136714, 7 : 0.046430193",2
1.6430135168839E+018,"13 : 0.1378948, 13 : 0.089850076, 7 : 0.04319233",2
1.64231070999428E+018,"2 : 0.12268834, 3 : 0.05724431, 2 : 0.057013877",2
1.64166728492818E+018,"3 : 0.11826705, 7 : 0.069239266, 2 : 0.03053988",2
1.64142311520807E+018,"12 : 0.67263967, 12 : 0.2861498, 3 : 0.018763611",2
1.63860627759066E+018,"2 : 0.15494144, 3 : 0.1459375, 7 : 0.02712914",2
1.60748777670907E+018,"2 : 0.12098731, 7 : 0.098739386, 12 : 0.069109544",2
1.60680335021577E+018,"3 : 0.52669466, 2 : 0.083070375, 2 : 0.035465315",2
1.60431637100368E+018,"2 : 0.45887792, 12 : 0.103371926, 7 : 0.08310568",2
1.5898918809789E+018,"9 : 0.30615172, 12 : 0.2629297, 4 : 0.1476622",2
1.57623500666041E+018,"12 : 0.35012805, 7 : 0.18317418, 7 : 0.053267874",2
1.5712929575111E+018,"2 : 0.4264013, 7 : 0.16906857, 12 : 0.04653851",2
1.5601075665989E+018,"6 : 0.9253485, 6 : 0.022316238, 7 : 0.001457163",2
1.55494859565535E+018,"2 : 0.95426786, 3 : 0.009749147, 2 : 0.0026806016",2
1.55104109915252E+018,"7 : 0.27482003, 12 : 0.25470105, 12 : 0.08123471",2
1.55002390062337E+018,"12 : 0.6983414, 12 : 0.10888088, 12 : 0.020185683",2
1.52093895314985E+018,"4 : 0.8037074, 9 : 0.035750728, 13 : 0.0353276",2
1.48846647092474E+018,"5 : 0.13669798, 9 : 0.08875292, 12 : 0.07335346",2
1.47613576437065E+018,"4 : 0.16434194, 12 : 0.09409357, 2 : 0.039886676",2
1.47118536775098E+018,"2 : 0.12716755, 2 : 0.10504038, 12 : 0.08912881",2
1.46515693922244E+018,"2 : 0.09867416, 12 : 0.04481728, 8 : 0.03972263",2
2.19974697555406E+018,"7 : 0.17124161, 7 : 0.11261068, 7 : 0.073839314",2
2.16487878062827E+018,"3 : 0.8831211, 3 : 0.019204536, 3 : 0.009460218",2
2.14426731455681E+018,"3 : 0.93257314, 3 : 0.0004484499, 6 : 0.00043512162",2
2.14209632897356E+018,"3 : 0.6040006, 3 : 0.12144016, 3 : 0.0399138",2
2.12497930715684E+018,"3 : 0.9327337, 4 : 0.01600511, 7 : 0.009956235",2
2.12260664970487E+018,"1 : 0.64939535, 1 : 0.106411986, 11 : 0.019948786",2
2.12211377032227E+018,"3 : 0.48010138, 3 : 0.11969026, 3 : 0.088096485",2
2.11121723355191E+018,"6 : 0.6572246, 6 : 0.070612356, 6 : 0.015896972",2
2.09239995419994E+018,"2 : 0.16811803, 7 : 0.06504181, 3 : 0.03813789",2
2.08960658915888E+018,"2 : 0.53116304, 3 : 0.17547005, 13 : 0.02749622",2
2.08214437966708E+018,"3 : 0.14879054, 3 : 0.07834842, 3 : 0.05460877",2
2.07684596025373E+018,"3 : 0.35308594, 3 : 0.21318536, 3 : 0.051703304",2
2.0721250257938E+018,"14 : 0.6794355, 7 : 0.024079729, 7 : 0.012915399",2
2.06251014105342E+018,"6 : 0.93905026, 6 : 0.0053762444, 6 : 0.0009804164",2
2.04738622216424E+018,"3 : 0.19395858, 3 : 0.18879618, 3 : 0.1777312",2
2.04581280201636E+018,"3 : 0.9699547, 3 : 0.003520941, 3 : 0.0033032203",2
2.04458024262808E+018,"3 : 0.82689416, 3 : 0.0445283, 3 : 0.020384666",2
2.03940828686556E+018,"3 : 0.9350388, 3 : 0.008832619, 3 : 0.005014125",2
2.01986582833934E+018,"3 : 0.31739733, 3 : 0.21274652, 3 : 0.08772497",2
2.01114871200621E+018,"3 : 0.9207105, 3 : 0.009713676, 3 : 0.00094435154",2
2.00090710145048E+018,"3 : 0.25279373, 7 : 0.10414047, 3 : 0.028902084",2
1.99528345910406E+018,"9 : 0.36527416, 2 : 0.13093445, 2 : 0.115238026",2
1.99159128424191E+018,"3 : 0.33334625, 3 : 0.21530774, 12 : 0.0394314",2
1.97857338604995E+018,"3 : 0.616916, 3 : 0.2925025, 3 : 0.0096791815",2
1.97204917277829E+018,"3 : 0.64186704, 3 : 0.10174172, 3 : 0.03662183",2
1.96456578547293E+018,"3 : 0.3197441, 3 : 0.1602669, 3 : 0.06210051",2
1.95877421811623E+018,"3 : 0.67259806, 3 : 0.24596597, 3 : 0.016693024",2
1.95541877217437E+018,"7 : 0.0796162, 7 : 0.07549709, 13 : 0.061421268",2
1.94897688364462E+018,"2 : 0.6938145, 2 : 0.17230053, 2 : 0.013403559",2
1.9452819515159E+018,"13 : 0.45557827, 8 : 0.18122672, 3 : 0.030968374",2
1.92783754787927E+018,"3 : 0.3237891, 3 : 0.23501071, 3 : 0.15120366",2
1.91850429484846E+018,"7 : 0.33025527, 7 : 0.03596849, 7 : 0.032411985",2
1.90682572590277E+018,"3 : 0.6420563, 3 : 0.030988561, 3 : 0.026755573",2
1.8973996007808E+018,"3 : 0.36603376, 3 : 0.052175928, 3 : 0.04434759",2
1.8906934063226E+018,"2 : 0.39704835, 7 : 0.05457359, 3 : 0.046305954",2
1.88366260678412E+018,"3 : 0.49778268, 3 : 0.11908683, 3 : 0.050418504",2
1.87992042570446E+018,"3 : 0.26408696, 3 : 0.13703911, 7 : 0.039511174",2
1.87871708746037E+018,"9 : 0.09065112, 14 : 0.047946252, 7 : 0.041228913",2
1.86915978138875E+018,"3 : 0.85446185, 3 : 0.020627495, 3 : 0.017208591",2
1.8684060331252E+018,"7 : 0.04797701, 13 : 0.029672954, 7 : 0.026764732",2
1.86413661694189E+018,"14 : 0.22766568, 3 : 0.13194235, 2 : 0.023516724",2
1.85171315413422E+018,"8 : 0.38902968, 8 : 0.20401356, 8 : 0.070102684",2
1.84601654771468E+018,"3 : 0.301596, 2 : 0.17996019, 2 : 0.029727701",2
1.83883063739636E+018,"2 : 0.08970718, 2 : 0.060425464, 12 : 0.046796877",2
1.83300607679524E+018,"3 : 0.69865614, 2 : 0.2642391, 7 : 0.0040218476",2
1.83271978411499E+018,"3 : 0.5713676, 3 : 0.113542005, 3 : 0.06202731",2
1.82059921897099E+018,"1 : 0.5086613, 13 : 0.24270451, 1 : 0.028467186",2
1.8141689662369E+018,"6 : 0.4295046, 6 : 0.17084683, 6 : 0.0702432",2
1.81164962036974E+018,"13 : 0.58912104, 1 : 0.02335732, 4 : 0.013518577",2
1.80320074162241E+018,"1 : 0.3335126, 4 : 0.14343502, 9 : 0.075018585",2
1.79551299739999E+018,"7 : 0.2987282, 2 : 0.0731038, 7 : 0.06251331",2
1.79302205499824E+018,"3 : 0.82392293, 13 : 0.04298736, 7 : 0.03946959",2
1.78800532753165E+018,"3 : 0.660183, 3 : 0.1502935, 9 : 0.022558585",2
1.78261485661084E+018,"10 : 0.43324426, 7 : 0.08538354, 7 : 0.06766786",2
1.77462096735441E+018,"7 : 0.5540395, 7 : 0.027625162, 2 : 0.022317795",2
1.75872738941972E+018,"2 : 0.55322224, 2 : 0.19585553, 4 : 0.06052079",2
1.74592638365984E+018,"8 : 0.5105014, 8 : 0.36841255, 8 : 0.04941783",2
1.73976810053727E+018,"3 : 0.31091434, 14 : 0.08545148, 3 : 0.055650357",2
1.73181292833795E+018,"3 : 0.33696273, 3 : 0.32866234, 3 : 0.09386241",2
1.72494968218535E+018,"7 : 0.30025175, 2 : 0.22680601, 3 : 0.07353114",2
1.71777804556923E+018,"3 : 0.33262983, 3 : 0.12397091, 3 : 0.123670265",2
1.71337572012797E+018,"3 : 0.31291333, 3 : 0.3119469, 3 : 0.06470116",2
1.71314796380869E+018,"3 : 0.62124044, 3 : 0.2775012, 3 : 0.0031497874",2
1.70907695009995E+018,"3 : 0.443706, 3 : 0.22236612, 3 : 0.11721722",2
1.70021674126174E+018,"3 : 0.7597017, 3 : 0.029745806, 3 : 0.028435301",2
1.69794321708419E+018,"3 : 0.10678723, 3 : 0.08636425, 3 : 0.044193324",2
1.69284414193316E+018,"3 : 0.8894355, 3 : 0.01056047, 7 : 0.006543055",2
1.67614257318431E+018,"6 : 0.071522936, 3 : 0.05616966, 2 : 0.03478472",2
1.67109045121272E+018,"1 : 0.94823945, 1 : 0.024506148, 12 : 0.0020143583",2
1.65537166195383E+018,"3 : 0.9496795, 3 : 0.0137551315, 3 : 0.0045294273",2
1.65315943146417E+018,"3 : 0.70042115, 3 : 0.036634054, 3 : 0.02211771",2
1.65153948110012E+018,"3 : 0.99102545, 3 : 0.00089835696, 3 : 0.00035941234",2
1.62708046330176E+018,"3 : 0.9288351, 3 : 0.0029001608, 3 : 0.00095890585",2
1.6083209110256E+018,"7 : 0.17428036, 7 : 0.13246253, 7 : 0.05164532",2
1.60608625907199E+018,"12 : 0.22525679, 3 : 0.14379168, 7 : 0.09144228",2
1.60037710321033E+018,"3 : 0.6219679, 3 : 0.22775213, 3 : 0.019303853",2
1.59526892743569E+018,"3 : 0.852981, 7 : 0.01950509, 6 : 0.017768783",2
1.58513577680141E+018,"3 : 0.8177163, 3 : 0.087486655, 12 : 0.010012264",2
1.57779798381433E+018,"6 : 0.2706898, 6 : 0.097930394, 6 : 0.09129274",2
1.57097459013256E+018,"3 : 0.46330845, 3 : 0.103943415, 2 : 0.042975277",2
1.56742347997671E+018,"7 : 0.25372684, 3 : 0.18608285, 7 : 0.066446446",2
1.55909621830261E+018,"3 : 0.717847, 12 : 0.09353681, 6 : 0.0317934",2
1.55606459467321E+018,"3 : 0.273202, 2 : 0.025386916, 7 : 0.023478713",2
1.54970850445678E+018,"3 : 0.1061955, 3 : 0.07257637, 5 : 0.054143615",2
1.54565762798676E+018,"3 : 0.8898146, 3 : 0.011781845, 3 : 0.007421896",2
1.54277579351648E+018,"3 : 0.85526705, 3 : 0.026267, 3 : 0.0028856",2
1.53771915208068E+018,"3 : 0.8424391, 12 : 0.015469497, 8 : 0.015271981",2
1.53066469265749E+018,"12 : 0.40187258, 2 : 0.08221838, 13 : 0.07876365",2
1.5288886838432E+018,"3 : 0.10422377, 2 : 0.099724874, 7 : 0.06844382",2
1.51985472263777E+018,"3 : 0.826113, 3 : 0.07883182, 3 : 0.014028105",2
1.51304098498319E+018,"3 : 0.6137986, 3 : 0.11531361, 3 : 0.043918006",2
1.50608294688839E+018,"12 : 0.45869458, 12 : 0.13341728, 2 : 0.044566724",2
1.49810240209477E+018,"3 : 0.5956873, 3 : 0.09393744, 3 : 0.049797345",2
1.48842125967413E+018,"7 : 0.342477, 2 : 0.22745585, 2 : 0.21713802",2
1.48189484153286E+018,"2 : 0.12203054, 8 : 0.10529596, 3 : 0.088966325",2
1.47103461045551E+018,"2 : 0.58749175, 2 : 0.067745395, 7 : 0.03674661",2
1.46761912976156E+018,"3 : 0.9118822, 3 : 0.023238828, 3 : 0.021870056",2
1.45515113740548E+018,"3 : 0.9328786, 3 : 0.001285876, 13 : 0.0010343444",2
1.44664850733441E+018,"3 : 0.8806935, 13 : 0.0024456908, 3 : 0.0017242376",2
1.43943625470508E+018,"3 : 0.30053276, 3 : 0.12404179, 3 : 0.087445885",2
